// solution (optimal) with objective 7097.0677
// Quality Incumbent solution:
// MILP objective                                7.0970677000e+003
// MILP solution norm |x| (Total, Max)           7.32984e+003 9.23660e+002
// MILP solution error (Ax=b) (Total, Max)       9.23706e-014 4.26326e-014
// MILP x bound error (Total, Max)               0.00000e+000 0.00000e+000
// MILP x integrality error (Total, Max)         0.00000e+000 0.00000e+000
// MILP slack bound error (Total, Max)           1.35003e-013 5.68434e-014
// 

productionquantity = [[[0
                 0 0 0 0 0 0 0 0 0 0 0]
                 [0 0 0 0 0 0 0 0 0 0 0 0]
                 [0 0 0 0 70.048 0 0 70.001 0 0 70 0]]
             [[0 0 0 0 0 0 0 0 0 0 0 0]
                 [0 0 0 0 0 0 0 0 0 0 0 0]
                 [1 0 0 30.005 0 0 0 0 0 0 0 0]]
             [[0 0 0 0 0 0 0 0 0 0 0 0]
                 [0 0 0 0 0 0 0 0 0 0 0 0]
                 [0 0 0 0 0 50.013 50 0 0 50 0 0]]
             [[0 0 0 0 0 0 0 0 0 0 0 0]
                 [0 0 0 0 0 0 0 0 0 0 0 0]
                 [0 0 0 0 0 0 0 0 100 0 0 100]]
             [[0 0 0 0 0 0 0 0 0 0 0 0]
                 [0 0 0 0 100.03 0 0 100 0 100 0 0]
                 [0 0 0 0 0 0 0 0 0 0 0 0]]
             [[0 0 0 0 0 0 0 0 0 0 0 0]
                 [1 0 0 80.017 0 0 80 0 0 0 80 0]
                 [0 0 0 0 0 0 0 0 0 0 0 0]]
             [[0 0 0 0 0 0 0 0 0 0 0 0]
                 [0 0 0 0 0 150.06 0 0 150 0 0 150]
                 [0 0 0 0 0 0 0 0 0 0 0 0]]
             [[1 0 0 0 0 0 100 0 0 99 0 1]
                 [0 0 0 0 0 0 0 0 0 0 0 0]
                 [0 0 0 0 0 0 0 0 0 0 0 0]]
             [[0 0 0 0 0 0 0 0 42.142 0 42.143 0]
                 [0 0 0 0 0 0 0 0 0 0 0 0]
                 [0 0 0 0 0 0 0 0 0 0 0 0]]
             [[0 0 0 0 0 0 0 0 0 0 0 0]
                 [0 0 0 0 0 0 0 0 0 0 0 0]
                 [0 0 0 0 0 0 0 0 0 0 0 0]]];
inventory = [[71.103 0 0 0 0]
             [89.203 60 60 30 0]
             [50.563 0 0 0 0]
             [202.3 100.05 0 0 0]
             [101.31 0 0 0 0]
             [79.765 0 0 0 0]
             [152.81 0 0 0 0]
             [200.33 100.03 0 0 0]
             [637.83 455.76 275.72 137.86 0]
             [923.66 690.08 460 230 0]];
Pchangeover = [[[[0 0 0 0 0 0 0 0 0 0 0 0]
                     [0 0 0 0 0 0 0 0 0 0 0 0]
                     [0 0 0 0 0 0 0 0 0 0 0 0]]
                 [[0 0 0 0 0 0 0 0 0 0 0 0]
                     [0 0 0 0 0 0 0 0 0 0 0 0]
                     [0 0 0 0 0 0 0 0 0 0 0 0]]
                 [[0 0 0 0 0 0 0 0 0 0 0 0]
                     [0 0 0 0 0 0 0 0 0 0 0 0]
                     [0 0 0 0 0 1 0 0 0 0 0 0]]
                 [[0 0 0 0 0 0 0 0 0 0 0 0]
                     [0 0 0 0 0 0 0 0 0 0 0 0]
                     [0 0 0 0 0 0 0 0 1 0 0 1]]
                 [[0 0 0 0 0 0 0 0 0 0 0 0]
                     [0 0 0 0 0 0 0 0 0 0 0 0]
                     [0 0 0 0 0 0 0 0 0 0 0 0]]
                 [[0 0 0 0 0 0 0 0 0 0 0 0]
                     [0 0 0 0 0 0 0 0 0 0 0 0]
                     [0 0 0 0 0 0 0 0 0 0 0 0]]
                 [[0 0 0 0 0 0 0 0 0 0 0 0]
                     [0 0 0 0 0 0 0 0 0 0 0 0]
                     [0 0 0 0 0 0 0 0 0 0 0 0]]
                 [[0 0 0 0 0 0 0 0 0 0 0 0]
                     [0 0 0 0 0 0 0 0 0 0 0 0]
                     [0 0 0 0 0 0 0 0 0 0 0 0]]
                 [[0 0 0 0 0 0 0 0 0 0 0 0]
                     [0 0 0 0 0 0 0 0 0 0 0 0]
                     [0 0 0 0 0 0 0 0 0 0 0 0]]
                 [[0 0 0 0 0 0 0 0 0 0 0 0]
                     [0 0 0 0 0 0 0 0 0 0 0 0]
                     [0 0 0 0 0 0 0 0 0 0 0 0]]]
             [[[0 0 0 0 0 0 0 0 0 0 0 0]
                     [0 0 0 0 0 0 0 0 0 0 0 0]
                     [0 0 0 0 1 0 0 0 0 0 0 0]]
                 [[0 0 0 0 0 0 0 0 0 0 0 0]
                     [0 0 0 0 0 0 0 0 0 0 0 0]
                     [0 1 1 1 0 0 0 0 0 0 0 0]]
                 [[0 0 0 0 0 0 0 0 0 0 0 0]
                     [0 0 0 0 0 0 0 0 0 0 0 0]
                     [0 0 0 0 0 0 0 0 0 0 0 0]]
                 [[0 0 0 0 0 0 0 0 0 0 0 0]
                     [0 0 0 0 0 0 0 0 0 0 0 0]
                     [0 0 0 0 0 0 0 0 0 0 0 0]]
                 [[0 0 0 0 0 0 0 0 0 0 0 0]
                     [0 0 0 0 0 0 0 0 0 0 0 0]
                     [0 0 0 0 0 0 0 0 0 0 0 0]]
                 [[0 0 0 0 0 0 0 0 0 0 0 0]
                     [0 0 0 0 0 0 0 0 0 0 0 0]
                     [0 0 0 0 0 0 0 0 0 0 0 0]]
                 [[0 0 0 0 0 0 0 0 0 0 0 0]
                     [0 0 0 0 0 0 0 0 0 0 0 0]
                     [0 0 0 0 0 0 0 0 0 0 0 0]]
                 [[0 0 0 0 0 0 0 0 0 0 0 0]
                     [0 0 0 0 0 0 0 0 0 0 0 0]
                     [0 0 0 0 0 0 0 0 0 0 0 0]]
                 [[0 0 0 0 0 0 0 0 0 0 0 0]
                     [0 0 0 0 0 0 0 0 0 0 0 0]
                     [0 0 0 0 0 0 0 0 0 0 0 0]]
                 [[0 0 0 0 0 0 0 0 0 0 0 0]
                     [0 0 0 0 0 0 0 0 0 0 0 0]
                     [0 0 0 0 0 0 0 0 0 0 0 0]]]
             [[[0 0 0 0 0 0 0 0 0 0 0 0]
                     [0 0 0 0 0 0 0 0 0 0 0 0]
                     [0 0 0 0 0 0 0 1 0 0 1 0]]
                 [[0 0 0 0 0 0 0 0 0 0 0 0]
                     [0 0 0 0 0 0 0 0 0 0 0 0]
                     [0 0 0 0 0 0 0 0 0 0 0 0]]
                 [[0 0 0 0 0 0 0 0 0 0 0 0]
                     [0 0 0 0 0 0 0 0 0 0 0 0]
                     [0 0 0 0 0 0 1 0 0 0 0 0]]
                 [[0 0 0 0 0 0 0 0 0 0 0 0]
                     [0 0 0 0 0 0 0 0 0 0 0 0]
                     [0 0 0 0 0 0 0 0 0 0 0 0]]
                 [[0 0 0 0 0 0 0 0 0 0 0 0]
                     [0 0 0 0 0 0 0 0 0 0 0 0]
                     [0 0 0 0 0 0 0 0 0 0 0 0]]
                 [[0 0 0 0 0 0 0 0 0 0 0 0]
                     [0 0 0 0 0 0 0 0 0 0 0 0]
                     [0 0 0 0 0 0 0 0 0 0 0 0]]
                 [[0 0 0 0 0 0 0 0 0 0 0 0]
                     [0 0 0 0 0 0 0 0 0 0 0 0]
                     [0 0 0 0 0 0 0 0 0 0 0 0]]
                 [[0 0 0 0 0 0 0 0 0 0 0 0]
                     [0 0 0 0 0 0 0 0 0 0 0 0]
                     [0 0 0 0 0 0 0 0 0 0 0 0]]
                 [[0 0 0 0 0 0 0 0 0 0 0 0]
                     [0 0 0 0 0 0 0 0 0 0 0 0]
                     [0 0 0 0 0 0 0 0 0 0 0 0]]
                 [[0 0 0 0 0 0 0 0 0 0 0 0]
                     [0 0 0 0 0 0 0 0 0 0 0 0]
                     [0 0 0 0 0 0 0 0 0 0 0 0]]]
             [[[0 0 0 0 0 0 0 0 0 0 0 0]
                     [0 0 0 0 0 0 0 0 0 0 0 0]
                     [0 0 0 0 0 0 0 0 0 0 0 0]]
                 [[0 0 0 0 0 0 0 0 0 0 0 0]
                     [0 0 0 0 0 0 0 0 0 0 0 0]
                     [0 0 0 0 0 0 0 0 0 0 0 0]]
                 [[0 0 0 0 0 0 0 0 0 0 0 0]
                     [0 0 0 0 0 0 0 0 0 0 0 0]
                     [0 0 0 0 0 0 0 0 0 1 0 0]]
                 [[0 0 0 0 0 0 0 0 0 0 0 0]
                     [0 0 0 0 0 0 0 0 0 0 0 0]
                     [0 0 0 0 0 0 0 0 0 0 0 0]]
                 [[0 0 0 0 0 0 0 0 0 0 0 0]
                     [0 0 0 0 0 0 0 0 0 0 0 0]
                     [0 0 0 0 0 0 0 0 0 0 0 0]]
                 [[0 0 0 0 0 0 0 0 0 0 0 0]
                     [0 0 0 0 0 0 0 0 0 0 0 0]
                     [0 0 0 0 0 0 0 0 0 0 0 0]]
                 [[0 0 0 0 0 0 0 0 0 0 0 0]
                     [0 0 0 0 0 0 0 0 0 0 0 0]
                     [0 0 0 0 0 0 0 0 0 0 0 0]]
                 [[0 0 0 0 0 0 0 0 0 0 0 0]
                     [0 0 0 0 0 0 0 0 0 0 0 0]
                     [0 0 0 0 0 0 0 0 0 0 0 0]]
                 [[0 0 0 0 0 0 0 0 0 0 0 0]
                     [0 0 0 0 0 0 0 0 0 0 0 0]
                     [0 0 0 0 0 0 0 0 0 0 0 0]]
                 [[0 0 0 0 0 0 0 0 0 0 0 0]
                     [0 0 0 0 0 0 0 0 0 0 0 0]
                     [0 0 0 0 0 0 0 0 0 0 0 0]]]
             [[[0 0 0 0 0 0 0 0 0 0 0 0]
                     [0 0 0 0 0 0 0 0 0 0 0 0]
                     [0 0 0 0 0 0 0 0 0 0 0 0]]
                 [[0 0 0 0 0 0 0 0 0 0 0 0]
                     [0 0 0 0 0 0 0 0 0 0 0 0]
                     [0 0 0 0 0 0 0 0 0 0 0 0]]
                 [[0 0 0 0 0 0 0 0 0 0 0 0]
                     [0 0 0 0 0 0 0 0 0 0 0 0]
                     [0 0 0 0 0 0 0 0 0 0 0 0]]
                 [[0 0 0 0 0 0 0 0 0 0 0 0]
                     [0 0 0 0 0 0 0 0 0 0 0 0]
                     [0 0 0 0 0 0 0 0 0 0 0 0]]
                 [[0 0 0 0 0 0 0 0 0 0 0 0]
                     [0 0 0 0 0 0 0 0 0 0 0 0]
                     [0 0 0 0 0 0 0 0 0 0 0 0]]
                 [[0 0 0 0 0 0 0 0 0 0 0 0]
                     [0 0 0 0 0 0 0 0 0 0 1 0]
                     [0 0 0 0 0 0 0 0 0 0 0 0]]
                 [[0 0 0 0 0 0 0 0 0 0 0 0]
                     [0 0 0 0 0 1 0 0 1 0 0 0]
                     [0 0 0 0 0 0 0 0 0 0 0 0]]
                 [[0 0 0 0 0 0 0 0 0 0 0 0]
                     [0 0 0 0 0 0 0 0 0 0 0 0]
                     [0 0 0 0 0 0 0 0 0 0 0 0]]
                 [[0 0 0 0 0 0 0 0 0 0 0 0]
                     [0 0 0 0 0 0 0 0 0 0 0 0]
                     [0 0 0 0 0 0 0 0 0 0 0 0]]
                 [[0 0 0 0 0 0 0 0 0 0 0 0]
                     [0 0 0 0 0 0 0 0 0 0 0 0]
                     [0 0 0 0 0 0 0 0 0 0 0 0]]]
             [[[0 0 0 0 0 0 0 0 0 0 0 0]
                     [0 0 0 0 0 0 0 0 0 0 0 0]
                     [0 0 0 0 0 0 0 0 0 0 0 0]]
                 [[0 0 0 0 0 0 0 0 0 0 0 0]
                     [0 0 0 0 0 0 0 0 0 0 0 0]
                     [0 0 0 0 0 0 0 0 0 0 0 0]]
                 [[0 0 0 0 0 0 0 0 0 0 0 0]
                     [0 0 0 0 0 0 0 0 0 0 0 0]
                     [0 0 0 0 0 0 0 0 0 0 0 0]]
                 [[0 0 0 0 0 0 0 0 0 0 0 0]
                     [0 0 0 0 0 0 0 0 0 0 0 0]
                     [0 0 0 0 0 0 0 0 0 0 0 0]]
                 [[0 0 0 0 0 0 0 0 0 0 0 0]
                     [0 0 0 0 1 0 0 1 0 0 0 0]
                     [0 0 0 0 0 0 0 0 0 0 0 0]]
                 [[0 0 0 0 0 0 0 0 0 0 0 0]
                     [0 1 1 1 0 0 0 0 0 0 0 0]
                     [0 0 0 0 0 0 0 0 0 0 0 0]]
                 [[0 0 0 0 0 0 0 0 0 0 0 0]
                     [0 0 0 0 0 0 0 0 0 0 0 1]
                     [0 0 0 0 0 0 0 0 0 0 0 0]]
                 [[0 0 0 0 0 0 0 0 0 0 0 0]
                     [0 0 0 0 0 0 0 0 0 0 0 0]
                     [0 0 0 0 0 0 0 0 0 0 0 0]]
                 [[0 0 0 0 0 0 0 0 0 0 0 0]
                     [0 0 0 0 0 0 0 0 0 0 0 0]
                     [0 0 0 0 0 0 0 0 0 0 0 0]]
                 [[0 0 0 0 0 0 0 0 0 0 0 0]
                     [0 0 0 0 0 0 0 0 0 0 0 0]
                     [0 0 0 0 0 0 0 0 0 0 0 0]]]
             [[[0 0 0 0 0 0 0 0 0 0 0 0]
                     [0 0 0 0 0 0 0 0 0 0 0 0]
                     [0 0 0 0 0 0 0 0 0 0 0 0]]
                 [[0 0 0 0 0 0 0 0 0 0 0 0]
                     [0 0 0 0 0 0 0 0 0 0 0 0]
                     [0 0 0 0 0 0 0 0 0 0 0 0]]
                 [[0 0 0 0 0 0 0 0 0 0 0 0]
                     [0 0 0 0 0 0 0 0 0 0 0 0]
                     [0 0 0 0 0 0 0 0 0 0 0 0]]
                 [[0 0 0 0 0 0 0 0 0 0 0 0]
                     [0 0 0 0 0 0 0 0 0 0 0 0]
                     [0 0 0 0 0 0 0 0 0 0 0 0]]
                 [[0 0 0 0 0 0 0 0 0 0 0 0]
                     [0 0 0 0 0 0 0 0 0 1 0 0]
                     [0 0 0 0 0 0 0 0 0 0 0 0]]
                 [[0 0 0 0 0 0 0 0 0 0 0 0]
                     [0 0 0 0 0 0 1 0 0 0 0 0]
                     [0 0 0 0 0 0 0 0 0 0 0 0]]
                 [[0 0 0 0 0 0 0 0 0 0 0 0]
                     [0 0 0 0 0 0 0 0 0 0 0 0]
                     [0 0 0 0 0 0 0 0 0 0 0 0]]
                 [[0 0 0 0 0 0 0 0 0 0 0 0]
                     [0 0 0 0 0 0 0 0 0 0 0 0]
                     [0 0 0 0 0 0 0 0 0 0 0 0]]
                 [[0 0 0 0 0 0 0 0 0 0 0 0]
                     [0 0 0 0 0 0 0 0 0 0 0 0]
                     [0 0 0 0 0 0 0 0 0 0 0 0]]
                 [[0 0 0 0 0 0 0 0 0 0 0 0]
                     [0 0 0 0 0 0 0 0 0 0 0 0]
                     [0 0 0 0 0 0 0 0 0 0 0 0]]]
             [[[0 0 0 0 0 0 0 0 0 0 0 0]
                     [0 0 0 0 0 0 0 0 0 0 0 0]
                     [0 0 0 0 0 0 0 0 0 0 0 0]]
                 [[0 0 0 0 0 0 0 0 0 0 0 0]
                     [0 0 0 0 0 0 0 0 0 0 0 0]
                     [0 0 0 0 0 0 0 0 0 0 0 0]]
                 [[0 0 0 0 0 0 0 0 0 0 0 0]
                     [0 0 0 0 0 0 0 0 0 0 0 0]
                     [0 0 0 0 0 0 0 0 0 0 0 0]]
                 [[0 0 0 0 0 0 0 0 0 0 0 0]
                     [0 0 0 0 0 0 0 0 0 0 0 0]
                     [0 0 0 0 0 0 0 0 0 0 0 0]]
                 [[0 0 0 0 0 0 0 0 0 0 0 0]
                     [0 0 0 0 0 0 0 0 0 0 0 0]
                     [0 0 0 0 0 0 0 0 0 0 0 0]]
                 [[0 0 0 0 0 0 0 0 0 0 0 0]
                     [0 0 0 0 0 0 0 0 0 0 0 0]
                     [0 0 0 0 0 0 0 0 0 0 0 0]]
                 [[0 0 0 0 0 0 0 0 0 0 0 0]
                     [0 0 0 0 0 0 0 0 0 0 0 0]
                     [0 0 0 0 0 0 0 0 0 0 0 0]]
                 [[0 1 1 1 1 1 1 1 0 0 0 0]
                     [0 0 0 0 0 0 0 0 0 0 0 0]
                     [0 0 0 0 0 0 0 0 0 0 0 0]]
                 [[0 0 0 0 0 0 0 0 1 0 1 0]
                     [0 0 0 0 0 0 0 0 0 0 0 0]
                     [0 0 0 0 0 0 0 0 0 0 0 0]]
                 [[0 0 0 0 0 0 0 0 0 0 0 0]
                     [0 0 0 0 0 0 0 0 0 0 0 0]
                     [0 0 0 0 0 0 0 0 0 0 0 0]]]
             [[[0 0 0 0 0 0 0 0 0 0 0 0]
                     [0 0 0 0 0 0 0 0 0 0 0 0]
                     [0 0 0 0 0 0 0 0 0 0 0 0]]
                 [[0 0 0 0 0 0 0 0 0 0 0 0]
                     [0 0 0 0 0 0 0 0 0 0 0 0]
                     [0 0 0 0 0 0 0 0 0 0 0 0]]
                 [[0 0 0 0 0 0 0 0 0 0 0 0]
                     [0 0 0 0 0 0 0 0 0 0 0 0]
                     [0 0 0 0 0 0 0 0 0 0 0 0]]
                 [[0 0 0 0 0 0 0 0 0 0 0 0]
                     [0 0 0 0 0 0 0 0 0 0 0 0]
                     [0 0 0 0 0 0 0 0 0 0 0 0]]
                 [[0 0 0 0 0 0 0 0 0 0 0 0]
                     [0 0 0 0 0 0 0 0 0 0 0 0]
                     [0 0 0 0 0 0 0 0 0 0 0 0]]
                 [[0 0 0 0 0 0 0 0 0 0 0 0]
                     [0 0 0 0 0 0 0 0 0 0 0 0]
                     [0 0 0 0 0 0 0 0 0 0 0 0]]
                 [[0 0 0 0 0 0 0 0 0 0 0 0]
                     [0 0 0 0 0 0 0 0 0 0 0 0]
                     [0 0 0 0 0 0 0 0 0 0 0 0]]
                 [[0 0 0 0 0 0 0 0 0 1 0 1]
                     [0 0 0 0 0 0 0 0 0 0 0 0]
                     [0 0 0 0 0 0 0 0 0 0 0 0]]
                 [[0 0 0 0 0 0 0 0 0 0 0 0]
                     [0 0 0 0 0 0 0 0 0 0 0 0]
                     [0 0 0 0 0 0 0 0 0 0 0 0]]
                 [[0 0 0 0 0 0 0 0 0 0 0 0]
                     [0 0 0 0 0 0 0 0 0 0 0 0]
                     [0 0 0 0 0 0 0 0 0 0 0 0]]]
             [[[0 0 0 0 0 0 0 0 0 0 0 0]
                     [0 0 0 0 0 0 0 0 0 0 0 0]
                     [0 0 0 0 0 0 0 0 0 0 0 0]]
                 [[0 0 0 0 0 0 0 0 0 0 0 0]
                     [0 0 0 0 0 0 0 0 0 0 0 0]
                     [0 0 0 0 0 0 0 0 0 0 0 0]]
                 [[0 0 0 0 0 0 0 0 0 0 0 0]
                     [0 0 0 0 0 0 0 0 0 0 0 0]
                     [0 0 0 0 0 0 0 0 0 0 0 0]]
                 [[0 0 0 0 0 0 0 0 0 0 0 0]
                     [0 0 0 0 0 0 0 0 0 0 0 0]
                     [0 0 0 0 0 0 0 0 0 0 0 0]]
                 [[0 0 0 0 0 0 0 0 0 0 0 0]
                     [0 0 0 0 0 0 0 0 0 0 0 0]
                     [0 0 0 0 0 0 0 0 0 0 0 0]]
                 [[0 0 0 0 0 0 0 0 0 0 0 0]
                     [0 0 0 0 0 0 0 0 0 0 0 0]
                     [0 0 0 0 0 0 0 0 0 0 0 0]]
                 [[0 0 0 0 0 0 0 0 0 0 0 0]
                     [0 0 0 0 0 0 0 0 0 0 0 0]
                     [0 0 0 0 0 0 0 0 0 0 0 0]]
                 [[0 0 0 0 0 0 0 0 0 0 0 0]
                     [0 0 0 0 0 0 0 0 0 0 0 0]
                     [0 0 0 0 0 0 0 0 0 0 0 0]]
                 [[0 0 0 0 0 0 0 0 0 0 0 0]
                     [0 0 0 0 0 0 0 0 0 0 0 0]
                     [0 0 0 0 0 0 0 0 0 0 0 0]]
                 [[0 0 0 0 0 0 0 0 0 0 0 0]
                     [0 0 0 0 0 0 0 0 0 0 0 0]
                     [0 0 0 0 0 0 0 0 0 0 0 0]]]];
sb = [[0 0 0 0 0 0 0 0 0 0 0 0]
             [0 0 0 0 0 0 0 0 0 0 0 0]
             [0 0 0 0 0 0 0 0 0 0 0 0]];
stagesetup = [[[0 0 0 0 0 0 0 0 0 0 0 0]
                 [0 0 0 0 0 0 0 0 0 0 0 0]
                 [0 0 0 0 1 0 0 1 0 0 1 0]]
             [[0 0 0 0 0 0 0 0 0 0 0 0]
                 [0 0 0 0 0 0 0 0 0 0 0 0]
                 [1 1 1 1 0 0 0 0 0 0 0 0]]
             [[0 0 0 0 0 0 0 0 0 0 0 0]
                 [0 0 0 0 0 0 0 0 0 0 0 0]
                 [0 0 0 0 0 1 1 0 0 1 0 0]]
             [[0 0 0 0 0 0 0 0 0 0 0 0]
                 [0 0 0 0 0 0 0 0 0 0 0 0]
                 [0 0 0 0 0 0 0 0 1 0 0 1]]
             [[0 0 0 0 0 0 0 0 0 0 0 0]
                 [0 0 0 0 1 0 0 1 0 1 0 0]
                 [0 0 0 0 0 0 0 0 0 0 0 0]]
             [[0 0 0 0 0 0 0 0 0 0 0 0]
                 [1 1 1 1 0 0 1 0 0 0 1 0]
                 [0 0 0 0 0 0 0 0 0 0 0 0]]
             [[0 0 0 0 0 0 0 0 0 0 0 0]
                 [0 0 0 0 0 1 0 0 1 0 0 1]
                 [0 0 0 0 0 0 0 0 0 0 0 0]]
             [[1 1 1 1 1 1 1 1 0 1 0 1]
                 [0 0 0 0 0 0 0 0 0 0 0 0]
                 [0 0 0 0 0 0 0 0 0 0 0 0]]
             [[0 0 0 0 0 0 0 0 1 0 1 0]
                 [0 0 0 0 0 0 0 0 0 0 0 0]
                 [0 0 0 0 0 0 0 0 0 0 0 0]]
             [[0 0 0 0 0 0 0 0 0 0 0 0]
                 [0 0 0 0 0 0 0 0 0 0 0 0]
                 [0 0 0 0 0 0 0 0 0 0 0 0]]];
E_setuptime = [[5 5 5 5 0 5 5 0 5 5 5 0]
             [10 10 10 0 5 10 10 5 0 5 5 0]
             [10 10 10 10 15 15 10 15 15 10 15 0]];
B_setuptime = [[0 0 0 0 0 5 0 0 5 0 0 0]
             [0 0 0 0 10 0 0 0 0 10 5 0]
             [0 0 0 0 0 0 0 0 0 0 0 0]];

