// solution (optimal) with objective 7104.1461
// Quality Incumbent solution:
// MILP objective                                7.1041461000e+003
// MILP solution norm |x| (Total, Max)           7.57783e+003 9.78558e+002
// MILP solution error (Ax=b) (Total, Max)       7.91367e-013 1.77636e-013
// MILP x bound error (Total, Max)               1.16574e-013 1.16574e-013
// MILP x integrality error (Total, Max)         0.00000e+000 0.00000e+000
// MILP slack bound error (Total, Max)           4.07897e-013 1.77636e-013
// 

productionquantity = [[[0
                 0 0 0 0 0 0 0 0 0 0 0]
                 [0 0 0 0 0 0 0 0 0 0 0 0]
                 [0 0 0 0 0 70.397 0 70.009 0 70 0 0]]
             [[0 0 0 0 0 0 0 0 0 0 0 0]
                 [0 0 0 0 0 0 0 0 0 0 0 0]
                 [1 0 0 30.073 0 0 0 0 0 0 0 0]]
             [[0 0 0 0 0 0 0 0 0 0 0 0]
                 [0 0 0 0 0 0 0 0 0 0 0 0]
                 [0 0 0 0 50.203 0 0 0 50.005 0 50 0]]
             [[0 0 0 0 0 0 0 0 0 0 0 0]
                 [0 0 0 0 0 0 0 0 0 0 0 0]
                 [0 0 0 0 0 0 100.02 0 0 0 0 100]]
             [[0 0 0 0 0 0 0 0 0 0 0 0]
                 [0 0 0 0 0 100.47 100.01 0 0 100 0 0]
                 [0 0 0 0 0 0 0 0 0 0 0 0]]
             [[0 0 0 0 0 0 0 0 0 0 0 0]
                 [1 0 0 80.275 0 0 0 0 80.006 0 80 1.7764e-13]
                 [0 0 0 0 0 0 0 0 0 0 0 0]]
             [[0 0 0 0 0 0 0 0 0 0 0 0]
                 [0 0 0 0 151.01 0 0 150.02 0 0 -1.1657e-13 150]
                 [0 0 0 0 0 0 0 0 0 0 0 0]]
             [[1 0 0 0 0 0 0 42.132 0 99 0 1]
                 [0 0 0 0 0 0 0 0 0 0 0 0]
                 [0 0 0 0 0 0 0 0 0 0 0 0]]
             [[0 0 0 0 0 0 100.01 0 0 0 42.143 0]
                 [0 0 0 0 0 0 0 0 0 0 0 0]
                 [0 0 0 0 0 0 0 0 0 0 0 0]]
             [[0 0 0 0 0 0 0 0 0 0 0 0]
                 [0 0 0 0 0 0 0 0 0 0 0 0]
                 [0 0 0 0 0 0 0 0 0 0 0 0]]];
inventory = [[87.64 0 0 0 0]
             [92.242 60.002 60.002 30 0]
             [59 0 0 0 0]
             [236.81 100.81 0 0 0]
             [120.88 0 0 0 0]
             [91.24 0 0 0 0]
             [195 0 0 0 0]
             [278.23 158.35 57.878 0 0]
             [611.73 398.61 217.86 137.86 0]
             [978.56 691.32 460.03 230 0]];
Pchangeover = [[[[0 0 0 0 0 0 0 0 0 0 0 0]
                     [0 0 0 0 0 0 0 0 0 0 0 0]
                     [0 0 0 0 0 0 0 0 0 0 0 0]]
                 [[0 0 0 0 0 0 0 0 0 0 0 0]
                     [0 0 0 0 0 0 0 0 0 0 0 0]
                     [0 0 0 0 0 0 0 0 0 0 0 0]]
                 [[0 0 0 0 0 0 0 0 0 0 0 0]
                     [0 0 0 0 0 0 0 0 0 0 0 0]
                     [0 0 0 0 0 0 0 0 1 0 1 0]]
                 [[0 0 0 0 0 0 0 0 0 0 0 0]
                     [0 0 0 0 0 0 0 0 0 0 0 0]
                     [0 0 0 0 0 0 1 0 0 0 0 0]]
                 [[0 0 0 0 0 0 0 0 0 0 0 0]
                     [0 0 0 0 0 0 0 0 0 0 0 0]
                     [0 0 0 0 0 0 0 0 0 0 0 0]]
                 [[0 0 0 0 0 0 0 0 0 0 0 0]
                     [0 0 0 0 0 0 0 0 0 0 0 0]
                     [0 0 0 0 0 0 0 0 0 0 0 0]]
                 [[0 0 0 0 0 0 0 0 0 0 0 0]
                     [0 0 0 0 0 0 0 0 0 0 0 0]
                     [0 0 0 0 0 0 0 0 0 0 0 0]]
                 [[0 0 0 0 0 0 0 0 0 0 0 0]
                     [0 0 0 0 0 0 0 0 0 0 0 0]
                     [0 0 0 0 0 0 0 0 0 0 0 0]]
                 [[0 0 0 0 0 0 0 0 0 0 0 0]
                     [0 0 0 0 0 0 0 0 0 0 0 0]
                     [0 0 0 0 0 0 0 0 0 0 0 0]]
                 [[0 0 0 0 0 0 0 0 0 0 0 0]
                     [0 0 0 0 0 0 0 0 0 0 0 0]
                     [0 0 0 0 0 0 0 0 0 0 0 0]]]
             [[[0 0 0 0 0 0 0 0 0 0 0 0]
                     [0 0 0 0 0 0 0 0 0 0 0 0]
                     [0 0 0 0 0 0 0 0 0 0 0 0]]
                 [[0 0 0 0 0 0 0 0 0 0 0 0]
                     [0 0 0 0 0 0 0 0 0 0 0 0]
                     [0 1 1 1 0 0 0 0 0 0 0 0]]
                 [[0 0 0 0 0 0 0 0 0 0 0 0]
                     [0 0 0 0 0 0 0 0 0 0 0 0]
                     [0 0 0 0 1 0 0 0 0 0 0 0]]
                 [[0 0 0 0 0 0 0 0 0 0 0 0]
                     [0 0 0 0 0 0 0 0 0 0 0 0]
                     [0 0 0 0 0 0 0 0 0 0 0 0]]
                 [[0 0 0 0 0 0 0 0 0 0 0 0]
                     [0 0 0 0 0 0 0 0 0 0 0 0]
                     [0 0 0 0 0 0 0 0 0 0 0 0]]
                 [[0 0 0 0 0 0 0 0 0 0 0 0]
                     [0 0 0 0 0 0 0 0 0 0 0 0]
                     [0 0 0 0 0 0 0 0 0 0 0 0]]
                 [[0 0 0 0 0 0 0 0 0 0 0 0]
                     [0 0 0 0 0 0 0 0 0 0 0 0]
                     [0 0 0 0 0 0 0 0 0 0 0 0]]
                 [[0 0 0 0 0 0 0 0 0 0 0 0]
                     [0 0 0 0 0 0 0 0 0 0 0 0]
                     [0 0 0 0 0 0 0 0 0 0 0 0]]
                 [[0 0 0 0 0 0 0 0 0 0 0 0]
                     [0 0 0 0 0 0 0 0 0 0 0 0]
                     [0 0 0 0 0 0 0 0 0 0 0 0]]
                 [[0 0 0 0 0 0 0 0 0 0 0 0]
                     [0 0 0 0 0 0 0 0 0 0 0 0]
                     [0 0 0 0 0 0 0 0 0 0 0 0]]]
             [[[0 0 0 0 0 0 0 0 0 0 0 0]
                     [0 0 0 0 0 0 0 0 0 0 0 0]
                     [0 0 0 0 0 1 0 0 0 1 0 0]]
                 [[0 0 0 0 0 0 0 0 0 0 0 0]
                     [0 0 0 0 0 0 0 0 0 0 0 0]
                     [0 0 0 0 0 0 0 0 0 0 0 0]]
                 [[0 0 0 0 0 0 0 0 0 0 0 0]
                     [0 0 0 0 0 0 0 0 0 0 0 0]
                     [0 0 0 0 0 0 0 0 0 0 0 0]]
                 [[0 0 0 0 0 0 0 0 0 0 0 0]
                     [0 0 0 0 0 0 0 0 0 0 0 0]
                     [0 0 0 0 0 0 0 0 0 0 0 1]]
                 [[0 0 0 0 0 0 0 0 0 0 0 0]
                     [0 0 0 0 0 0 0 0 0 0 0 0]
                     [0 0 0 0 0 0 0 0 0 0 0 0]]
                 [[0 0 0 0 0 0 0 0 0 0 0 0]
                     [0 0 0 0 0 0 0 0 0 0 0 0]
                     [0 0 0 0 0 0 0 0 0 0 0 0]]
                 [[0 0 0 0 0 0 0 0 0 0 0 0]
                     [0 0 0 0 0 0 0 0 0 0 0 0]
                     [0 0 0 0 0 0 0 0 0 0 0 0]]
                 [[0 0 0 0 0 0 0 0 0 0 0 0]
                     [0 0 0 0 0 0 0 0 0 0 0 0]
                     [0 0 0 0 0 0 0 0 0 0 0 0]]
                 [[0 0 0 0 0 0 0 0 0 0 0 0]
                     [0 0 0 0 0 0 0 0 0 0 0 0]
                     [0 0 0 0 0 0 0 0 0 0 0 0]]
                 [[0 0 0 0 0 0 0 0 0 0 0 0]
                     [0 0 0 0 0 0 0 0 0 0 0 0]
                     [0 0 0 0 0 0 0 0 0 0 0 0]]]
             [[[0 0 0 0 0 0 0 0 0 0 0 0]
                     [0 0 0 0 0 0 0 0 0 0 0 0]
                     [0 0 0 0 0 0 0 1 0 0 0 0]]
                 [[0 0 0 0 0 0 0 0 0 0 0 0]
                     [0 0 0 0 0 0 0 0 0 0 0 0]
                     [0 0 0 0 0 0 0 0 0 0 0 0]]
                 [[0 0 0 0 0 0 0 0 0 0 0 0]
                     [0 0 0 0 0 0 0 0 0 0 0 0]
                     [0 0 0 0 0 0 0 0 0 0 0 0]]
                 [[0 0 0 0 0 0 0 0 0 0 0 0]
                     [0 0 0 0 0 0 0 0 0 0 0 0]
                     [0 0 0 0 0 0 0 0 0 0 0 0]]
                 [[0 0 0 0 0 0 0 0 0 0 0 0]
                     [0 0 0 0 0 0 0 0 0 0 0 0]
                     [0 0 0 0 0 0 0 0 0 0 0 0]]
                 [[0 0 0 0 0 0 0 0 0 0 0 0]
                     [0 0 0 0 0 0 0 0 0 0 0 0]
                     [0 0 0 0 0 0 0 0 0 0 0 0]]
                 [[0 0 0 0 0 0 0 0 0 0 0 0]
                     [0 0 0 0 0 0 0 0 0 0 0 0]
                     [0 0 0 0 0 0 0 0 0 0 0 0]]
                 [[0 0 0 0 0 0 0 0 0 0 0 0]
                     [0 0 0 0 0 0 0 0 0 0 0 0]
                     [0 0 0 0 0 0 0 0 0 0 0 0]]
                 [[0 0 0 0 0 0 0 0 0 0 0 0]
                     [0 0 0 0 0 0 0 0 0 0 0 0]
                     [0 0 0 0 0 0 0 0 0 0 0 0]]
                 [[0 0 0 0 0 0 0 0 0 0 0 0]
                     [0 0 0 0 0 0 0 0 0 0 0 0]
                     [0 0 0 0 0 0 0 0 0 0 0 0]]]
             [[[0 0 0 0 0 0 0 0 0 0 0 0]
                     [0 0 0 0 0 0 0 0 0 0 0 0]
                     [0 0 0 0 0 0 0 0 0 0 0 0]]
                 [[0 0 0 0 0 0 0 0 0 0 0 0]
                     [0 0 0 0 0 0 0 0 0 0 0 0]
                     [0 0 0 0 0 0 0 0 0 0 0 0]]
                 [[0 0 0 0 0 0 0 0 0 0 0 0]
                     [0 0 0 0 0 0 0 0 0 0 0 0]
                     [0 0 0 0 0 0 0 0 0 0 0 0]]
                 [[0 0 0 0 0 0 0 0 0 0 0 0]
                     [0 0 0 0 0 0 0 0 0 0 0 0]
                     [0 0 0 0 0 0 0 0 0 0 0 0]]
                 [[0 0 0 0 0 0 0 0 0 0 0 0]
                     [0 0 0 0 0 0 1 0 0 0 0 0]
                     [0 0 0 0 0 0 0 0 0 0 0 0]]
                 [[0 0 0 0 0 0 0 0 0 0 0 0]
                     [0 0 0 0 0 0 0 0 0 0 1 0]
                     [0 0 0 0 0 0 0 0 0 0 0 0]]
                 [[0 0 0 0 0 0 0 0 0 0 0 0]
                     [0 0 0 0 0 0 0 1 0 0 0 0]
                     [0 0 0 0 0 0 0 0 0 0 0 0]]
                 [[0 0 0 0 0 0 0 0 0 0 0 0]
                     [0 0 0 0 0 0 0 0 0 0 0 0]
                     [0 0 0 0 0 0 0 0 0 0 0 0]]
                 [[0 0 0 0 0 0 0 0 0 0 0 0]
                     [0 0 0 0 0 0 0 0 0 0 0 0]
                     [0 0 0 0 0 0 0 0 0 0 0 0]]
                 [[0 0 0 0 0 0 0 0 0 0 0 0]
                     [0 0 0 0 0 0 0 0 0 0 0 0]
                     [0 0 0 0 0 0 0 0 0 0 0 0]]]
             [[[0 0 0 0 0 0 0 0 0 0 0 0]
                     [0 0 0 0 0 0 0 0 0 0 0 0]
                     [0 0 0 0 0 0 0 0 0 0 0 0]]
                 [[0 0 0 0 0 0 0 0 0 0 0 0]
                     [0 0 0 0 0 0 0 0 0 0 0 0]
                     [0 0 0 0 0 0 0 0 0 0 0 0]]
                 [[0 0 0 0 0 0 0 0 0 0 0 0]
                     [0 0 0 0 0 0 0 0 0 0 0 0]
                     [0 0 0 0 0 0 0 0 0 0 0 0]]
                 [[0 0 0 0 0 0 0 0 0 0 0 0]
                     [0 0 0 0 0 0 0 0 0 0 0 0]
                     [0 0 0 0 0 0 0 0 0 0 0 0]]
                 [[0 0 0 0 0 0 0 0 0 0 0 0]
                     [0 0 0 0 0 0 0 0 0 1 0 0]
                     [0 0 0 0 0 0 0 0 0 0 0 0]]
                 [[0 0 0 0 0 0 0 0 0 0 0 0]
                     [0 1 1 1 0 0 0 0 0 0 0 0]
                     [0 0 0 0 0 0 0 0 0 0 0 0]]
                 [[0 0 0 0 0 0 0 0 0 0 0 0]
                     [0 0 0 0 1 0 0 0 0 0 0 1]
                     [0 0 0 0 0 0 0 0 0 0 0 0]]
                 [[0 0 0 0 0 0 0 0 0 0 0 0]
                     [0 0 0 0 0 0 0 0 0 0 0 0]
                     [0 0 0 0 0 0 0 0 0 0 0 0]]
                 [[0 0 0 0 0 0 0 0 0 0 0 0]
                     [0 0 0 0 0 0 0 0 0 0 0 0]
                     [0 0 0 0 0 0 0 0 0 0 0 0]]
                 [[0 0 0 0 0 0 0 0 0 0 0 0]
                     [0 0 0 0 0 0 0 0 0 0 0 0]
                     [0 0 0 0 0 0 0 0 0 0 0 0]]]
             [[[0 0 0 0 0 0 0 0 0 0 0 0]
                     [0 0 0 0 0 0 0 0 0 0 0 0]
                     [0 0 0 0 0 0 0 0 0 0 0 0]]
                 [[0 0 0 0 0 0 0 0 0 0 0 0]
                     [0 0 0 0 0 0 0 0 0 0 0 0]
                     [0 0 0 0 0 0 0 0 0 0 0 0]]
                 [[0 0 0 0 0 0 0 0 0 0 0 0]
                     [0 0 0 0 0 0 0 0 0 0 0 0]
                     [0 0 0 0 0 0 0 0 0 0 0 0]]
                 [[0 0 0 0 0 0 0 0 0 0 0 0]
                     [0 0 0 0 0 0 0 0 0 0 0 0]
                     [0 0 0 0 0 0 0 0 0 0 0 0]]
                 [[0 0 0 0 0 0 0 0 0 0 0 0]
                     [0 0 0 0 0 1 0 0 0 0 0 0]
                     [0 0 0 0 0 0 0 0 0 0 0 0]]
                 [[0 0 0 0 0 0 0 0 0 0 0 0]
                     [0 0 0 0 0 0 0 0 1 0 0 0]
                     [0 0 0 0 0 0 0 0 0 0 0 0]]
                 [[0 0 0 0 0 0 0 0 0 0 0 0]
                     [0 0 0 0 0 0 0 0 0 0 0 0]
                     [0 0 0 0 0 0 0 0 0 0 0 0]]
                 [[0 0 0 0 0 0 0 0 0 0 0 0]
                     [0 0 0 0 0 0 0 0 0 0 0 0]
                     [0 0 0 0 0 0 0 0 0 0 0 0]]
                 [[0 0 0 0 0 0 0 0 0 0 0 0]
                     [0 0 0 0 0 0 0 0 0 0 0 0]
                     [0 0 0 0 0 0 0 0 0 0 0 0]]
                 [[0 0 0 0 0 0 0 0 0 0 0 0]
                     [0 0 0 0 0 0 0 0 0 0 0 0]
                     [0 0 0 0 0 0 0 0 0 0 0 0]]]
             [[[0 0 0 0 0 0 0 0 0 0 0 0]
                     [0 0 0 0 0 0 0 0 0 0 0 0]
                     [0 0 0 0 0 0 0 0 0 0 0 0]]
                 [[0 0 0 0 0 0 0 0 0 0 0 0]
                     [0 0 0 0 0 0 0 0 0 0 0 0]
                     [0 0 0 0 0 0 0 0 0 0 0 0]]
                 [[0 0 0 0 0 0 0 0 0 0 0 0]
                     [0 0 0 0 0 0 0 0 0 0 0 0]
                     [0 0 0 0 0 0 0 0 0 0 0 0]]
                 [[0 0 0 0 0 0 0 0 0 0 0 0]
                     [0 0 0 0 0 0 0 0 0 0 0 0]
                     [0 0 0 0 0 0 0 0 0 0 0 0]]
                 [[0 0 0 0 0 0 0 0 0 0 0 0]
                     [0 0 0 0 0 0 0 0 0 0 0 0]
                     [0 0 0 0 0 0 0 0 0 0 0 0]]
                 [[0 0 0 0 0 0 0 0 0 0 0 0]
                     [0 0 0 0 0 0 0 0 0 0 0 0]
                     [0 0 0 0 0 0 0 0 0 0 0 0]]
                 [[0 0 0 0 0 0 0 0 0 0 0 0]
                     [0 0 0 0 0 0 0 0 0 0 0 0]
                     [0 0 0 0 0 0 0 0 0 0 0 0]]
                 [[0 1 1 1 1 1 0 0 1 1 0 0]
                     [0 0 0 0 0 0 0 0 0 0 0 0]
                     [0 0 0 0 0 0 0 0 0 0 0 0]]
                 [[0 0 0 0 0 0 1 0 0 0 1 0]
                     [0 0 0 0 0 0 0 0 0 0 0 0]
                     [0 0 0 0 0 0 0 0 0 0 0 0]]
                 [[0 0 0 0 0 0 0 0 0 0 0 0]
                     [0 0 0 0 0 0 0 0 0 0 0 0]
                     [0 0 0 0 0 0 0 0 0 0 0 0]]]
             [[[0 0 0 0 0 0 0 0 0 0 0 0]
                     [0 0 0 0 0 0 0 0 0 0 0 0]
                     [0 0 0 0 0 0 0 0 0 0 0 0]]
                 [[0 0 0 0 0 0 0 0 0 0 0 0]
                     [0 0 0 0 0 0 0 0 0 0 0 0]
                     [0 0 0 0 0 0 0 0 0 0 0 0]]
                 [[0 0 0 0 0 0 0 0 0 0 0 0]
                     [0 0 0 0 0 0 0 0 0 0 0 0]
                     [0 0 0 0 0 0 0 0 0 0 0 0]]
                 [[0 0 0 0 0 0 0 0 0 0 0 0]
                     [0 0 0 0 0 0 0 0 0 0 0 0]
                     [0 0 0 0 0 0 0 0 0 0 0 0]]
                 [[0 0 0 0 0 0 0 0 0 0 0 0]
                     [0 0 0 0 0 0 0 0 0 0 0 0]
                     [0 0 0 0 0 0 0 0 0 0 0 0]]
                 [[0 0 0 0 0 0 0 0 0 0 0 0]
                     [0 0 0 0 0 0 0 0 0 0 0 0]
                     [0 0 0 0 0 0 0 0 0 0 0 0]]
                 [[0 0 0 0 0 0 0 0 0 0 0 0]
                     [0 0 0 0 0 0 0 0 0 0 0 0]
                     [0 0 0 0 0 0 0 0 0 0 0 0]]
                 [[0 0 0 0 0 0 0 1 0 0 0 1]
                     [0 0 0 0 0 0 0 0 0 0 0 0]
                     [0 0 0 0 0 0 0 0 0 0 0 0]]
                 [[0 0 0 0 0 0 0 0 0 0 0 0]
                     [0 0 0 0 0 0 0 0 0 0 0 0]
                     [0 0 0 0 0 0 0 0 0 0 0 0]]
                 [[0 0 0 0 0 0 0 0 0 0 0 0]
                     [0 0 0 0 0 0 0 0 0 0 0 0]
                     [0 0 0 0 0 0 0 0 0 0 0 0]]]
             [[[0 0 0 0 0 0 0 0 0 0 0 0]
                     [0 0 0 0 0 0 0 0 0 0 0 0]
                     [0 0 0 0 0 0 0 0 0 0 0 0]]
                 [[0 0 0 0 0 0 0 0 0 0 0 0]
                     [0 0 0 0 0 0 0 0 0 0 0 0]
                     [0 0 0 0 0 0 0 0 0 0 0 0]]
                 [[0 0 0 0 0 0 0 0 0 0 0 0]
                     [0 0 0 0 0 0 0 0 0 0 0 0]
                     [0 0 0 0 0 0 0 0 0 0 0 0]]
                 [[0 0 0 0 0 0 0 0 0 0 0 0]
                     [0 0 0 0 0 0 0 0 0 0 0 0]
                     [0 0 0 0 0 0 0 0 0 0 0 0]]
                 [[0 0 0 0 0 0 0 0 0 0 0 0]
                     [0 0 0 0 0 0 0 0 0 0 0 0]
                     [0 0 0 0 0 0 0 0 0 0 0 0]]
                 [[0 0 0 0 0 0 0 0 0 0 0 0]
                     [0 0 0 0 0 0 0 0 0 0 0 0]
                     [0 0 0 0 0 0 0 0 0 0 0 0]]
                 [[0 0 0 0 0 0 0 0 0 0 0 0]
                     [0 0 0 0 0 0 0 0 0 0 0 0]
                     [0 0 0 0 0 0 0 0 0 0 0 0]]
                 [[0 0 0 0 0 0 0 0 0 0 0 0]
                     [0 0 0 0 0 0 0 0 0 0 0 0]
                     [0 0 0 0 0 0 0 0 0 0 0 0]]
                 [[0 0 0 0 0 0 0 0 0 0 0 0]
                     [0 0 0 0 0 0 0 0 0 0 0 0]
                     [0 0 0 0 0 0 0 0 0 0 0 0]]
                 [[0 0 0 0 0 0 0 0 0 0 0 0]
                     [0 0 0 0 0 0 0 0 0 0 0 0]
                     [0 0 0 0 0 0 0 0 0 0 0 0]]]];
sb = [[0 0 0 0 0 0 0 0 0 0 0 0]
             [0 0 0 0 0 0 0 0 0 0 0 0]
             [0 0 0 0 0 0 0 0 0 0 0 0]];
stagesetup = [[[0 0 0 0 0 0 0 0 0 0 0 0]
                 [0 0 0 0 0 0 0 0 0 0 0 0]
                 [0 0 0 0 0 1 0 1 0 1 0 0]]
             [[0 0 0 0 0 0 0 0 0 0 0 0]
                 [0 0 0 0 0 0 0 0 0 0 0 0]
                 [1 1 1 1 0 0 0 0 0 0 0 0]]
             [[0 0 0 0 0 0 0 0 0 0 0 0]
                 [0 0 0 0 0 0 0 0 0 0 0 0]
                 [0 0 0 0 1 0 0 0 1 0 1 0]]
             [[0 0 0 0 0 0 0 0 0 0 0 0]
                 [0 0 0 0 0 0 0 0 0 0 0 0]
                 [0 0 0 0 0 0 1 0 0 0 0 1]]
             [[0 0 0 0 0 0 0 0 0 0 0 0]
                 [0 0 0 0 0 1 1 0 0 1 0 0]
                 [0 0 0 0 0 0 0 0 0 0 0 0]]
             [[0 0 0 0 0 0 0 0 0 0 0 0]
                 [1 1 1 1 0 0 0 0 1 0 1 0]
                 [0 0 0 0 0 0 0 0 0 0 0 0]]
             [[0 0 0 0 0 0 0 0 0 0 0 0]
                 [0 0 0 0 1 0 0 1 0 0 0 1]
                 [0 0 0 0 0 0 0 0 0 0 0 0]]
             [[1 1 1 1 1 1 0 1 1 1 0 1]
                 [0 0 0 0 0 0 0 0 0 0 0 0]
                 [0 0 0 0 0 0 0 0 0 0 0 0]]
             [[0 0 0 0 0 0 1 0 0 0 1 0]
                 [0 0 0 0 0 0 0 0 0 0 0 0]
                 [0 0 0 0 0 0 0 0 0 0 0 0]]
             [[0 0 0 0 0 0 0 0 0 0 0 0]
                 [0 0 0 0 0 0 0 0 0 0 0 0]
                 [0 0 0 0 0 0 0 0 0 0 0 0]]];
E_setuptime = [[5 5 5 5 5 5 0 5 5 5 5 0]
             [10 10 10 5 0 10 5 10 0 5 5 0]
             [10 10 10 15 10 15 10 15 10 15 15 0]];
B_setuptime = [[0 0 0 0 0 0 0 5 0 0 0 0]
             [0 0 0 0 0 10 0 0 0 10 5 0]
             [0 0 0 0 0 0 0 0 0 0 0 0]];

