// solution (optimal) with objective 6983.0128
// Quality Incumbent solution:
// MILP objective                                6.9830128000e+003
// MILP solution norm |x| (Total, Max)           8.48072e+003 1.24462e+003
// MILP solution error (Ax=b) (Total, Max)       4.07629e-012 3.63798e-012
// MILP x bound error (Total, Max)               1.19571e-012 3.97904e-013
// MILP x integrality error (Total, Max)         1.99840e-015 1.99840e-015
// MILP slack bound error (Total, Max)           1.56097e-013 5.68434e-014
// 

productionquantity = [[[0
                 0 0 0 0 0 0 0 0 0 0 0]
                 [0 0 0 0 0 0 0 0 0 0 0 0]
                 [0 0 0 0 0 73.842 0 70.154 0 0 70.006 0]]
             [[0 0 0 0 0 0 0 0 0 0 0 0]
                 [0 0 0 0 0 0 0 0 0 0 0 0]
                 [1 0 0 0 30.706 0 0 0 0 0 0 0]]
             [[0 0 0 0 0 0 0 0 0 0 0 0]
                 [0 0 0 0 0 0 0 0 0 0 0 0]
                 [0 0 0 51.96 0 0 50.078 0 0 50.003 0 0]]
             [[0 0 0 0 0 0 0 0 0 0 0 0]
                 [0 0 0 0 0 0 0 0 0 0 0 0]
                 [0 0 0 0 0 0 0 0 100.31 0 0 100.01]]
             [[0 0 0 0 0 0 0 0 0 0 0 0]
                 [0 0 0 0 104.55 0 100.18 0 0 0 100.01 0]
                 [0 0 0 0 0 0 0 0 0 0 0 0]]
             [[0 0 0 0 0 0 0 0 0 0 0 0]
                 [1 0 0 82.666 0 0 0 80.107 0 80.004 0 0]
                 [0 0 0 0 0 0 0 0 0 0 0 0]]
             [[0 0 0 0 0 0 0 0 0 0 0 0]
                 [0 0 0 0 0 159.8 0 0 150.39 0 0 150.02]
                 [0 0 0 0 0 0 0 0 0 0 0 0]]
             [[1 0 0 0 0 0 100.18 0 0 24.988 0 0]
                 [0 0 0 0 0 0 0 0 0 0 0 0]
                 [0 0 0 0 0 0 0 0 0 0 0 0]]
             [[0 0 0 0 0 0 0 0 104.82 -2.2737e-13 0 180.01]
                 [0 0 0 0 0 0 0 0 0 0 0 0]
                 [0 0 0 0 0 0 0 0 0 0 0 0]]
             [[0 0 0 0 0 0 0 0 0 0 0 0]
                 [0 0 0 0 0 0 0 0 0 0 0 0]
                 [0 0 0 0 0 0 0 0 0 0 0 0]]];
inventory = [[166.04 0 0 0 0]
             [106.67 60.029 60.029 30.001 0]
             [99 0 0 0 0]
             [403.84 107.84 0 0 0]
             [213.68 4.2633e-14 4.2633e-14 0 0]
             [145.64 0 0 0 0]
             [395 -2.8422e-13 -2.8422e-13 0 0]
             [392.25 179.57 75.019 75.019 0]
             [623 262.68 75.47 -3.979e-13 0]
             [1244.6 702.98 460.52 230.02 0]];
Pchangeover = [[[[0 0 0 0 0 0 0 0 0 0 0 0]
                     [0 0 0 0 0 0 0 0 0 0 0 0]
                     [0 0 0 0 0 0 0 0 0 0 0 0]]
                 [[0 0 0 0 0 0 0 0 0 0 0 0]
                     [0 0 0 0 0 0 0 0 0 0 0 0]
                     [0 0 0 0 0 0 0 0 0 0 0 0]]
                 [[0 0 0 0 0 0 0 0 0 0 0 0]
                     [0 0 0 0 0 0 0 0 0 0 0 0]
                     [0 0 0 0 0 0 1 0 0 0 0 0]]
                 [[0 0 0 0 0 0 0 0 0 0 0 0]
                     [0 0 0 0 0 0 0 0 0 0 0 0]
                     [0 0 0 0 0 0 0 0 1 0 0 1]]
                 [[0 0 0 0 0 0 0 0 0 0 0 0]
                     [0 0 0 0 0 0 0 0 0 0 0 0]
                     [0 0 0 0 0 0 0 0 0 0 0 0]]
                 [[0 0 0 0 0 0 0 0 0 0 0 0]
                     [0 0 0 0 0 0 0 0 0 0 0 0]
                     [0 0 0 0 0 0 0 0 0 0 0 0]]
                 [[0 0 0 0 0 0 0 0 0 0 0 0]
                     [0 0 0 0 0 0 0 0 0 0 0 0]
                     [0 0 0 0 0 0 0 0 0 0 0 0]]
                 [[0 0 0 0 0 0 0 0 0 0 0 0]
                     [0 0 0 0 0 0 0 0 0 0 0 0]
                     [0 0 0 0 0 0 0 0 0 0 0 0]]
                 [[0 0 0 0 0 0 0 0 0 0 0 0]
                     [0 0 0 0 0 0 0 0 0 0 0 0]
                     [0 0 0 0 0 0 0 0 0 0 0 0]]
                 [[0 0 0 0 0 0 0 0 0 0 0 0]
                     [0 0 0 0 0 0 0 0 0 0 0 0]
                     [0 0 0 0 0 0 0 0 0 0 0 0]]]
             [[[0 0 0 0 0 0 0 0 0 0 0 0]
                     [0 0 0 0 0 0 0 0 0 0 0 0]
                     [0 0 0 0 0 1 0 0 0 0 0 0]]
                 [[0 0 0 0 0 0 0 0 0 0 0 0]
                     [0 0 0 0 0 0 0 0 0 0 0 0]
                     [0 1 1 0 0 0 0 0 0 0 0 0]]
                 [[0 0 0 0 0 0 0 0 0 0 0 0]
                     [0 0 0 0 0 0 0 0 0 0 0 0]
                     [0 0 0 1 0 0 0 0 0 0 0 0]]
                 [[0 0 0 0 0 0 0 0 0 0 0 0]
                     [0 0 0 0 0 0 0 0 0 0 0 0]
                     [0 0 0 0 0 0 0 0 0 0 0 0]]
                 [[0 0 0 0 0 0 0 0 0 0 0 0]
                     [0 0 0 0 0 0 0 0 0 0 0 0]
                     [0 0 0 0 0 0 0 0 0 0 0 0]]
                 [[0 0 0 0 0 0 0 0 0 0 0 0]
                     [0 0 0 0 0 0 0 0 0 0 0 0]
                     [0 0 0 0 0 0 0 0 0 0 0 0]]
                 [[0 0 0 0 0 0 0 0 0 0 0 0]
                     [0 0 0 0 0 0 0 0 0 0 0 0]
                     [0 0 0 0 0 0 0 0 0 0 0 0]]
                 [[0 0 0 0 0 0 0 0 0 0 0 0]
                     [0 0 0 0 0 0 0 0 0 0 0 0]
                     [0 0 0 0 0 0 0 0 0 0 0 0]]
                 [[0 0 0 0 0 0 0 0 0 0 0 0]
                     [0 0 0 0 0 0 0 0 0 0 0 0]
                     [0 0 0 0 0 0 0 0 0 0 0 0]]
                 [[0 0 0 0 0 0 0 0 0 0 0 0]
                     [0 0 0 0 0 0 0 0 0 0 0 0]
                     [0 0 0 0 0 0 0 0 0 0 0 0]]]
             [[[0 0 0 0 0 0 0 0 0 0 0 0]
                     [0 0 0 0 0 0 0 0 0 0 0 0]
                     [0 0 0 0 0 0 0 1 0 0 1 0]]
                 [[0 0 0 0 0 0 0 0 0 0 0 0]
                     [0 0 0 0 0 0 0 0 0 0 0 0]
                     [0 0 0 0 1 0 0 0 0 0 0 0]]
                 [[0 0 0 0 0 0 0 0 0 0 0 0]
                     [0 0 0 0 0 0 0 0 0 0 0 0]
                     [0 0 0 0 0 0 0 0 0 0 0 0]]
                 [[0 0 0 0 0 0 0 0 0 0 0 0]
                     [0 0 0 0 0 0 0 0 0 0 0 0]
                     [0 0 0 0 0 0 0 0 0 0 0 0]]
                 [[0 0 0 0 0 0 0 0 0 0 0 0]
                     [0 0 0 0 0 0 0 0 0 0 0 0]
                     [0 0 0 0 0 0 0 0 0 0 0 0]]
                 [[0 0 0 0 0 0 0 0 0 0 0 0]
                     [0 0 0 0 0 0 0 0 0 0 0 0]
                     [0 0 0 0 0 0 0 0 0 0 0 0]]
                 [[0 0 0 0 0 0 0 0 0 0 0 0]
                     [0 0 0 0 0 0 0 0 0 0 0 0]
                     [0 0 0 0 0 0 0 0 0 0 0 0]]
                 [[0 0 0 0 0 0 0 0 0 0 0 0]
                     [0 0 0 0 0 0 0 0 0 0 0 0]
                     [0 0 0 0 0 0 0 0 0 0 0 0]]
                 [[0 0 0 0 0 0 0 0 0 0 0 0]
                     [0 0 0 0 0 0 0 0 0 0 0 0]
                     [0 0 0 0 0 0 0 0 0 0 0 0]]
                 [[0 0 0 0 0 0 0 0 0 0 0 0]
                     [0 0 0 0 0 0 0 0 0 0 0 0]
                     [0 0 0 0 0 0 0 0 0 0 0 0]]]
             [[[0 0 0 0 0 0 0 0 0 0 0 0]
                     [0 0 0 0 0 0 0 0 0 0 0 0]
                     [0 0 0 0 0 0 0 0 0 0 0 0]]
                 [[0 0 0 0 0 0 0 0 0 0 0 0]
                     [0 0 0 0 0 0 0 0 0 0 0 0]
                     [0 0 0 0 0 0 0 0 0 0 0 0]]
                 [[0 0 0 0 0 0 0 0 0 0 0 0]
                     [0 0 0 0 0 0 0 0 0 0 0 0]
                     [0 0 0 0 0 0 0 0 0 1 0 0]]
                 [[0 0 0 0 0 0 0 0 0 0 0 0]
                     [0 0 0 0 0 0 0 0 0 0 0 0]
                     [0 0 0 0 0 0 0 0 0 0 0 0]]
                 [[0 0 0 0 0 0 0 0 0 0 0 0]
                     [0 0 0 0 0 0 0 0 0 0 0 0]
                     [0 0 0 0 0 0 0 0 0 0 0 0]]
                 [[0 0 0 0 0 0 0 0 0 0 0 0]
                     [0 0 0 0 0 0 0 0 0 0 0 0]
                     [0 0 0 0 0 0 0 0 0 0 0 0]]
                 [[0 0 0 0 0 0 0 0 0 0 0 0]
                     [0 0 0 0 0 0 0 0 0 0 0 0]
                     [0 0 0 0 0 0 0 0 0 0 0 0]]
                 [[0 0 0 0 0 0 0 0 0 0 0 0]
                     [0 0 0 0 0 0 0 0 0 0 0 0]
                     [0 0 0 0 0 0 0 0 0 0 0 0]]
                 [[0 0 0 0 0 0 0 0 0 0 0 0]
                     [0 0 0 0 0 0 0 0 0 0 0 0]
                     [0 0 0 0 0 0 0 0 0 0 0 0]]
                 [[0 0 0 0 0 0 0 0 0 0 0 0]
                     [0 0 0 0 0 0 0 0 0 0 0 0]
                     [0 0 0 0 0 0 0 0 0 0 0 0]]]
             [[[0 0 0 0 0 0 0 0 0 0 0 0]
                     [0 0 0 0 0 0 0 0 0 0 0 0]
                     [0 0 0 0 0 0 0 0 0 0 0 0]]
                 [[0 0 0 0 0 0 0 0 0 0 0 0]
                     [0 0 0 0 0 0 0 0 0 0 0 0]
                     [0 0 0 0 0 0 0 0 0 0 0 0]]
                 [[0 0 0 0 0 0 0 0 0 0 0 0]
                     [0 0 0 0 0 0 0 0 0 0 0 0]
                     [0 0 0 0 0 0 0 0 0 0 0 0]]
                 [[0 0 0 0 0 0 0 0 0 0 0 0]
                     [0 0 0 0 0 0 0 0 0 0 0 0]
                     [0 0 0 0 0 0 0 0 0 0 0 0]]
                 [[0 0 0 0 0 0 0 0 0 0 0 0]
                     [0 0 0 0 0 0 0 0 0 0 0 0]
                     [0 0 0 0 0 0 0 0 0 0 0 0]]
                 [[0 0 0 0 0 0 0 0 0 0 0 0]
                     [0 0 0 0 0 0 0 1 0 0 0 0]
                     [0 0 0 0 0 0 0 0 0 0 0 0]]
                 [[0 0 0 0 0 0 0 0 0 0 0 0]
                     [0 0 0 0 0 1 0 0 0 0 0 1]
                     [0 0 0 0 0 0 0 0 0 0 0 0]]
                 [[0 0 0 0 0 0 0 0 0 0 0 0]
                     [0 0 0 0 0 0 0 0 0 0 0 0]
                     [0 0 0 0 0 0 0 0 0 0 0 0]]
                 [[0 0 0 0 0 0 0 0 0 0 0 0]
                     [0 0 0 0 0 0 0 0 0 0 0 0]
                     [0 0 0 0 0 0 0 0 0 0 0 0]]
                 [[0 0 0 0 0 0 0 0 0 0 0 0]
                     [0 0 0 0 0 0 0 0 0 0 0 0]
                     [0 0 0 0 0 0 0 0 0 0 0 0]]]
             [[[0 0 0 0 0 0 0 0 0 0 0 0]
                     [0 0 0 0 0 0 0 0 0 0 0 0]
                     [0 0 0 0 0 0 0 0 0 0 0 0]]
                 [[0 0 0 0 0 0 0 0 0 0 0 0]
                     [0 0 0 0 0 0 0 0 0 0 0 0]
                     [0 0 0 0 0 0 0 0 0 0 0 0]]
                 [[0 0 0 0 0 0 0 0 0 0 0 0]
                     [0 0 0 0 0 0 0 0 0 0 0 0]
                     [0 0 0 0 0 0 0 0 0 0 0 0]]
                 [[0 0 0 0 0 0 0 0 0 0 0 0]
                     [0 0 0 0 0 0 0 0 0 0 0 0]
                     [0 0 0 0 0 0 0 0 0 0 0 0]]
                 [[0 0 0 0 0 0 0 0 0 0 0 0]
                     [0 0 0 0 1 0 0 0 0 0 1 0]
                     [0 0 0 0 0 0 0 0 0 0 0 0]]
                 [[0 0 0 0 0 0 0 0 0 0 0 0]
                     [0 1 1 1 0 0 0 0 0 0 0 0]
                     [0 0 0 0 0 0 0 0 0 0 0 0]]
                 [[0 0 0 0 0 0 0 0 0 0 0 0]
                     [0 0 0 0 0 0 0 0 1 0 0 0]
                     [0 0 0 0 0 0 0 0 0 0 0 0]]
                 [[0 0 0 0 0 0 0 0 0 0 0 0]
                     [0 0 0 0 0 0 0 0 0 0 0 0]
                     [0 0 0 0 0 0 0 0 0 0 0 0]]
                 [[0 0 0 0 0 0 0 0 0 0 0 0]
                     [0 0 0 0 0 0 0 0 0 0 0 0]
                     [0 0 0 0 0 0 0 0 0 0 0 0]]
                 [[0 0 0 0 0 0 0 0 0 0 0 0]
                     [0 0 0 0 0 0 0 0 0 0 0 0]
                     [0 0 0 0 0 0 0 0 0 0 0 0]]]
             [[[0 0 0 0 0 0 0 0 0 0 0 0]
                     [0 0 0 0 0 0 0 0 0 0 0 0]
                     [0 0 0 0 0 0 0 0 0 0 0 0]]
                 [[0 0 0 0 0 0 0 0 0 0 0 0]
                     [0 0 0 0 0 0 0 0 0 0 0 0]
                     [0 0 0 0 0 0 0 0 0 0 0 0]]
                 [[0 0 0 0 0 0 0 0 0 0 0 0]
                     [0 0 0 0 0 0 0 0 0 0 0 0]
                     [0 0 0 0 0 0 0 0 0 0 0 0]]
                 [[0 0 0 0 0 0 0 0 0 0 0 0]
                     [0 0 0 0 0 0 0 0 0 0 0 0]
                     [0 0 0 0 0 0 0 0 0 0 0 0]]
                 [[0 0 0 0 0 0 0 0 0 0 0 0]
                     [0 0 0 0 0 0 1 0 0 0 0 0]
                     [0 0 0 0 0 0 0 0 0 0 0 0]]
                 [[0 0 0 0 0 0 0 0 0 0 0 0]
                     [0 0 0 0 0 0 0 0 0 1 0 0]
                     [0 0 0 0 0 0 0 0 0 0 0 0]]
                 [[0 0 0 0 0 0 0 0 0 0 0 0]
                     [0 0 0 0 0 0 0 0 0 0 0 0]
                     [0 0 0 0 0 0 0 0 0 0 0 0]]
                 [[0 0 0 0 0 0 0 0 0 0 0 0]
                     [0 0 0 0 0 0 0 0 0 0 0 0]
                     [0 0 0 0 0 0 0 0 0 0 0 0]]
                 [[0 0 0 0 0 0 0 0 0 0 0 0]
                     [0 0 0 0 0 0 0 0 0 0 0 0]
                     [0 0 0 0 0 0 0 0 0 0 0 0]]
                 [[0 0 0 0 0 0 0 0 0 0 0 0]
                     [0 0 0 0 0 0 0 0 0 0 0 0]
                     [0 0 0 0 0 0 0 0 0 0 0 0]]]
             [[[0 0 0 0 0 0 0 0 0 0 0 0]
                     [0 0 0 0 0 0 0 0 0 0 0 0]
                     [0 0 0 0 0 0 0 0 0 0 0 0]]
                 [[0 0 0 0 0 0 0 0 0 0 0 0]
                     [0 0 0 0 0 0 0 0 0 0 0 0]
                     [0 0 0 0 0 0 0 0 0 0 0 0]]
                 [[0 0 0 0 0 0 0 0 0 0 0 0]
                     [0 0 0 0 0 0 0 0 0 0 0 0]
                     [0 0 0 0 0 0 0 0 0 0 0 0]]
                 [[0 0 0 0 0 0 0 0 0 0 0 0]
                     [0 0 0 0 0 0 0 0 0 0 0 0]
                     [0 0 0 0 0 0 0 0 0 0 0 0]]
                 [[0 0 0 0 0 0 0 0 0 0 0 0]
                     [0 0 0 0 0 0 0 0 0 0 0 0]
                     [0 0 0 0 0 0 0 0 0 0 0 0]]
                 [[0 0 0 0 0 0 0 0 0 0 0 0]
                     [0 0 0 0 0 0 0 0 0 0 0 0]
                     [0 0 0 0 0 0 0 0 0 0 0 0]]
                 [[0 0 0 0 0 0 0 0 0 0 0 0]
                     [0 0 0 0 0 0 0 0 0 0 0 0]
                     [0 0 0 0 0 0 0 0 0 0 0 0]]
                 [[0 1 1 1 1 1 1 1 0 0 1 0]
                     [0 0 0 0 0 0 0 0 0 0 0 0]
                     [0 0 0 0 0 0 0 0 0 0 0 0]]
                 [[0 0 0 0 0 0 0 0 1 0 0 1]
                     [0 0 0 0 0 0 0 0 0 0 0 0]
                     [0 0 0 0 0 0 0 0 0 0 0 0]]
                 [[0 0 0 0 0 0 0 0 0 0 0 0]
                     [0 0 0 0 0 0 0 0 0 0 0 0]
                     [0 0 0 0 0 0 0 0 0 0 0 0]]]
             [[[0 0 0 0 0 0 0 0 0 0 0 0]
                     [0 0 0 0 0 0 0 0 0 0 0 0]
                     [0 0 0 0 0 0 0 0 0 0 0 0]]
                 [[0 0 0 0 0 0 0 0 0 0 0 0]
                     [0 0 0 0 0 0 0 0 0 0 0 0]
                     [0 0 0 0 0 0 0 0 0 0 0 0]]
                 [[0 0 0 0 0 0 0 0 0 0 0 0]
                     [0 0 0 0 0 0 0 0 0 0 0 0]
                     [0 0 0 0 0 0 0 0 0 0 0 0]]
                 [[0 0 0 0 0 0 0 0 0 0 0 0]
                     [0 0 0 0 0 0 0 0 0 0 0 0]
                     [0 0 0 0 0 0 0 0 0 0 0 0]]
                 [[0 0 0 0 0 0 0 0 0 0 0 0]
                     [0 0 0 0 0 0 0 0 0 0 0 0]
                     [0 0 0 0 0 0 0 0 0 0 0 0]]
                 [[0 0 0 0 0 0 0 0 0 0 0 0]
                     [0 0 0 0 0 0 0 0 0 0 0 0]
                     [0 0 0 0 0 0 0 0 0 0 0 0]]
                 [[0 0 0 0 0 0 0 0 0 0 0 0]
                     [0 0 0 0 0 0 0 0 0 0 0 0]
                     [0 0 0 0 0 0 0 0 0 0 0 0]]
                 [[0 0 0 0 0 0 0 0 0 1 0 0]
                     [0 0 0 0 0 0 0 0 0 0 0 0]
                     [0 0 0 0 0 0 0 0 0 0 0 0]]
                 [[0 0 0 0 0 0 0 0 0 0 0 0]
                     [0 0 0 0 0 0 0 0 0 0 0 0]
                     [0 0 0 0 0 0 0 0 0 0 0 0]]
                 [[0 0 0 0 0 0 0 0 0 0 0 0]
                     [0 0 0 0 0 0 0 0 0 0 0 0]
                     [0 0 0 0 0 0 0 0 0 0 0 0]]]
             [[[0 0 0 0 0 0 0 0 0 0 0 0]
                     [0 0 0 0 0 0 0 0 0 0 0 0]
                     [0 0 0 0 0 0 0 0 0 0 0 0]]
                 [[0 0 0 0 0 0 0 0 0 0 0 0]
                     [0 0 0 0 0 0 0 0 0 0 0 0]
                     [0 0 0 0 0 0 0 0 0 0 0 0]]
                 [[0 0 0 0 0 0 0 0 0 0 0 0]
                     [0 0 0 0 0 0 0 0 0 0 0 0]
                     [0 0 0 0 0 0 0 0 0 0 0 0]]
                 [[0 0 0 0 0 0 0 0 0 0 0 0]
                     [0 0 0 0 0 0 0 0 0 0 0 0]
                     [0 0 0 0 0 0 0 0 0 0 0 0]]
                 [[0 0 0 0 0 0 0 0 0 0 0 0]
                     [0 0 0 0 0 0 0 0 0 0 0 0]
                     [0 0 0 0 0 0 0 0 0 0 0 0]]
                 [[0 0 0 0 0 0 0 0 0 0 0 0]
                     [0 0 0 0 0 0 0 0 0 0 0 0]
                     [0 0 0 0 0 0 0 0 0 0 0 0]]
                 [[0 0 0 0 0 0 0 0 0 0 0 0]
                     [0 0 0 0 0 0 0 0 0 0 0 0]
                     [0 0 0 0 0 0 0 0 0 0 0 0]]
                 [[0 0 0 0 0 0 0 0 0 0 0 0]
                     [0 0 0 0 0 0 0 0 0 0 0 0]
                     [0 0 0 0 0 0 0 0 0 0 0 0]]
                 [[0 0 0 0 0 0 0 0 0 0 0 0]
                     [0 0 0 0 0 0 0 0 0 0 0 0]
                     [0 0 0 0 0 0 0 0 0 0 0 0]]
                 [[0 0 0 0 0 0 0 0 0 0 0 0]
                     [0 0 0 0 0 0 0 0 0 0 0 0]
                     [0 0 0 0 0 0 0 0 0 0 0 0]]]];
sb = [[0 0 0 0 0 0 0 0 0 0 0 0]
             [0 0 0 0 0 0 0 0 0 0 0 0]
             [0 0 0 0 0 0 0 0 0 0 0 0]];
stagesetup = [[[0 0 0 0 0 0 0 0 0 0 0 0]
                 [0 0 0 0 0 0 0 0 0 0 0 0]
                 [0 0 0 0 0 1 0 1 0 0 1 0]]
             [[0 0 0 0 0 0 0 0 0 0 0 0]
                 [0 0 0 0 0 0 0 0 0 0 0 0]
                 [1 1 1 0 1 0 0 0 0 0 0 0]]
             [[0 0 0 0 0 0 0 0 0 0 0 0]
                 [0 0 0 0 0 0 0 0 0 0 0 0]
                 [0 0 0 1 0 0 1 0 0 1 0 0]]
             [[0 0 0 0 0 0 0 0 0 0 0 0]
                 [0 0 0 0 0 0 0 0 0 0 0 0]
                 [0 0 0 0 0 0 0 0 1 0 0 1]]
             [[0 0 0 0 0 0 0 0 0 0 0 0]
                 [0 0 0 0 1 0 1 0 0 0 1 0]
                 [0 0 0 0 0 0 0 0 0 0 0 0]]
             [[0 0 0 0 0 0 0 0 0 0 0 0]
                 [1 1 1 1 0 0 0 1 0 1 0 0]
                 [0 0 0 0 0 0 0 0 0 0 0 0]]
             [[0 0 0 0 0 0 0 0 0 0 0 0]
                 [0 0 0 0 0 1 0 0 1 0 0 1]
                 [0 0 0 0 0 0 0 0 0 0 0 0]]
             [[1 1 1 1 1 1 1 1 0 1 1 0]
                 [0 0 0 0 0 0 0 0 0 0 0 0]
                 [0 0 0 0 0 0 0 0 0 0 0 0]]
             [[0 0 0 0 0 0 0 0 1 0 0 1]
                 [0 0 0 0 0 0 0 0 0 0 0 0]
                 [0 0 0 0 0 0 0 0 0 0 0 0]]
             [[0 0 0 0 0 0 0 0 0 0 0 0]
                 [0 0 0 0 0 0 0 0 0 0 0 0]
                 [0 0 0 0 0 0 0 0 0 0 0 0]]];
E_setuptime = [[5 5 5 5 0 5 0 5 5 5 5 0]
             [10 10 10 0 5 0 10 5 0 10 5 0]
             [10 10 15 10 10 15 10 15 15 10 15 0]];
B_setuptime = [[0 0 0 0 0 5 0 5 0 0 0 0]
             [0 0 0 0 10 0 10 0 0 10 0 0]
             [0 0 0 0 0 0 0 0 0 0 0 0]];

