// solution (optimal) with objective 7171.5841
// Quality Incumbent solution:
// MILP objective                                7.1715841000e+003
// MILP solution norm |x| (Total, Max)           8.79500e+003 1.24462e+003
// MILP solution error (Ax=b) (Total, Max)       8.35799e-013 3.66818e-013
// MILP x bound error (Total, Max)               3.94834e-013 3.66412e-013
// MILP x integrality error (Total, Max)         0.00000e+000 0.00000e+000
// MILP slack bound error (Total, Max)           6.47084e-013 3.66412e-013
// 

productionquantity = [[[0
                 0 0 0 0 0 0 0 0 0 0 0]
                 [0 0 0 0 0 0 0 0 0 0 0 0]
                 [0 0 0 0 73.842 0 0 70.154 0 0 70.006 0]]
             [[0 0 0 0 0 0 0 0 0 0 0 0]
                 [0 0 0 0 0 0 0 0 0 0 0 0]
                 [1 0 0 30.706 0 0 0 0 0 0 0 0]]
             [[0 0 0 0 0 0 0 0 0 0 0 0]
                 [0 0 0 0 0 0 0 0 0 0 0 0]
                 [0 0 0 0 0 51.96 50.078 0 0 50.003 0 0]]
             [[0 0 0 0 0 0 0 0 0 0 0 0]
                 [0 0 0 0 0 0 0 0 0 0 0 0]
                 [0 0 0 0 0 0 0 0 100.31 0 0 100.01]]
             [[0 0 0 0 0 0 0 0 0 0 0 0]
                 [0 0 0 0 104.55 0 0 100.18 0 100.01 0 0]
                 [0 0 0 0 0 0 0 0 0 0 0 0]]
             [[0 0 0 0 0 0 0 0 0 0 0 0]
                 [1 0 0 82.666 0 0 80.107 0 0 0 80.004 1.4212e-13]
                 [0 0 0 0 0 0 0 0 0 0 0 0]]
             [[0 0 0 0 0 0 0 0 0 0 0 0]
                 [0 0 0 0 0 159.8 0 0 150.39 0 -3.6641e-13 150.02]
                 [0 0 0 0 0 0 0 0 0 0 0 0]]
             [[1 0 0 0 0 0 99.182 0 1 99.007 0 1]
                 [0 0 0 0 0 0 0 0 0 0 0 0]
                 [0 0 0 0 0 0 0 0 0 0 0 0]]
             [[0 0 0 0 0 0 0 41.961 0 0 42.136 0]
                 [0 0 0 0 0 0 0 0 0 0 0 0]
                 [0 0 0 0 0 0 0 0 0 0 0 0]]
             [[0 0 0 0 0 0 0 0 0 0 0 0]
                 [0 0 0 0 0 0 0 0 0 0 0 0]
                 [0 0 0 0 0 0 0 0 0 0 0 0]]];
inventory = [[166.04 0 0 0 0]
             [106.67 60.029 60.029 30.001 0]
             [99 0 0 0 0]
             [403.84 107.84 0 0 0]
             [213.68 -1.4211e-14 -1.4211e-14 0 0]
             [145.64 1.4211e-14 1.4211e-14 0 0]
             [395 0 0 0 0]
             [317.23 104.55 0 0 0]
             [823.74 463.42 276.2 137.88 0]
             [1244.6 702.98 460.52 230.02 0]];
Pchangeover = [[[[0 0 0 0 0 0 0 0 0 0 0 0]
                     [0 0 0 0 0 0 0 0 0 0 0 0]
                     [0 0 0 0 0 0 0 0 0 0 0 0]]
                 [[0 0 0 0 0 0 0 0 0 0 0 0]
                     [0 0 0 0 0 0 0 0 0 0 0 0]
                     [0 0 0 0 0 0 0 0 0 0 0 0]]
                 [[0 0 0 0 0 0 0 0 0 0 0 0]
                     [0 0 0 0 0 0 0 0 0 0 0 0]
                     [0 0 0 0 0 1 0 0 0 0 0 0]]
                 [[0 0 0 0 0 0 0 0 0 0 0 0]
                     [0 0 0 0 0 0 0 0 0 0 0 0]
                     [0 0 0 0 0 0 0 0 1 0 0 1]]
                 [[0 0 0 0 0 0 0 0 0 0 0 0]
                     [0 0 0 0 0 0 0 0 0 0 0 0]
                     [0 0 0 0 0 0 0 0 0 0 0 0]]
                 [[0 0 0 0 0 0 0 0 0 0 0 0]
                     [0 0 0 0 0 0 0 0 0 0 0 0]
                     [0 0 0 0 0 0 0 0 0 0 0 0]]
                 [[0 0 0 0 0 0 0 0 0 0 0 0]
                     [0 0 0 0 0 0 0 0 0 0 0 0]
                     [0 0 0 0 0 0 0 0 0 0 0 0]]
                 [[0 0 0 0 0 0 0 0 0 0 0 0]
                     [0 0 0 0 0 0 0 0 0 0 0 0]
                     [0 0 0 0 0 0 0 0 0 0 0 0]]
                 [[0 0 0 0 0 0 0 0 0 0 0 0]
                     [0 0 0 0 0 0 0 0 0 0 0 0]
                     [0 0 0 0 0 0 0 0 0 0 0 0]]
                 [[0 0 0 0 0 0 0 0 0 0 0 0]
                     [0 0 0 0 0 0 0 0 0 0 0 0]
                     [0 0 0 0 0 0 0 0 0 0 0 0]]]
             [[[0 0 0 0 0 0 0 0 0 0 0 0]
                     [0 0 0 0 0 0 0 0 0 0 0 0]
                     [0 0 0 0 1 0 0 0 0 0 0 0]]
                 [[0 0 0 0 0 0 0 0 0 0 0 0]
                     [0 0 0 0 0 0 0 0 0 0 0 0]
                     [0 1 1 1 0 0 0 0 0 0 0 0]]
                 [[0 0 0 0 0 0 0 0 0 0 0 0]
                     [0 0 0 0 0 0 0 0 0 0 0 0]
                     [0 0 0 0 0 0 0 0 0 0 0 0]]
                 [[0 0 0 0 0 0 0 0 0 0 0 0]
                     [0 0 0 0 0 0 0 0 0 0 0 0]
                     [0 0 0 0 0 0 0 0 0 0 0 0]]
                 [[0 0 0 0 0 0 0 0 0 0 0 0]
                     [0 0 0 0 0 0 0 0 0 0 0 0]
                     [0 0 0 0 0 0 0 0 0 0 0 0]]
                 [[0 0 0 0 0 0 0 0 0 0 0 0]
                     [0 0 0 0 0 0 0 0 0 0 0 0]
                     [0 0 0 0 0 0 0 0 0 0 0 0]]
                 [[0 0 0 0 0 0 0 0 0 0 0 0]
                     [0 0 0 0 0 0 0 0 0 0 0 0]
                     [0 0 0 0 0 0 0 0 0 0 0 0]]
                 [[0 0 0 0 0 0 0 0 0 0 0 0]
                     [0 0 0 0 0 0 0 0 0 0 0 0]
                     [0 0 0 0 0 0 0 0 0 0 0 0]]
                 [[0 0 0 0 0 0 0 0 0 0 0 0]
                     [0 0 0 0 0 0 0 0 0 0 0 0]
                     [0 0 0 0 0 0 0 0 0 0 0 0]]
                 [[0 0 0 0 0 0 0 0 0 0 0 0]
                     [0 0 0 0 0 0 0 0 0 0 0 0]
                     [0 0 0 0 0 0 0 0 0 0 0 0]]]
             [[[0 0 0 0 0 0 0 0 0 0 0 0]
                     [0 0 0 0 0 0 0 0 0 0 0 0]
                     [0 0 0 0 0 0 0 1 0 0 1 0]]
                 [[0 0 0 0 0 0 0 0 0 0 0 0]
                     [0 0 0 0 0 0 0 0 0 0 0 0]
                     [0 0 0 0 0 0 0 0 0 0 0 0]]
                 [[0 0 0 0 0 0 0 0 0 0 0 0]
                     [0 0 0 0 0 0 0 0 0 0 0 0]
                     [0 0 0 0 0 0 1 0 0 0 0 0]]
                 [[0 0 0 0 0 0 0 0 0 0 0 0]
                     [0 0 0 0 0 0 0 0 0 0 0 0]
                     [0 0 0 0 0 0 0 0 0 0 0 0]]
                 [[0 0 0 0 0 0 0 0 0 0 0 0]
                     [0 0 0 0 0 0 0 0 0 0 0 0]
                     [0 0 0 0 0 0 0 0 0 0 0 0]]
                 [[0 0 0 0 0 0 0 0 0 0 0 0]
                     [0 0 0 0 0 0 0 0 0 0 0 0]
                     [0 0 0 0 0 0 0 0 0 0 0 0]]
                 [[0 0 0 0 0 0 0 0 0 0 0 0]
                     [0 0 0 0 0 0 0 0 0 0 0 0]
                     [0 0 0 0 0 0 0 0 0 0 0 0]]
                 [[0 0 0 0 0 0 0 0 0 0 0 0]
                     [0 0 0 0 0 0 0 0 0 0 0 0]
                     [0 0 0 0 0 0 0 0 0 0 0 0]]
                 [[0 0 0 0 0 0 0 0 0 0 0 0]
                     [0 0 0 0 0 0 0 0 0 0 0 0]
                     [0 0 0 0 0 0 0 0 0 0 0 0]]
                 [[0 0 0 0 0 0 0 0 0 0 0 0]
                     [0 0 0 0 0 0 0 0 0 0 0 0]
                     [0 0 0 0 0 0 0 0 0 0 0 0]]]
             [[[0 0 0 0 0 0 0 0 0 0 0 0]
                     [0 0 0 0 0 0 0 0 0 0 0 0]
                     [0 0 0 0 0 0 0 0 0 0 0 0]]
                 [[0 0 0 0 0 0 0 0 0 0 0 0]
                     [0 0 0 0 0 0 0 0 0 0 0 0]
                     [0 0 0 0 0 0 0 0 0 0 0 0]]
                 [[0 0 0 0 0 0 0 0 0 0 0 0]
                     [0 0 0 0 0 0 0 0 0 0 0 0]
                     [0 0 0 0 0 0 0 0 0 1 0 0]]
                 [[0 0 0 0 0 0 0 0 0 0 0 0]
                     [0 0 0 0 0 0 0 0 0 0 0 0]
                     [0 0 0 0 0 0 0 0 0 0 0 0]]
                 [[0 0 0 0 0 0 0 0 0 0 0 0]
                     [0 0 0 0 0 0 0 0 0 0 0 0]
                     [0 0 0 0 0 0 0 0 0 0 0 0]]
                 [[0 0 0 0 0 0 0 0 0 0 0 0]
                     [0 0 0 0 0 0 0 0 0 0 0 0]
                     [0 0 0 0 0 0 0 0 0 0 0 0]]
                 [[0 0 0 0 0 0 0 0 0 0 0 0]
                     [0 0 0 0 0 0 0 0 0 0 0 0]
                     [0 0 0 0 0 0 0 0 0 0 0 0]]
                 [[0 0 0 0 0 0 0 0 0 0 0 0]
                     [0 0 0 0 0 0 0 0 0 0 0 0]
                     [0 0 0 0 0 0 0 0 0 0 0 0]]
                 [[0 0 0 0 0 0 0 0 0 0 0 0]
                     [0 0 0 0 0 0 0 0 0 0 0 0]
                     [0 0 0 0 0 0 0 0 0 0 0 0]]
                 [[0 0 0 0 0 0 0 0 0 0 0 0]
                     [0 0 0 0 0 0 0 0 0 0 0 0]
                     [0 0 0 0 0 0 0 0 0 0 0 0]]]
             [[[0 0 0 0 0 0 0 0 0 0 0 0]
                     [0 0 0 0 0 0 0 0 0 0 0 0]
                     [0 0 0 0 0 0 0 0 0 0 0 0]]
                 [[0 0 0 0 0 0 0 0 0 0 0 0]
                     [0 0 0 0 0 0 0 0 0 0 0 0]
                     [0 0 0 0 0 0 0 0 0 0 0 0]]
                 [[0 0 0 0 0 0 0 0 0 0 0 0]
                     [0 0 0 0 0 0 0 0 0 0 0 0]
                     [0 0 0 0 0 0 0 0 0 0 0 0]]
                 [[0 0 0 0 0 0 0 0 0 0 0 0]
                     [0 0 0 0 0 0 0 0 0 0 0 0]
                     [0 0 0 0 0 0 0 0 0 0 0 0]]
                 [[0 0 0 0 0 0 0 0 0 0 0 0]
                     [0 0 0 0 0 0 0 0 0 0 0 0]
                     [0 0 0 0 0 0 0 0 0 0 0 0]]
                 [[0 0 0 0 0 0 0 0 0 0 0 0]
                     [0 0 0 0 0 0 0 0 0 0 1 0]
                     [0 0 0 0 0 0 0 0 0 0 0 0]]
                 [[0 0 0 0 0 0 0 0 0 0 0 0]
                     [0 0 0 0 0 1 0 0 1 0 0 0]
                     [0 0 0 0 0 0 0 0 0 0 0 0]]
                 [[0 0 0 0 0 0 0 0 0 0 0 0]
                     [0 0 0 0 0 0 0 0 0 0 0 0]
                     [0 0 0 0 0 0 0 0 0 0 0 0]]
                 [[0 0 0 0 0 0 0 0 0 0 0 0]
                     [0 0 0 0 0 0 0 0 0 0 0 0]
                     [0 0 0 0 0 0 0 0 0 0 0 0]]
                 [[0 0 0 0 0 0 0 0 0 0 0 0]
                     [0 0 0 0 0 0 0 0 0 0 0 0]
                     [0 0 0 0 0 0 0 0 0 0 0 0]]]
             [[[0 0 0 0 0 0 0 0 0 0 0 0]
                     [0 0 0 0 0 0 0 0 0 0 0 0]
                     [0 0 0 0 0 0 0 0 0 0 0 0]]
                 [[0 0 0 0 0 0 0 0 0 0 0 0]
                     [0 0 0 0 0 0 0 0 0 0 0 0]
                     [0 0 0 0 0 0 0 0 0 0 0 0]]
                 [[0 0 0 0 0 0 0 0 0 0 0 0]
                     [0 0 0 0 0 0 0 0 0 0 0 0]
                     [0 0 0 0 0 0 0 0 0 0 0 0]]
                 [[0 0 0 0 0 0 0 0 0 0 0 0]
                     [0 0 0 0 0 0 0 0 0 0 0 0]
                     [0 0 0 0 0 0 0 0 0 0 0 0]]
                 [[0 0 0 0 0 0 0 0 0 0 0 0]
                     [0 0 0 0 1 0 0 1 0 0 0 0]
                     [0 0 0 0 0 0 0 0 0 0 0 0]]
                 [[0 0 0 0 0 0 0 0 0 0 0 0]
                     [0 1 1 1 0 0 0 0 0 0 0 0]
                     [0 0 0 0 0 0 0 0 0 0 0 0]]
                 [[0 0 0 0 0 0 0 0 0 0 0 0]
                     [0 0 0 0 0 0 0 0 0 0 0 1]
                     [0 0 0 0 0 0 0 0 0 0 0 0]]
                 [[0 0 0 0 0 0 0 0 0 0 0 0]
                     [0 0 0 0 0 0 0 0 0 0 0 0]
                     [0 0 0 0 0 0 0 0 0 0 0 0]]
                 [[0 0 0 0 0 0 0 0 0 0 0 0]
                     [0 0 0 0 0 0 0 0 0 0 0 0]
                     [0 0 0 0 0 0 0 0 0 0 0 0]]
                 [[0 0 0 0 0 0 0 0 0 0 0 0]
                     [0 0 0 0 0 0 0 0 0 0 0 0]
                     [0 0 0 0 0 0 0 0 0 0 0 0]]]
             [[[0 0 0 0 0 0 0 0 0 0 0 0]
                     [0 0 0 0 0 0 0 0 0 0 0 0]
                     [0 0 0 0 0 0 0 0 0 0 0 0]]
                 [[0 0 0 0 0 0 0 0 0 0 0 0]
                     [0 0 0 0 0 0 0 0 0 0 0 0]
                     [0 0 0 0 0 0 0 0 0 0 0 0]]
                 [[0 0 0 0 0 0 0 0 0 0 0 0]
                     [0 0 0 0 0 0 0 0 0 0 0 0]
                     [0 0 0 0 0 0 0 0 0 0 0 0]]
                 [[0 0 0 0 0 0 0 0 0 0 0 0]
                     [0 0 0 0 0 0 0 0 0 0 0 0]
                     [0 0 0 0 0 0 0 0 0 0 0 0]]
                 [[0 0 0 0 0 0 0 0 0 0 0 0]
                     [0 0 0 0 0 0 0 0 0 1 0 0]
                     [0 0 0 0 0 0 0 0 0 0 0 0]]
                 [[0 0 0 0 0 0 0 0 0 0 0 0]
                     [0 0 0 0 0 0 1 0 0 0 0 0]
                     [0 0 0 0 0 0 0 0 0 0 0 0]]
                 [[0 0 0 0 0 0 0 0 0 0 0 0]
                     [0 0 0 0 0 0 0 0 0 0 0 0]
                     [0 0 0 0 0 0 0 0 0 0 0 0]]
                 [[0 0 0 0 0 0 0 0 0 0 0 0]
                     [0 0 0 0 0 0 0 0 0 0 0 0]
                     [0 0 0 0 0 0 0 0 0 0 0 0]]
                 [[0 0 0 0 0 0 0 0 0 0 0 0]
                     [0 0 0 0 0 0 0 0 0 0 0 0]
                     [0 0 0 0 0 0 0 0 0 0 0 0]]
                 [[0 0 0 0 0 0 0 0 0 0 0 0]
                     [0 0 0 0 0 0 0 0 0 0 0 0]
                     [0 0 0 0 0 0 0 0 0 0 0 0]]]
             [[[0 0 0 0 0 0 0 0 0 0 0 0]
                     [0 0 0 0 0 0 0 0 0 0 0 0]
                     [0 0 0 0 0 0 0 0 0 0 0 0]]
                 [[0 0 0 0 0 0 0 0 0 0 0 0]
                     [0 0 0 0 0 0 0 0 0 0 0 0]
                     [0 0 0 0 0 0 0 0 0 0 0 0]]
                 [[0 0 0 0 0 0 0 0 0 0 0 0]
                     [0 0 0 0 0 0 0 0 0 0 0 0]
                     [0 0 0 0 0 0 0 0 0 0 0 0]]
                 [[0 0 0 0 0 0 0 0 0 0 0 0]
                     [0 0 0 0 0 0 0 0 0 0 0 0]
                     [0 0 0 0 0 0 0 0 0 0 0 0]]
                 [[0 0 0 0 0 0 0 0 0 0 0 0]
                     [0 0 0 0 0 0 0 0 0 0 0 0]
                     [0 0 0 0 0 0 0 0 0 0 0 0]]
                 [[0 0 0 0 0 0 0 0 0 0 0 0]
                     [0 0 0 0 0 0 0 0 0 0 0 0]
                     [0 0 0 0 0 0 0 0 0 0 0 0]]
                 [[0 0 0 0 0 0 0 0 0 0 0 0]
                     [0 0 0 0 0 0 0 0 0 0 0 0]
                     [0 0 0 0 0 0 0 0 0 0 0 0]]
                 [[0 1 1 1 1 1 1 0 0 1 0 0]
                     [0 0 0 0 0 0 0 0 0 0 0 0]
                     [0 0 0 0 0 0 0 0 0 0 0 0]]
                 [[0 0 0 0 0 0 0 1 0 0 1 0]
                     [0 0 0 0 0 0 0 0 0 0 0 0]
                     [0 0 0 0 0 0 0 0 0 0 0 0]]
                 [[0 0 0 0 0 0 0 0 0 0 0 0]
                     [0 0 0 0 0 0 0 0 0 0 0 0]
                     [0 0 0 0 0 0 0 0 0 0 0 0]]]
             [[[0 0 0 0 0 0 0 0 0 0 0 0]
                     [0 0 0 0 0 0 0 0 0 0 0 0]
                     [0 0 0 0 0 0 0 0 0 0 0 0]]
                 [[0 0 0 0 0 0 0 0 0 0 0 0]
                     [0 0 0 0 0 0 0 0 0 0 0 0]
                     [0 0 0 0 0 0 0 0 0 0 0 0]]
                 [[0 0 0 0 0 0 0 0 0 0 0 0]
                     [0 0 0 0 0 0 0 0 0 0 0 0]
                     [0 0 0 0 0 0 0 0 0 0 0 0]]
                 [[0 0 0 0 0 0 0 0 0 0 0 0]
                     [0 0 0 0 0 0 0 0 0 0 0 0]
                     [0 0 0 0 0 0 0 0 0 0 0 0]]
                 [[0 0 0 0 0 0 0 0 0 0 0 0]
                     [0 0 0 0 0 0 0 0 0 0 0 0]
                     [0 0 0 0 0 0 0 0 0 0 0 0]]
                 [[0 0 0 0 0 0 0 0 0 0 0 0]
                     [0 0 0 0 0 0 0 0 0 0 0 0]
                     [0 0 0 0 0 0 0 0 0 0 0 0]]
                 [[0 0 0 0 0 0 0 0 0 0 0 0]
                     [0 0 0 0 0 0 0 0 0 0 0 0]
                     [0 0 0 0 0 0 0 0 0 0 0 0]]
                 [[0 0 0 0 0 0 0 0 1 0 0 1]
                     [0 0 0 0 0 0 0 0 0 0 0 0]
                     [0 0 0 0 0 0 0 0 0 0 0 0]]
                 [[0 0 0 0 0 0 0 0 0 0 0 0]
                     [0 0 0 0 0 0 0 0 0 0 0 0]
                     [0 0 0 0 0 0 0 0 0 0 0 0]]
                 [[0 0 0 0 0 0 0 0 0 0 0 0]
                     [0 0 0 0 0 0 0 0 0 0 0 0]
                     [0 0 0 0 0 0 0 0 0 0 0 0]]]
             [[[0 0 0 0 0 0 0 0 0 0 0 0]
                     [0 0 0 0 0 0 0 0 0 0 0 0]
                     [0 0 0 0 0 0 0 0 0 0 0 0]]
                 [[0 0 0 0 0 0 0 0 0 0 0 0]
                     [0 0 0 0 0 0 0 0 0 0 0 0]
                     [0 0 0 0 0 0 0 0 0 0 0 0]]
                 [[0 0 0 0 0 0 0 0 0 0 0 0]
                     [0 0 0 0 0 0 0 0 0 0 0 0]
                     [0 0 0 0 0 0 0 0 0 0 0 0]]
                 [[0 0 0 0 0 0 0 0 0 0 0 0]
                     [0 0 0 0 0 0 0 0 0 0 0 0]
                     [0 0 0 0 0 0 0 0 0 0 0 0]]
                 [[0 0 0 0 0 0 0 0 0 0 0 0]
                     [0 0 0 0 0 0 0 0 0 0 0 0]
                     [0 0 0 0 0 0 0 0 0 0 0 0]]
                 [[0 0 0 0 0 0 0 0 0 0 0 0]
                     [0 0 0 0 0 0 0 0 0 0 0 0]
                     [0 0 0 0 0 0 0 0 0 0 0 0]]
                 [[0 0 0 0 0 0 0 0 0 0 0 0]
                     [0 0 0 0 0 0 0 0 0 0 0 0]
                     [0 0 0 0 0 0 0 0 0 0 0 0]]
                 [[0 0 0 0 0 0 0 0 0 0 0 0]
                     [0 0 0 0 0 0 0 0 0 0 0 0]
                     [0 0 0 0 0 0 0 0 0 0 0 0]]
                 [[0 0 0 0 0 0 0 0 0 0 0 0]
                     [0 0 0 0 0 0 0 0 0 0 0 0]
                     [0 0 0 0 0 0 0 0 0 0 0 0]]
                 [[0 0 0 0 0 0 0 0 0 0 0 0]
                     [0 0 0 0 0 0 0 0 0 0 0 0]
                     [0 0 0 0 0 0 0 0 0 0 0 0]]]];
sb = [[0 0 0 0 0 0 0 0 0 0 0 0]
             [0 0 0 0 0 0 0 0 0 0 0 0]
             [0 0 0 0 0 0 0 0 0 0 0 0]];
stagesetup = [[[0 0 0 0 0 0 0 0 0 0 0 0]
                 [0 0 0 0 0 0 0 0 0 0 0 0]
                 [0 0 0 0 1 0 0 1 0 0 1 0]]
             [[0 0 0 0 0 0 0 0 0 0 0 0]
                 [0 0 0 0 0 0 0 0 0 0 0 0]
                 [1 1 1 1 0 0 0 0 0 0 0 0]]
             [[0 0 0 0 0 0 0 0 0 0 0 0]
                 [0 0 0 0 0 0 0 0 0 0 0 0]
                 [0 0 0 0 0 1 1 0 0 1 0 0]]
             [[0 0 0 0 0 0 0 0 0 0 0 0]
                 [0 0 0 0 0 0 0 0 0 0 0 0]
                 [0 0 0 0 0 0 0 0 1 0 0 1]]
             [[0 0 0 0 0 0 0 0 0 0 0 0]
                 [0 0 0 0 1 0 0 1 0 1 0 0]
                 [0 0 0 0 0 0 0 0 0 0 0 0]]
             [[0 0 0 0 0 0 0 0 0 0 0 0]
                 [1 1 1 1 0 0 1 0 0 0 1 0]
                 [0 0 0 0 0 0 0 0 0 0 0 0]]
             [[0 0 0 0 0 0 0 0 0 0 0 0]
                 [0 0 0 0 0 1 0 0 1 0 0 1]
                 [0 0 0 0 0 0 0 0 0 0 0 0]]
             [[1 1 1 1 1 1 1 0 1 1 0 1]
                 [0 0 0 0 0 0 0 0 0 0 0 0]
                 [0 0 0 0 0 0 0 0 0 0 0 0]]
             [[0 0 0 0 0 0 0 1 0 0 1 0]
                 [0 0 0 0 0 0 0 0 0 0 0 0]
                 [0 0 0 0 0 0 0 0 0 0 0 0]]
             [[0 0 0 0 0 0 0 0 0 0 0 0]
                 [0 0 0 0 0 0 0 0 0 0 0 0]
                 [0 0 0 0 0 0 0 0 0 0 0 0]]];
E_setuptime = [[5 5 5 5 0 5 5 0 5 5 5 0]
             [10 10 10 0 5 10 10 5 0 5 5 0]
             [10 10 10 10 15 15 10 15 15 10 15 0]];
B_setuptime = [[0 0 0 0 0 5 0 0 5 0 0 0]
             [0 0 0 0 10 0 0 0 0 10 5 0]
             [0 0 0 0 0 0 0 0 0 0 0 0]];

