Run 1: Accuracy: 95 %
Selected Features: [1 0 1 0 0 0 1;1 0 1 0 1 0 1;0 0 1 1 1 0 0;1 0 1 0 0 0 1;1 0 1 0 1 0 1;1 0 1 0 1 0 1;1 0 1 0 1 1 1;0 0 1 1 1 1 0;0 0 1 1 1 0 0;1 0 1 0 0 1 0;1 0 1 0 1 0 1;0 1 0 0 1 1 0;0 0 1 1 1 0 0;0 0 0 0 0 0 0;0 0 0 0 0 0 0;0 0 0 0 0 0 0;0 1 0 0 1 0 0;1 0 1 0 1 0 1;0 0 1 1 1 0 1;0 0 1 1 1 0 1;0 1 0 0 1 1 0;0 1 0 0 1 0 0;1 0 1 0 1 0 1;0 1 0 0 1 0 1;0 0 0 0 0 0 0;0 0 1 0 0 0 0;0 0 1 0 0 0 0;1 1 1 0 1 0 0;1 0 1 0 1 0 1;1 0 1 0 0 1 1;0 1 0 0 0 0 0;1 0 1 0 1 1 1;1 0 1 0 0 0 1;0 1 0 0 1 0 0;0 0 1 1 1 0 0;1 0 1 0 1 1 0;1 0 1 0 1 0 0;0 1 0 0 1 0 0;0 0 1 1 1 0 0;1 1 0 0 0 1 0;1 1 0 0 0 0 0;0 0 0 0 1 0 0;0 1 0 0 0 0 0;0 1 0 0 1 0 0;1 0 1 0 1 0 1;1 0 1 0 1 0 1;0 0 0 0 0 0 0;1 0 1 0 1 0 1;1 0 1 0 1 0 1;1 0 1 0 1 0 0;1 0 1 0 1 0 1;1 1 0 0 0 0 0;0 0 1 0 1 0 0;0 0 0 0 0 0 1;1 0 1 0 1 0 0;1 0 1 0 1 0 1;0 0 0 0 1 0 1;0 1 0 0 1 1 0;0 0 0 0 1 0 1;0 1 0 0 1 0 0;0 0 1 1 1 0 1;0 0 1 1 1 0 0;0 0 1 0 1 0 0;1 0 0 0 1 0 1;1 0 1 0 1 0 1;1 0 1 0 1 1 1;0 0 1 1 1 0 1;1 0 1 0 1 0 1;1 0 1 0 1 1 1;1 0 1 0 1 0 1;1 0 1 0 1 1 1;0 0 0 0 1 0 1;0 0 0 0 1 0 0;0 0 1 1 1 0 0;1 0 1 1 0 0 1;1 0 1 1 1 0 1;0 0 1 0 1 0 0;0 0 0 0 0 0 0;0 1 0 0 1 0 0;0 1 0 0 1 0 0;0 0 1 0 1 0 0;0 0 0 0 0 0 0;0 0 1 1 1 0 0;0 1 0 0 1 0 0;1 0 1 0 1 0 0;0 0 0 0 0 0 0;0 0 1 1 1 0 1;0 1 0 0 1 0 1;0 0 0 0 0 0 0;0 0 1 0 0 0 0;0 0 0 0 1 0 1;0 0 1 0 1 0 0;0 0 1 1 1 0 1;1 1 1 0 1 0 0;1 0 1 0 1 0 0;0 1 0 0 1 0 1;1 0 1 0 1 0 1;1 1 0 0 0 0 0;1 0 1 0 1 0 1;0 0 0 0 0 0 0;0 1 0 0 1 0 0]
Curve: [0.1 0.1 0.05 0.05 0.05 0.05 0.05 0.05 0.05 0.05 0.05 0.05 0.05 0.05 0.05 0.05 0.05 0.05 0.05 0.05 0.05 0.05 0.05 0.05 0.05 0.05 0.05 0.05 0.05 0.05 0.05 0.05 0.05 0.05 0.05 0.05 0.05 0.05 0.05 0.05 0.05 0.05 0.05 0.05 0.05 0.05 0.05 0.05 0.05 0.05 0.05 0.05 0.05 0.05 0.05 0.05 0.05 0.05 0.05 0.05 0.05 0.05 0.05 0.05 0.05 0.05 0.05 0.05 0.05 0.05 0.05 0.05 0.05 0.05 0.05 0.05 0.05 0.05 0.05 0.05 0.05 0.05 0.05 0.05 0.05 0.05 0.05 0.05 0.05 0.05 0.05 0.05 0.05 0.05 0.05 0.05 0.05 0.05 0.05 0.05]
Run time: 27.59 seconds
Run 2: Accuracy: 95 %
Selected Features: [1 0 1 1 1 4 0 0 1;1 0 1 0 1 4 1 0 1;0 1 0 1 1 0 1 0 0;1 0 1 1 1 4 0 0 1;1 0 1 1 1 4 1 0 1;1 0 1 0 1 4 1 0 1;1 0 1 0 1 4 1 1 1;0 1 0 0 1 0 1 1 0;0 1 0 1 1 0 1 0 0;1 0 1 0 1 4 0 1 0;1 0 1 1 1 4 1 0 1;0 1 0 0 1 2 1 1 0;0 1 0 1 1 0 1 0 0;0 1 0 1 0 0 0 0 0;0 1 0 1 0 4 0 0 0;0 1 0 1 0 6 0 0 0;0 1 0 1 1 2 1 0 0;1 0 1 0 1 4 1 0 1;0 1 0 1 1 0 1 0 1;0 0 1 1 1 0 1 0 1;0 1 0 0 1 2 1 1 0;0 1 0 0 1 2 1 0 0;1 0 1 0 1 4 1 0 1;0 1 0 0 1 2 1 0 1;0 1 0 0 0 6 0 0 0;0 1 0 1 1 4 0 0 0;0 1 0 1 1 4 0 0 0;1 0 1 0 1 2 1 0 0;1 0 1 0 1 4 1 0 1;1 0 1 1 1 2 0 1 1;0 1 0 0 0 6 0 0 0;1 0 1 0 1 4 1 1 1;1 0 1 0 1 2 0 0 1;0 1 0 1 1 2 1 0 0;0 1 0 0 1 0 1 0 0;1 0 1 0 1 4 1 1 0;1 0 1 0 1 4 1 0 0;0 1 0 1 1 2 1 0 0;0 1 0 1 1 0 1 0 0;1 1 0 0 0 6 0 1 0;1 1 0 0 0 6 0 0 0;0 1 0 1 1 2 1 0 0;0 1 0 1 0 6 0 0 0;0 1 0 0 1 2 1 0 0;1 0 1 1 1 4 1 0 1;1 0 1 1 1 4 1 0 1;0 1 0 1 0 6 0 0 0;1 0 1 1 1 4 1 0 1;1 0 1 1 1 4 1 0 1;1 0 1 1 1 4 1 0 0;1 0 1 1 1 4 1 0 1;1 1 0 0 0 6 0 0 0;0 1 0 1 1 4 1 0 0;0 1 0 1 0 8 0 0 1;1 0 1 1 1 4 1 0 0;1 0 1 0 1 4 1 0 1;0 1 0 0 1 2 1 0 1;0 1 0 0 1 2 1 1 0;0 1 0 1 1 2 1 0 1;0 1 0 0 1 2 1 0 0;0 1 0 1 1 0 1 0 1;0 1 0 1 1 0 1 0 0;0 1 0 1 1 0 1 0 0;1 1 1 1 1 4 1 0 1;1 0 1 1 1 4 1 0 1;1 0 1 0 1 4 1 1 1;0 0 1 1 1 0 1 0 1;1 0 1 1 1 4 1 0 1;1 0 1 1 1 4 1 1 1;1 0 1 1 1 4 1 0 1;1 0 1 0 1 4 1 1 1;0 1 0 1 1 2 1 0 1;0 0 0 1 0 8 1 0 0;0 1 0 0 1 0 1 0 0;1 0 1 1 1 0 0 0 1;1 0 1 1 1 2 1 0 1;0 0 0 1 1 0 1 0 0;0 1 0 1 0 0 0 0 0;0 1 0 1 1 2 1 0 0;0 1 0 1 1 2 1 0 0;0 1 0 1 1 0 1 0 0;0 1 0 0 0 0 0 0 0;0 1 0 0 1 0 1 0 0;0 1 0 0 1 2 1 0 0;1 0 1 0 1 2 1 0 0;0 1 0 1 0 5 0 0 0;0 1 0 1 1 0 1 0 1;0 1 0 0 1 2 1 0 1;0 1 0 0 0 6 0 0 0;0 1 0 0 1 4 0 0 0;0 1 0 0 1 4 1 0 1;0 1 0 1 1 4 1 0 0;0 1 0 1 1 0 1 0 1;1 0 1 0 1 2 1 0 0;1 0 1 0 1 4 1 0 0;0 1 0 1 1 2 1 0 1;1 0 1 0 1 2 1 0 1;1 1 0 0 0 6 0 0 0;1 0 1 1 1 4 1 0 1;0 1 0 0 0 0 0 0 0;0 1 0 0 1 2 1 0 0]
Curve: [0.05 0.05 0.05 0.05 0.05 0.05 0.05 0.05 0.05 0.05 0.05 0.05 0.05 0.05 0.05 0.05 0.05 0.05 0.05 0.05 0.05 0.05 0.05 0.05 0.05 0.05 0.05 0.05 0.05 0.05 0.05 0.05 0.05 0.05 0.05 0.05 0.05 0.05 0.05 0.05 0.05 0.05 0.05 0.05 0.05 0.05 0.05 0.05 0.05 0.05 0.05 0.05 0.05 0.05 0.05 0.05 0.05 0.05 0.05 0.05 0.05 0.05 0.05 0.05 0.05 0.05 0.05 0.05 0.05 0.05 0.05 0.05 0.05 0.05 0.05 0.05 0.05 0.05 0.05 0.05 0.05 0.05 0.05 0.05 0.05 0.05 0.05 0.05 0.05 0.05 0.05 0.05 0.05 0.05 0.05 0.05 0.05 0.05 0.05 0.05]
Run time: 16.55 seconds
Run 3: Accuracy: 95 %
Selected Features: [0 1 1 1 4 0 0;0 1 1 1 4 1 0;1 0 1 0 0 1 0;0 1 1 1 4 0 0;0 1 1 1 4 1 0;0 1 1 1 4 1 0;0 1 1 1 4 1 1;1 0 1 0 0 1 1;1 0 1 0 0 1 0;0 1 1 1 4 0 1;0 1 1 1 4 1 0;1 0 1 1 2 1 1;1 0 1 0 0 1 0;1 0 0 0 0 0 0;1 0 0 0 4 0 0;1 0 0 0 6 0 0;1 0 1 1 2 1 0;0 1 1 1 4 1 0;1 0 1 0 0 1 0;0 1 1 1 0 1 0;1 0 1 1 2 1 1;1 0 1 1 2 1 0;0 1 1 1 4 1 0;1 0 1 1 2 1 0;1 0 0 1 6 0 0;1 0 1 1 4 0 0;1 0 1 1 4 0 0;0 1 1 1 2 1 0;0 1 1 1 4 1 0;0 1 1 1 2 0 1;1 0 0 1 6 0 0;0 1 1 1 4 1 1;0 1 1 1 2 0 0;1 0 1 1 2 1 0;1 0 1 0 0 1 0;0 1 1 1 4 1 1;0 1 1 1 4 1 0;1 0 1 1 2 1 0;1 0 1 0 0 1 0;1 0 0 1 6 0 1;1 0 0 1 6 0 0;1 0 1 1 2 1 0;1 0 0 1 6 0 0;1 0 1 1 2 1 0;0 1 1 1 4 1 0;0 1 1 1 4 1 0;1 0 0 0 6 0 0;0 1 1 1 4 1 0;0 1 1 1 4 1 0;0 1 1 1 4 1 0;0 1 1 1 4 1 0;1 0 0 1 6 0 0;1 0 1 1 4 1 0;1 0 0 0 8 0 0;0 1 1 1 4 1 0;0 1 1 1 4 1 0;1 0 1 1 2 1 0;1 0 1 1 2 1 1;1 0 1 1 2 1 0;1 0 1 1 2 1 0;1 0 1 0 0 1 0;1 0 1 0 0 1 0;1 0 1 1 0 1 0;1 1 1 1 4 1 0;0 1 1 1 4 1 0;0 1 1 1 4 1 1;0 1 1 1 0 1 0;0 1 1 1 4 1 0;0 1 1 1 4 1 1;0 1 1 1 4 1 0;0 1 1 1 4 1 1;1 0 1 1 2 1 0;0 0 0 1 8 1 0;1 0 1 0 0 1 0;0 1 1 1 0 0 0;0 1 1 1 2 1 0;0 0 1 0 0 1 0;1 0 0 0 0 0 0;1 0 1 1 2 1 0;1 0 1 1 2 1 0;1 0 1 1 0 1 0;1 0 0 1 0 0 0;1 0 1 0 0 1 0;1 0 1 1 2 1 0;0 1 1 1 2 1 0;1 0 0 0 5 0 0;1 0 1 0 0 1 0;1 0 1 1 2 1 0;1 0 0 1 6 0 0;1 0 1 1 4 0 0;1 0 1 1 4 1 0;1 0 1 1 4 1 0;1 0 1 0 0 1 0;0 1 1 1 2 1 0;0 1 1 1 4 1 0;1 0 1 1 2 1 0;0 1 1 1 2 1 0;1 0 0 1 6 0 0;0 1 1 1 4 1 0;1 0 0 1 0 0 0;1 0 1 1 2 1 0]
Curve: [0.05 0.05 0.05 0.05 0.05 0.05 0.05 0.05 0.05 0.05 0.05 0.05 0.05 0.05 0.05 0.05 0.05 0.05 0.05 0.05 0.05 0.05 0.05 0.05 0.05 0.05 0.05 0.05 0.05 0.05 0.05 0.05 0.05 0.05 0.05 0.05 0.05 0.05 0.05 0.05 0.05 0.05 0.05 0.05 0.05 0.05 0.05 0.05 0.05 0.05 0.05 0.05 0.05 0.05 0.05 0.05 0.05 0.05 0.05 0.05 0.05 0.05 0.05 0.05 0.05 0.05 0.05 0.05 0.05 0.05 0.05 0.05 0.05 0.05 0.05 0.05 0.05 0.05 0.05 0.05 0.05 0.05 0.05 0.05 0.05 0.05 0.05 0.05 0.05 0.05 0.05 0.05 0.05 0.05 0.05 0.05 0.05 0.05 0.05 0.05]
Run time: 15.79 seconds
Run 4: Accuracy: 100 %
Selected Features: [1 0 0 0 1 1 0;1 0 0 0 1 1 0;0 0 0 1 1 0 1;1 0 0 0 1 1 0;1 0 0 0 1 1 0;1 0 0 0 1 1 0;1 0 0 0 1 1 0;0 0 0 1 1 0 1;0 0 0 1 1 0 1;1 0 0 0 1 1 0;1 0 0 0 1 1 0;0 1 1 0 1 1 0;0 0 0 1 1 0 1;0 0 0 0 0 0 0;0 0 0 1 0 0 0;0 0 0 1 0 0 0;0 1 1 0 1 1 0;1 0 0 0 1 1 0;0 0 0 1 1 0 1;0 0 0 1 1 1 1;0 1 1 0 1 1 0;0 1 1 1 1 1 0;1 0 0 0 1 1 0;0 1 1 0 1 1 0;0 0 0 0 0 1 0;0 0 0 1 1 1 0;0 0 0 1 1 1 0;1 0 1 0 1 1 0;1 0 0 0 1 1 0;1 0 0 0 1 1 0;0 0 1 0 0 1 0;1 0 0 0 1 1 0;1 0 0 0 1 1 0;0 1 1 1 1 1 0;0 0 0 1 1 0 1;1 0 0 0 1 1 0;1 0 0 0 1 1 0;0 1 1 0 1 1 0;0 0 0 1 1 0 1;1 0 1 0 0 1 0;1 0 1 0 0 1 0;0 1 0 0 1 1 0;0 0 1 0 0 1 0;0 1 1 0 1 1 0;1 0 0 0 1 1 0;1 0 0 0 1 1 0;0 0 0 1 0 0 0;1 0 0 0 1 1 0;1 0 0 1 1 1 0;1 0 0 0 1 1 0;1 0 0 0 1 1 0;1 0 1 0 0 1 0;0 0 0 1 1 1 0;0 0 0 1 0 0 0;1 0 0 0 1 1 0;1 0 0 0 1 1 0;0 1 0 0 1 1 0;0 1 1 0 1 1 0;0 1 0 1 1 1 0;0 1 1 0 1 1 0;0 0 0 1 1 0 1;0 0 0 1 1 0 1;0 0 0 0 1 1 0;1 0 0 1 1 1 0;1 0 0 0 1 1 0;1 0 0 0 1 1 0;0 0 0 1 1 1 1;1 0 0 0 1 1 0;1 0 0 0 1 1 0;1 0 0 0 1 1 0;1 0 0 0 1 1 0;0 1 0 0 1 1 0;0 0 0 0 0 1 0;0 0 0 1 1 0 1;1 0 0 1 1 1 1;1 0 0 1 1 1 1;0 0 0 1 1 0 0;0 0 0 1 0 0 0;0 1 1 1 1 1 0;0 1 1 1 1 1 0;0 0 0 0 1 1 0;0 0 0 0 0 1 0;0 0 0 1 1 0 1;0 1 1 0 1 1 0;1 0 0 0 1 1 0;0 0 0 1 0 0 0;0 0 0 1 1 0 1;0 1 1 1 1 1 0;0 0 0 0 0 1 0;0 0 0 1 1 1 0;0 0 0 0 1 1 0;0 0 0 0 1 1 0;0 0 0 1 1 0 1;1 0 1 0 1 1 0;1 0 0 0 1 1 0;0 1 1 0 1 1 0;1 0 0 0 1 1 0;1 0 1 0 0 1 0;1 0 0 0 1 1 0;0 0 0 0 0 1 0;0 1 1 0 1 1 0]
Curve: [0.1 0.05 0.05 0.05 0.05 0 0 0 0 0 0 0 0 0 0 0 0 0 0 0 0 0 0 0 0 0 0 0 0 0 0 0 0 0 0 0 0 0 0 0 0 0 0 0 0 0 0 0 0 0 0 0 0 0 0 0 0 0 0 0 0 0 0 0 0 0 0 0 0 0 0 0 0 0 0 0 0 0 0 0 0 0 0 0 0 0 0 0 0 0 0 0 0 0 0 0 0 0 0 0]
Run time: 16.23 seconds
Run 5: Accuracy: 95 %
Selected Features: [1 0 1 0 1 4 0;1 0 1 0 1 4 1;0 1 0 1 0 0 1;1 0 1 0 1 4 0;1 0 1 0 1 4 1;1 0 1 0 1 4 1;1 0 1 0 1 4 1;0 1 0 1 0 0 1;0 1 0 1 0 0 1;1 0 1 0 1 4 0;1 0 1 0 1 4 1;0 1 0 0 1 2 1;0 1 0 1 0 0 1;0 1 0 0 0 0 0;0 1 0 1 0 4 0;0 1 0 1 0 6 0;0 1 0 0 1 2 1;1 0 1 0 1 4 1;0 1 0 1 0 0 1;0 0 1 1 1 0 1;0 1 0 0 1 2 1;0 1 0 1 1 2 1;1 0 1 0 1 4 1;0 1 0 0 1 2 1;0 1 0 0 1 6 0;0 1 0 1 1 4 0;0 1 0 1 1 4 0;1 0 1 0 1 2 1;1 0 1 0 1 4 1;1 0 1 0 1 2 0;0 1 0 0 1 6 0;1 0 1 0 1 4 1;1 0 1 0 1 2 0;0 1 0 1 1 2 1;0 1 0 1 0 0 1;1 0 1 0 1 4 1;1 0 1 0 1 4 1;0 1 0 0 1 2 1;0 1 0 1 0 0 1;1 1 0 0 1 6 0;1 1 0 0 1 6 0;0 1 0 0 1 2 1;0 1 0 0 1 6 0;0 1 0 0 1 2 1;1 0 1 0 1 4 1;1 0 1 0 1 4 1;0 1 0 1 0 6 0;1 0 1 0 1 4 1;1 0 1 1 1 4 1;1 0 1 0 1 4 1;1 0 1 0 1 4 1;1 1 0 0 1 6 0;0 1 0 1 1 4 1;0 1 0 1 0 8 0;1 0 1 0 1 4 1;1 0 1 0 1 4 1;0 1 0 0 1 2 1;0 1 0 0 1 2 1;0 1 0 1 1 2 1;0 1 0 0 1 2 1;0 1 0 1 0 0 1;0 1 0 1 0 0 1;0 1 0 0 1 0 1;1 1 1 1 1 4 1;1 0 1 0 1 4 1;1 0 1 0 1 4 1;0 0 1 1 1 0 1;1 0 1 0 1 4 1;1 0 1 0 1 4 1;1 0 1 0 1 4 1;1 0 1 0 1 4 1;0 1 0 0 1 2 1;0 0 0 0 1 8 1;0 1 0 1 0 0 1;1 0 1 1 1 0 0;1 0 1 1 1 2 1;0 0 0 1 0 0 1;0 1 0 1 0 0 0;0 1 0 1 1 2 1;0 1 0 1 1 2 1;0 1 0 0 1 0 1;0 1 0 0 1 0 0;0 1 0 1 0 0 1;0 1 0 0 1 2 1;1 0 1 0 1 2 1;0 1 0 1 0 5 0;0 1 0 1 0 0 1;0 1 0 1 1 2 1;0 1 0 0 1 6 0;0 1 0 1 1 4 0;0 1 0 0 1 4 1;0 1 0 0 1 4 1;0 1 0 1 0 0 1;1 0 1 0 1 2 1;1 0 1 0 1 4 1;0 1 0 0 1 2 1;1 0 1 0 1 2 1;1 1 0 0 1 6 0;1 0 1 0 1 4 1;0 1 0 0 1 0 0;0 1 0 0 1 2 1]
Curve: [0.05 0.05 0.05 0.05 0.05 0.05 0.05 0.05 0.05 0.05 0.05 0.05 0.05 0.05 0.05 0.05 0.05 0.05 0.05 0.05 0.05 0.05 0.05 0.05 0.05 0.05 0.05 0.05 0.05 0.05 0.05 0.05 0.05 0.05 0.05 0.05 0.05 0.05 0.05 0.05 0.05 0.05 0.05 0.05 0.05 0.05 0.05 0.05 0.05 0.05 0.05 0.05 0.05 0.05 0.05 0.05 0.05 0.05 0.05 0.05 0.05 0.05 0.05 0.05 0.05 0.05 0.05 0.05 0.05 0.05 0.05 0.05 0.05 0.05 0.05 0.05 0.05 0.05 0.05 0.05 0.05 0.05 0.05 0.05 0.05 0.05 0.05 0.05 0.05 0.05 0.05 0.05 0.05 0.05 0.05 0.05 0.05 0.05 0.05 0.05]
Run time: 19.63 seconds
Run 6: Accuracy: 100 %
Selected Features: [1 0 1 0 0 1 1;1 0 1 0 0 1 1;0 0 0 0 1 1 0;1 0 1 0 0 1 1;1 0 1 0 0 1 1;1 0 1 0 0 1 1;1 0 1 0 0 1 1;0 0 0 0 1 1 0;0 0 0 0 1 1 0;1 0 1 0 0 1 1;1 0 1 0 0 1 1;0 1 0 1 0 1 1;0 0 0 0 1 1 0;0 0 0 0 0 0 0;0 0 0 0 1 0 0;0 0 0 0 1 0 0;0 1 0 1 0 1 1;1 0 1 0 0 1 1;0 0 0 0 1 1 0;0 0 1 0 1 1 1;0 1 0 1 0 1 1;0 1 0 1 1 1 1;1 0 1 0 0 1 1;0 1 0 1 0 1 1;0 0 0 0 0 0 1;0 0 0 0 1 1 1;0 0 0 0 1 1 1;1 0 1 1 0 1 1;1 0 1 0 0 1 1;1 0 1 0 0 1 1;0 0 0 1 0 0 1;1 0 1 0 0 1 1;1 0 1 0 0 1 1;0 1 0 1 1 1 1;0 0 0 0 1 1 0;1 0 1 0 0 1 1;1 0 1 0 0 1 1;0 1 0 1 0 1 1;0 0 0 0 1 1 0;1 0 0 1 0 0 1;1 0 0 1 0 0 1;0 1 0 0 0 1 1;0 0 0 1 0 0 1;0 1 0 1 0 1 1;1 0 1 0 0 1 1;1 0 1 0 0 1 1;0 0 0 0 1 0 0;1 0 1 0 0 1 1;1 0 1 0 1 1 1;1 0 1 0 0 1 1;1 0 1 0 0 1 1;1 0 0 1 0 0 1;0 0 0 0 1 1 1;0 0 0 0 1 0 0;1 0 1 0 0 1 1;1 0 1 0 0 1 1;0 1 0 0 0 1 1;0 1 0 1 0 1 1;0 1 0 0 1 1 1;0 1 0 1 0 1 1;0 0 0 0 1 1 0;0 0 0 0 1 1 0;0 0 0 0 0 1 1;1 0 1 0 1 1 1;1 0 1 0 0 1 1;1 0 1 0 0 1 1;0 0 1 0 1 1 1;1 0 1 0 0 1 1;1 0 1 0 0 1 1;1 0 1 0 0 1 1;1 0 1 0 0 1 1;0 1 0 0 0 1 1;0 0 0 0 0 0 1;0 0 0 0 1 1 0;1 0 1 0 1 1 1;1 0 1 0 1 1 1;0 0 0 0 1 1 0;0 0 0 0 1 0 0;0 1 0 1 1 1 1;0 1 0 1 1 1 1;0 0 0 0 0 1 1;0 0 0 0 0 0 1;0 0 0 0 1 1 0;0 1 0 1 0 1 1;1 0 1 0 0 1 1;0 0 0 0 1 0 0;0 0 0 0 1 1 0;0 1 0 1 1 1 1;0 0 0 0 0 0 1;0 0 0 0 1 1 1;0 0 0 0 0 1 1;0 0 0 0 0 1 1;0 0 0 0 1 1 0;1 0 1 1 0 1 1;1 0 1 0 0 1 1;0 1 0 1 0 1 1;1 0 1 0 0 1 1;1 0 0 1 0 0 1;1 0 1 0 0 1 1;0 0 0 0 0 0 1;0 1 0 1 0 1 1]
Curve: [0.05 0.05 0.05 0.05 0.05 0.05 0 0 0 0 0 0 0 0 0 0 0 0 0 0 0 0 0 0 0 0 0 0 0 0 0 0 0 0 0 0 0 0 0 0 0 0 0 0 0 0 0 0 0 0 0 0 0 0 0 0 0 0 0 0 0 0 0 0 0 0 0 0 0 0 0 0 0 0 0 0 0 0 0 0 0 0 0 0 0 0 0 0 0 0 0 0 0 0 0 0 0 0 0 0]
Run time: 17.04 seconds
Run 7: Accuracy: 100 %
Selected Features: [1 1 0 0 1 1 1;1 1 0 0 1 1 1;0 0 0 1 1 0 0;1 1 0 0 1 1 1;1 1 0 0 1 1 1;1 1 0 0 1 1 1;1 1 0 0 1 1 1;0 0 0 1 1 0 0;0 0 0 1 1 0 0;1 1 0 0 1 1 0;1 1 0 0 1 1 1;0 0 1 0 0 1 0;0 0 0 1 1 0 0;0 0 0 0 0 0 0;0 0 0 1 0 0 0;0 0 0 1 0 0 0;0 0 1 0 0 1 0;1 1 0 0 1 1 1;0 0 0 1 1 0 1;0 1 0 1 1 1 1;0 0 1 0 0 1 0;0 0 1 1 0 1 0;1 1 0 0 1 1 1;0 0 1 0 0 1 1;0 0 0 0 0 1 0;0 0 0 1 1 1 0;0 0 0 1 1 1 0;1 1 1 0 1 1 0;1 1 0 0 1 1 1;1 1 0 0 1 1 1;0 0 1 0 0 1 0;1 1 0 0 1 1 1;1 1 0 0 1 1 1;0 0 1 1 0 1 0;0 0 0 1 1 0 0;1 1 0 0 1 1 0;1 1 0 0 1 1 0;0 0 1 0 0 1 0;0 0 0 1 1 0 0;1 0 1 0 0 1 0;1 0 1 0 0 1 0;0 0 0 0 0 1 0;0 0 1 0 0 1 0;0 0 1 0 0 1 0;1 1 0 0 1 1 1;1 1 0 0 1 1 1;0 0 0 1 0 0 0;1 1 0 0 1 1 1;1 1 0 1 1 1 1;1 1 0 0 1 1 0;1 1 0 0 1 1 1;1 0 1 0 0 1 0;0 0 0 1 1 1 0;0 0 0 1 0 0 1;1 1 0 0 1 1 0;1 1 0 0 1 1 1;0 0 0 0 0 1 1;0 0 1 0 0 1 0;0 0 0 1 0 1 1;0 0 1 0 0 1 0;0 0 0 1 1 0 1;0 0 0 1 1 0 0;0 0 0 0 1 1 0;1 1 0 1 0 1 1;1 1 0 0 1 1 1;1 1 0 0 1 1 1;0 1 0 1 1 1 1;1 1 0 0 1 1 1;1 1 0 0 1 1 1;1 1 0 0 1 1 1;1 1 0 0 1 1 1;0 0 0 0 0 1 1;0 0 0 0 0 1 0;0 0 0 1 1 0 0;1 1 0 1 1 1 1;1 1 0 1 1 1 1;0 0 0 1 1 0 0;0 0 0 1 0 0 0;0 0 1 1 0 1 0;0 0 1 1 0 1 0;0 0 0 0 1 1 0;0 0 0 0 0 1 0;0 0 0 1 1 0 0;0 0 1 0 0 1 0;1 1 0 0 1 1 0;0 0 0 1 0 0 0;0 0 0 1 1 0 1;0 0 1 1 0 1 1;0 0 0 0 0 1 0;0 0 0 1 1 1 0;0 0 0 0 0 1 1;0 0 0 0 1 1 0;0 0 0 1 1 0 1;1 1 1 0 1 1 0;1 1 0 0 1 1 0;0 0 1 0 0 1 1;1 1 0 0 1 1 1;1 0 1 0 0 1 0;1 1 0 0 1 1 1;0 0 0 0 0 1 0;0 0 1 0 0 1 0]
Curve: [0.1 0.05 0.05 0.05 0.05 0.05 0.05 0.05 0.05 0.05 0.05 0.05 0.05 0.05 0.05 0.05 0.05 0.05 0.05 0.05 0.05 0.05 0.05 0.05 0.05 0.05 0.05 0.05 0.05 0.05 0.05 0.05 0.05 0.05 0.05 0.05 0.05 0.05 0.05 0.05 0.05 0.05 0.05 0.05 0.05 0.05 0.05 0 0 0 0 0 0 0 0 0 0 0 0 0 0 0 0 0 0 0 0 0 0 0 0 0 0 0 0 0 0 0 0 0 0 0 0 0 0 0 0 0 0 0 0 0 0 0 0 0 0 0 0 0]
Run time: 18.48 seconds
Run 8: Accuracy: 95 %
Selected Features: [1 0 0 1 0 4 0;1 0 0 1 0 4 1;0 1 1 0 1 0 1;1 0 0 1 0 4 0;1 0 0 1 0 4 1;1 0 0 1 0 4 1;1 0 0 1 0 4 1;0 1 1 0 1 0 1;0 1 1 0 1 0 1;1 0 0 1 0 4 0;1 0 0 1 0 4 1;0 1 0 1 0 2 1;0 1 1 0 1 0 1;0 1 0 0 0 0 0;0 1 1 0 0 4 0;0 1 1 0 0 6 0;0 1 0 1 0 2 1;1 0 0 1 0 4 1;0 1 1 0 1 0 1;0 0 1 1 1 0 1;0 1 0 1 0 2 1;0 1 1 1 0 2 1;1 0 0 1 0 4 1;0 1 0 1 0 2 1;0 1 0 1 0 6 0;0 1 1 1 0 4 0;0 1 1 1 0 4 0;1 0 0 1 0 2 1;1 0 0 1 0 4 1;1 0 0 1 0 2 0;0 1 0 1 0 6 0;1 0 0 1 0 4 1;1 0 0 1 0 2 0;0 1 1 1 0 2 1;0 1 1 0 1 0 1;1 0 0 1 0 4 1;1 0 0 1 0 4 1;0 1 0 1 0 2 1;0 1 1 0 1 0 1;1 1 0 1 0 6 0;1 1 0 1 0 6 0;0 1 0 1 0 2 1;0 1 0 1 0 6 0;0 1 0 1 0 2 1;1 0 0 1 0 4 1;1 0 0 1 0 4 1;0 1 1 0 0 6 0;1 0 0 1 0 4 1;1 0 1 1 0 4 1;1 0 0 1 0 4 1;1 0 0 1 0 4 1;1 1 0 1 0 6 0;0 1 1 1 0 4 1;0 1 1 0 0 8 0;1 0 0 1 0 4 1;1 0 0 1 0 4 1;0 1 0 1 0 2 1;0 1 0 1 0 2 1;0 1 1 1 0 2 1;0 1 0 1 0 2 1;0 1 1 0 1 0 1;0 1 1 0 1 0 1;0 1 0 1 0 0 1;1 1 1 1 0 4 1;1 0 0 1 0 4 1;1 0 0 1 0 4 1;0 0 1 1 1 0 1;1 0 0 1 0 4 1;1 0 0 1 0 4 1;1 0 0 1 0 4 1;1 0 0 1 0 4 1;0 1 0 1 0 2 1;0 0 0 1 0 8 1;0 1 1 0 1 0 1;1 0 1 1 1 0 0;1 0 1 1 1 2 1;0 0 1 0 0 0 1;0 1 1 0 0 0 0;0 1 1 1 0 2 1;0 1 1 1 0 2 1;0 1 0 1 0 0 1;0 1 0 1 0 0 0;0 1 1 0 1 0 1;0 1 0 1 0 2 1;1 0 0 1 0 2 1;0 1 1 0 0 5 0;0 1 1 0 1 0 1;0 1 1 1 0 2 1;0 1 0 1 0 6 0;0 1 1 1 0 4 0;0 1 0 1 0 4 1;0 1 0 1 0 4 1;0 1 1 0 1 0 1;1 0 0 1 0 2 1;1 0 0 1 0 4 1;0 1 0 1 0 2 1;1 0 0 1 0 2 1;1 1 0 1 0 6 0;1 0 0 1 0 4 1;0 1 0 1 0 0 0;0 1 0 1 0 2 1]
Curve: [0.05 0.05 0.05 0.05 0.05 0.05 0.05 0.05 0.05 0.05 0.05 0.05 0.05 0.05 0.05 0.05 0.05 0.05 0.05 0.05 0.05 0.05 0.05 0.05 0.05 0.05 0.05 0.05 0.05 0.05 0.05 0.05 0.05 0.05 0.05 0.05 0.05 0.05 0.05 0.05 0.05 0.05 0.05 0.05 0.05 0.05 0.05 0.05 0.05 0.05 0.05 0.05 0.05 0.05 0.05 0.05 0.05 0.05 0.05 0.05 0.05 0.05 0.05 0.05 0.05 0.05 0.05 0.05 0.05 0.05 0.05 0.05 0.05 0.05 0.05 0.05 0.05 0.05 0.05 0.05 0.05 0.05 0.05 0.05 0.05 0.05 0.05 0.05 0.05 0.05 0.05 0.05 0.05 0.05 0.05 0.05 0.05 0.05 0.05 0.05]
Run time: 30.73 seconds
Run 9: Accuracy: 100 %
Selected Features: [1 0 0 0 1 1 0 1;1 0 0 0 1 1 0 1;0 0 0 1 1 1 1 0;1 0 0 0 1 1 0 1;1 0 0 0 1 1 0 1;1 0 0 0 1 1 0 1;1 0 0 0 1 1 0 1;0 0 0 1 1 1 1 0;0 0 0 1 1 1 1 0;1 0 0 0 1 1 0 0;1 0 0 0 1 1 0 1;0 1 1 0 0 1 0 0;0 0 0 1 1 1 1 0;0 0 0 0 0 0 0 0;0 0 0 1 0 0 0 0;0 0 0 1 0 0 0 0;0 1 1 0 0 1 0 0;1 0 0 0 1 1 0 1;0 0 0 1 1 1 1 1;0 0 0 1 1 1 1 1;0 1 1 0 0 1 0 0;0 1 1 1 0 1 0 0;1 0 0 0 1 1 0 1;0 1 1 0 0 1 0 1;0 0 0 0 0 0 0 0;0 0 0 1 1 1 0 0;0 0 0 1 1 1 0 0;1 0 1 0 1 1 0 0;1 0 0 0 1 1 0 1;1 0 0 0 1 1 0 1;0 0 1 0 0 0 0 0;1 0 0 0 1 1 0 1;1 0 0 0 1 1 0 1;0 1 1 1 0 1 0 0;0 0 0 1 1 1 1 0;1 0 0 0 1 1 0 0;1 0 0 0 1 1 0 0;0 1 1 0 0 1 0 0;0 0 0 1 1 1 1 0;1 0 1 0 0 0 0 0;1 0 1 0 0 0 0 0;0 1 0 0 0 1 0 0;0 0 1 0 0 0 0 0;0 1 1 0 0 1 0 0;1 0 0 0 1 1 0 1;1 0 0 0 1 1 0 1;0 0 0 1 0 0 0 0;1 0 0 0 1 1 0 1;1 0 0 1 1 1 0 1;1 0 0 0 1 1 0 0;1 0 0 0 1 1 0 1;1 0 1 0 0 0 0 0;0 0 0 1 1 1 0 0;0 0 0 1 0 0 0 1;1 0 0 0 1 1 0 0;1 0 0 0 1 1 0 1;0 1 0 0 0 1 0 1;0 1 1 0 0 1 0 0;0 1 0 1 0 1 0 1;0 1 1 0 0 1 0 0;0 0 0 1 1 1 1 1;0 0 0 1 1 1 1 0;0 0 0 0 1 1 0 0;1 0 0 1 0 1 0 1;1 0 0 0 1 1 0 1;1 0 0 0 1 1 0 1;0 0 0 1 1 1 1 1;1 0 0 0 1 1 0 1;1 0 0 0 1 1 0 1;1 0 0 0 1 1 0 1;1 0 0 0 1 1 0 1;0 1 0 0 0 1 0 1;0 0 0 0 0 0 0 0;0 0 0 1 1 1 1 0;1 0 0 1 1 1 1 1;1 0 0 1 1 1 1 1;0 0 0 1 1 1 0 0;0 0 0 1 0 0 0 0;0 1 1 1 0 1 0 0;0 1 1 1 0 1 0 0;0 0 0 0 1 1 0 0;0 0 0 0 0 0 0 0;0 0 0 1 1 1 1 0;0 1 1 0 0 1 0 0;1 0 0 0 1 1 0 0;0 0 0 1 0 0 0 0;0 0 0 1 1 1 1 1;0 1 1 1 0 1 0 1;0 0 0 0 0 0 0 0;0 0 0 1 1 1 0 0;0 0 0 0 0 1 0 1;0 0 0 0 1 1 0 0;0 0 0 1 1 1 1 1;1 0 1 0 1 1 0 0;1 0 0 0 1 1 0 0;0 1 1 0 0 1 0 1;1 0 0 0 1 1 0 1;1 0 1 0 0 0 0 0;1 0 0 0 1 1 0 1;0 0 0 0 0 0 0 0;0 1 1 0 0 1 0 0]
Curve: [0.05 0.05 0.05 0.05 0.05 0.05 0.05 0.05 0.05 0.05 0.05 0.05 0.05 0.05 0.05 0.05 0.05 0.05 0.05 0.05 0.05 0.05 0.05 0.05 0.05 0.05 0 0 0 0 0 0 0 0 0 0 0 0 0 0 0 0 0 0 0 0 0 0 0 0 0 0 0 0 0 0 0 0 0 0 0 0 0 0 0 0 0 0 0 0 0 0 0 0 0 0 0 0 0 0 0 0 0 0 0 0 0 0 0 0 0 0 0 0 0 0 0 0 0 0]
Run time: 16.79 seconds
Run 10: Accuracy: 100 %
Selected Features: [1 1 0 0 1 1 0 0 0 1;1 1 0 0 1 1 0 0 0 1;0 0 0 1 1 0 0 1 0 0;1 1 0 0 1 1 0 0 0 1;1 1 0 0 1 1 0 0 0 1;1 1 0 0 1 1 0 0 0 1;1 1 0 0 1 1 0 0 1 1;0 0 0 1 1 0 0 1 1 0;0 0 0 1 1 0 0 1 0 0;1 1 0 0 1 1 0 0 1 0;1 1 0 0 1 1 0 0 0 1;0 0 1 0 0 1 0 0 1 0;0 0 0 1 1 0 0 1 0 0;0 0 0 0 0 0 0 0 0 0;0 0 0 1 0 0 0 0 0 0;0 0 0 1 0 0 0 0 0 0;0 0 1 0 0 1 0 0 0 0;1 1 0 0 1 1 0 0 0 1;0 0 0 1 1 0 0 1 0 1;0 1 0 1 1 1 0 1 0 1;0 0 1 0 0 1 0 0 1 0;0 0 1 1 0 1 0 0 0 0;1 1 0 0 1 1 0 0 0 1;0 0 1 0 0 1 0 0 0 1;0 0 0 0 0 1 0 0 0 0;0 0 0 1 1 1 0 0 0 0;0 0 0 1 1 1 1 0 0 0;1 1 1 0 1 1 0 0 0 0;1 1 0 0 1 1 0 0 0 1;1 1 0 0 1 1 0 0 1 1;0 0 1 0 0 1 0 0 0 0;1 1 0 0 1 1 0 0 1 1;1 1 0 0 1 1 0 0 0 1;0 0 1 1 0 1 0 0 0 0;0 0 0 1 1 0 0 1 0 0;1 1 0 0 1 1 0 0 1 0;1 1 0 0 1 1 0 0 0 0;0 0 1 0 0 1 0 0 0 0;0 0 0 1 1 0 0 1 0 0;1 0 1 0 0 1 1 0 1 0;1 0 1 0 0 1 0 0 0 0;0 0 0 0 0 1 0 0 0 0;0 0 1 0 0 1 0 0 0 0;0 0 1 0 0 1 0 0 0 0;1 1 0 0 1 1 0 0 0 1;1 1 0 0 1 1 0 0 0 1;0 0 0 1 0 0 0 0 0 0;1 1 0 0 1 1 0 0 0 1;1 1 0 1 1 1 0 0 0 1;1 1 0 0 1 1 0 0 0 0;1 1 0 0 1 1 0 0 0 1;1 0 1 0 0 1 0 0 0 0;0 0 0 1 1 1 0 0 0 0;0 0 0 1 0 0 0 0 0 1;1 1 0 0 1 1 0 0 0 0;1 1 0 0 1 1 0 0 0 1;0 0 0 0 0 1 0 0 0 1;0 0 1 0 0 1 0 0 1 0;0 0 0 1 0 1 0 0 0 1;0 0 1 0 0 1 0 0 0 0;0 0 0 1 1 0 0 1 0 1;0 0 0 1 1 0 0 1 0 0;0 0 0 0 1 1 1 0 0 0;1 1 0 1 0 1 0 0 0 1;1 1 0 0 1 1 0 0 0 1;1 1 0 0 1 1 0 0 1 1;0 1 0 1 1 1 0 1 0 1;1 1 0 0 1 1 0 0 0 1;1 1 0 0 1 1 0 0 1 1;1 1 0 0 1 1 0 0 0 1;1 1 0 0 1 1 0 0 1 1;0 0 0 0 0 1 0 0 0 1;0 0 0 0 0 1 1 0 0 0;0 0 0 1 1 0 0 1 0 0;1 1 0 1 1 1 0 1 0 1;1 1 0 1 1 1 0 1 0 1;0 0 0 1 1 0 1 0 0 0;0 0 0 1 0 0 1 0 0 0;0 0 1 1 0 1 0 0 0 0;0 0 1 1 0 1 0 0 0 0;0 0 0 0 1 1 0 0 0 0;0 0 0 0 0 1 0 0 0 0;0 0 0 1 1 0 0 1 0 0;0 0 1 0 0 1 0 0 0 0;1 1 0 0 1 1 0 0 0 0;0 0 0 1 0 0 0 0 0 0;0 0 0 1 1 0 1 1 0 1;0 0 1 1 0 1 0 0 0 1;0 0 0 0 0 1 0 0 0 0;0 0 0 1 1 1 0 0 0 0;0 0 0 0 0 1 0 0 0 1;0 0 0 0 1 1 0 0 0 0;0 0 0 1 1 0 0 1 0 1;1 1 1 0 1 1 0 0 0 0;1 1 0 0 1 1 0 0 0 0;0 0 1 0 0 1 0 0 0 1;1 1 0 0 1 1 0 0 0 1;1 0 1 0 0 1 1 0 0 0;1 1 0 0 1 1 0 0 0 1;0 0 0 0 0 1 0 0 0 0;0 0 1 0 0 1 0 0 0 0]
Curve: [0.05 0.05 0.05 0.05 0.05 0.05 0.05 0.05 0.05 0.05 0.05 0.05 0.05 0.05 0.05 0.05 0.05 0.05 0.05 0 0 0 0 0 0 0 0 0 0 0 0 0 0 0 0 0 0 0 0 0 0 0 0 0 0 0 0 0 0 0 0 0 0 0 0 0 0 0 0 0 0 0 0 0 0 0 0 0 0 0 0 0 0 0 0 0 0 0 0 0 0 0 0 0 0 0 0 0 0 0 0 0 0 0 0 0 0 0 0 0]
Run time: 18.67 seconds
