Run 1: Accuracy: 100 %
Selected Features: [1 0 1 0 1 1 0 0 0;1 0 1 0 1 1 0 1 0;0 0 0 0 1 0 0 1 0;1 0 1 0 1 1 0 0 0;1 0 1 0 1 1 0 1 0;1 0 1 0 1 1 0 1 0;1 0 1 0 1 1 0 1 1;0 0 0 0 1 0 0 1 1;0 0 0 0 1 0 0 1 0;1 0 1 0 1 1 0 0 1;1 0 1 0 1 1 0 1 0;0 1 0 1 1 1 0 1 1;0 0 0 0 1 0 0 1 0;0 0 0 0 0 0 0 0 0;0 0 0 0 0 0 0 0 0;0 0 0 0 0 0 0 0 0;0 1 0 1 1 1 0 1 0;1 0 1 0 1 1 0 1 0;0 0 0 0 1 0 0 1 0;0 0 1 0 1 1 0 1 0;0 1 0 1 1 1 0 1 1;0 1 0 1 1 1 0 1 0;1 0 1 0 1 1 0 1 0;0 1 0 1 1 1 0 1 0;0 0 0 0 0 1 0 0 0;0 0 0 0 1 1 0 0 0;0 0 0 0 1 1 1 0 0;1 0 1 1 1 1 0 1 0;1 0 1 0 1 1 0 1 0;1 0 1 0 1 1 0 0 1;0 0 0 1 0 1 0 0 0;1 0 1 0 1 1 0 1 1;1 0 1 0 1 1 0 0 0;0 1 0 1 1 1 0 1 0;0 0 0 0 1 0 0 1 0;1 0 1 0 1 1 0 1 1;1 0 1 0 1 1 0 1 0;0 1 0 1 1 1 0 1 0;0 0 0 0 1 0 0 1 0;1 0 0 1 0 1 1 0 1;1 0 0 1 0 1 0 0 0;0 1 0 0 1 1 0 1 0;0 0 0 1 0 1 0 0 0;0 1 0 1 1 1 0 1 0;1 0 1 0 1 1 0 1 0;1 0 1 0 1 1 0 1 0;0 0 0 0 0 0 0 0 0;1 0 1 0 1 1 0 1 0;1 0 1 0 1 1 0 1 0;1 0 1 0 1 1 0 1 0;1 0 1 0 1 1 0 1 0;1 0 0 1 0 1 0 0 0;0 0 0 0 1 1 0 1 0;0 0 0 0 0 0 0 0 0;1 0 1 0 1 1 0 1 0;1 0 1 0 1 1 0 1 0;0 1 0 0 1 1 0 1 0;0 1 0 1 1 1 0 1 1;0 1 0 0 1 1 0 1 0;0 1 0 1 1 1 0 1 0;0 0 0 0 1 0 0 1 0;0 0 0 0 1 0 0 1 0;0 0 0 0 1 1 1 1 0;1 0 1 0 1 1 0 1 0;1 0 1 0 1 1 0 1 0;1 0 1 0 1 1 0 1 1;0 0 1 0 1 1 0 1 0;1 0 1 0 1 1 0 1 0;1 0 1 0 1 1 0 1 1;1 0 1 0 1 1 0 1 0;1 0 1 0 1 1 0 1 1;0 1 0 0 1 1 0 1 0;0 0 0 0 0 1 1 1 0;0 0 0 0 1 0 0 1 0;1 0 1 0 1 1 0 0 0;1 0 1 0 1 1 0 1 0;0 0 0 0 1 0 1 1 0;0 0 0 0 0 0 1 0 0;0 1 0 1 1 1 0 1 0;0 1 0 1 1 1 0 1 0;0 0 0 0 1 1 0 1 0;0 0 0 0 0 1 0 0 0;0 0 0 0 1 0 0 1 0;0 1 0 1 1 1 0 1 0;1 0 1 0 1 1 0 1 0;0 0 0 0 0 0 0 0 0;0 0 0 0 1 0 1 1 0;0 1 0 1 1 1 0 1 0;0 0 0 0 0 1 0 0 0;0 0 0 0 1 1 0 0 0;0 0 0 0 1 1 0 1 0;0 0 0 0 1 1 0 1 0;0 0 0 0 1 0 0 1 0;1 0 1 1 1 1 0 1 0;1 0 1 0 1 1 0 1 0;0 1 0 1 1 1 0 1 0;1 0 1 0 1 1 0 1 0;1 0 0 1 0 1 1 0 0;1 0 1 0 1 1 0 1 0;0 0 0 0 0 1 0 0 0;0 1 0 1 1 1 0 1 0]
Curve: [0.05 0.05 0.05 0.05 0.05 0.05 0 0 0 0 0 0 0 0 0 0 0 0 0 0 0 0 0 0 0 0 0 0 0 0 0 0 0 0 0 0 0 0 0 0 0 0 0 0 0 0 0 0 0 0 0 0 0 0 0 0 0 0 0 0 0 0 0 0 0 0 0 0 0 0 0 0 0 0 0 0 0 0 0 0 0 0 0 0 0 0 0 0 0 0 0 0 0 0 0 0 0 0 0 0]
Run time: 20.08 seconds
Run 2: Accuracy: 100 %
Selected Features: [1 0 0 1 0 0 1 0 0 0;1 0 0 1 0 0 1 0 0 1;0 0 1 0 0 1 0 0 1 1;1 0 0 1 0 0 1 0 0 0;1 0 0 1 0 0 1 0 0 1;1 0 0 1 0 0 1 0 0 1;1 0 0 1 0 0 1 0 0 1;0 0 1 0 0 1 0 0 1 1;0 0 1 0 0 1 0 0 1 1;1 0 0 1 0 0 1 0 0 0;1 0 0 1 0 0 1 0 0 1;0 1 1 0 1 0 1 0 0 1;0 0 1 0 0 1 0 0 1 1;0 0 1 0 0 0 0 0 0 0;0 0 1 0 0 1 0 0 0 0;0 0 1 0 0 1 0 0 0 0;0 1 1 0 1 0 1 0 0 1;1 0 0 1 0 0 1 0 0 1;0 0 1 0 0 1 0 0 1 1;0 0 0 1 0 1 1 0 1 1;0 1 1 0 1 0 1 0 0 1;0 1 1 0 1 1 1 0 0 1;1 0 0 1 0 0 1 0 0 1;0 1 1 0 1 0 1 0 0 1;0 0 1 0 0 0 1 0 0 0;0 0 1 0 0 1 1 0 0 0;0 0 1 0 0 1 1 1 0 0;1 0 0 1 1 0 1 0 0 1;1 0 0 1 0 0 1 0 0 1;1 0 0 1 0 0 1 0 0 0;0 0 1 0 1 0 1 0 0 0;1 0 0 1 0 0 1 0 0 1;1 0 0 1 0 0 1 0 0 0;0 1 1 0 1 1 1 0 0 1;0 0 1 0 0 1 0 0 1 1;1 0 0 1 0 0 1 0 0 1;1 0 0 1 0 0 1 0 0 1;0 1 1 0 1 0 1 0 0 1;0 0 1 0 0 1 0 0 1 1;1 0 1 0 1 0 1 1 0 0;1 0 1 0 1 0 1 0 0 0;0 1 1 0 0 0 1 0 0 1;0 0 1 0 1 0 1 0 0 0;0 1 1 0 1 0 1 0 0 1;1 0 0 1 0 0 1 0 0 1;1 0 0 1 0 0 1 0 0 1;0 0 1 0 0 1 0 0 0 0;1 0 0 1 0 0 1 0 0 1;1 0 0 1 0 1 1 0 0 1;1 0 0 1 0 0 1 0 0 1;1 0 0 1 0 0 1 0 0 1;1 0 1 0 1 0 1 0 0 0;0 0 1 0 0 1 1 0 0 1;0 0 1 0 0 1 0 0 0 0;1 0 0 1 0 0 1 0 0 1;1 0 0 1 0 0 1 0 0 1;0 1 1 0 0 0 1 0 0 1;0 1 1 0 1 0 1 0 0 1;0 1 1 0 0 1 1 0 0 1;0 1 1 0 1 0 1 0 0 1;0 0 1 0 0 1 0 0 1 1;0 0 1 0 0 1 0 0 1 1;0 0 1 0 0 0 1 1 0 1;1 0 1 1 0 1 1 0 0 1;1 0 0 1 0 0 1 0 0 1;1 0 0 1 0 0 1 0 0 1;0 0 0 1 0 1 1 0 1 1;1 0 0 1 0 0 1 0 0 1;1 0 0 1 0 0 1 0 0 1;1 0 0 1 0 0 1 0 0 1;1 0 0 1 0 0 1 0 0 1;0 1 1 0 0 0 1 0 0 1;0 0 0 0 0 0 1 1 0 1;0 0 1 0 0 1 0 0 1 1;1 0 0 1 0 1 1 0 1 0;1 0 0 1 0 1 1 0 1 1;0 0 0 0 0 1 0 1 0 1;0 0 1 0 0 1 0 1 0 0;0 1 1 0 1 1 1 0 0 1;0 1 1 0 1 1 1 0 0 1;0 0 1 0 0 0 1 0 0 1;0 0 1 0 0 0 1 0 0 0;0 0 1 0 0 1 0 0 1 1;0 1 1 0 1 0 1 0 0 1;1 0 0 1 0 0 1 0 0 1;0 0 1 0 0 1 0 0 0 0;0 0 1 0 0 1 0 1 1 1;0 1 1 0 1 1 1 0 0 1;0 0 1 0 0 0 1 0 0 0;0 0 1 0 0 1 1 0 0 0;0 0 1 0 0 0 1 0 0 1;0 0 1 0 0 0 1 0 0 1;0 0 1 0 0 1 0 0 1 1;1 0 0 1 1 0 1 0 0 1;1 0 0 1 0 0 1 0 0 1;0 1 1 0 1 0 1 0 0 1;1 0 0 1 0 0 1 0 0 1;1 0 1 0 1 0 1 1 0 0;1 0 0 1 0 0 1 0 0 1;0 0 1 0 0 0 1 0 0 0;0 1 1 0 1 0 1 0 0 1]
Curve: [0.05 0.05 0.05 0.05 0.05 0.05 0.05 0.05 0.05 0.05 0.05 0.05 0 0 0 0 0 0 0 0 0 0 0 0 0 0 0 0 0 0 0 0 0 0 0 0 0 0 0 0 0 0 0 0 0 0 0 0 0 0 0 0 0 0 0 0 0 0 0 0 0 0 0 0 0 0 0 0 0 0 0 0 0 0 0 0 0 0 0 0 0 0 0 0 0 0 0 0 0 0 0 0 0 0 0 0 0 0 0 0]
Run time: 18.21 seconds
Run 3: Accuracy: 100 %
Selected Features: [0 1 0 1 1 0;0 1 0 1 1 1;0 0 1 1 0 1;0 1 0 1 1 0;0 1 0 1 1 1;0 1 0 1 1 1;0 1 0 1 1 1;0 0 1 1 0 1;0 0 1 1 0 1;0 1 0 1 1 0;0 1 0 1 1 1;1 0 0 1 1 1;0 0 1 1 0 1;0 0 0 0 0 0;0 0 1 0 0 0;0 0 1 0 0 0;1 0 0 1 1 1;0 1 0 1 1 1;0 0 1 1 0 1;0 1 1 1 1 1;1 0 0 1 1 1;1 0 1 1 1 1;0 1 0 1 1 1;1 0 0 1 1 1;0 0 0 0 1 0;0 0 1 1 1 0;0 0 1 1 1 0;0 1 0 1 1 1;0 1 0 1 1 1;0 1 0 1 1 0;0 0 0 0 1 0;0 1 0 1 1 1;0 1 0 1 1 0;1 0 1 1 1 1;0 0 1 1 0 1;0 1 0 1 1 1;0 1 0 1 1 1;1 0 0 1 1 1;0 0 1 1 0 1;0 0 0 0 1 0;0 0 0 0 1 0;1 0 0 1 1 1;0 0 0 0 1 0;1 0 0 1 1 1;0 1 0 1 1 1;0 1 0 1 1 1;0 0 1 0 0 0;0 1 0 1 1 1;0 1 1 1 1 1;0 1 0 1 1 1;0 1 0 1 1 1;0 0 0 0 1 0;0 0 1 1 1 1;0 0 1 0 0 0;0 1 0 1 1 1;0 1 0 1 1 1;1 0 0 1 1 1;1 0 0 1 1 1;1 0 1 1 1 1;1 0 0 1 1 1;0 0 1 1 0 1;0 0 1 1 0 1;0 0 0 1 1 1;0 1 1 1 1 1;0 1 0 1 1 1;0 1 0 1 1 1;0 1 1 1 1 1;0 1 0 1 1 1;0 1 0 1 1 1;0 1 0 1 1 1;0 1 0 1 1 1;1 0 0 1 1 1;0 0 0 0 1 1;0 0 1 1 0 1;0 1 1 1 1 0;0 1 1 1 1 1;0 0 1 1 0 1;0 0 1 0 0 0;1 0 1 1 1 1;1 0 1 1 1 1;0 0 0 1 1 1;0 0 0 0 1 0;0 0 1 1 0 1;1 0 0 1 1 1;0 1 0 1 1 1;0 0 1 0 0 0;0 0 1 1 0 1;1 0 1 1 1 1;0 0 0 0 1 0;0 0 1 1 1 0;0 0 0 1 1 1;0 0 0 1 1 1;0 0 1 1 0 1;0 1 0 1 1 1;0 1 0 1 1 1;1 0 0 1 1 1;0 1 0 1 1 1;0 0 0 0 1 0;0 1 0 1 1 1;0 0 0 0 1 0;1 0 0 1 1 1]
Curve: [0 0 0 0 0 0 0 0 0 0 0 0 0 0 0 0 0 0 0 0 0 0 0 0 0 0 0 0 0 0 0 0 0 0 0 0 0 0 0 0 0 0 0 0 0 0 0 0 0 0 0 0 0 0 0 0 0 0 0 0 0 0 0 0 0 0 0 0 0 0 0 0 0 0 0 0 0 0 0 0 0 0 0 0 0 0 0 0 0 0 0 0 0 0 0 0 0 0 0 0]
Run time: 16.97 seconds
Run 4: Accuracy: 100 %
Selected Features: [1 0 0 1 0 0 0 0 1;1 0 0 1 0 0 0 1 1;0 0 1 0 0 1 0 1 0;1 0 0 1 0 0 0 0 1;1 0 0 1 0 0 0 1 1;1 0 0 1 0 0 0 1 1;1 0 0 1 0 0 0 1 1;0 0 1 0 0 1 0 1 0;0 0 1 0 0 1 0 1 0;1 0 0 1 0 0 0 0 0;1 0 0 1 0 0 0 1 1;0 1 1 0 1 0 0 1 0;0 0 1 0 0 1 0 1 0;0 0 1 0 0 0 0 0 0;0 0 1 0 0 1 0 0 0;0 0 1 0 0 1 0 0 0;0 1 1 0 1 0 0 1 0;1 0 0 1 0 0 0 1 1;0 0 1 0 0 1 0 1 1;0 0 0 1 0 1 0 1 1;0 1 1 0 1 0 0 1 0;0 1 1 0 1 1 0 1 0;1 0 0 1 0 0 0 1 1;0 1 1 0 1 0 0 1 1;0 0 1 0 0 0 0 0 0;0 0 1 0 0 1 0 0 0;0 0 1 0 0 1 1 0 0;1 0 0 1 1 0 0 1 0;1 0 0 1 0 0 0 1 1;1 0 0 1 0 0 0 0 1;0 0 1 0 1 0 0 0 0;1 0 0 1 0 0 0 1 1;1 0 0 1 0 0 0 0 1;0 1 1 0 1 1 0 1 0;0 0 1 0 0 1 0 1 0;1 0 0 1 0 0 0 1 0;1 0 0 1 0 0 0 1 0;0 1 1 0 1 0 0 1 0;0 0 1 0 0 1 0 1 0;1 0 1 0 1 0 1 0 0;1 0 1 0 1 0 0 0 0;0 1 1 0 0 0 0 1 0;0 0 1 0 1 0 0 0 0;0 1 1 0 1 0 0 1 0;1 0 0 1 0 0 0 1 1;1 0 0 1 0 0 0 1 1;0 0 1 0 0 1 0 0 0;1 0 0 1 0 0 0 1 1;1 0 0 1 0 1 0 1 1;1 0 0 1 0 0 0 1 0;1 0 0 1 0 0 0 1 1;1 0 1 0 1 0 0 0 0;0 0 1 0 0 1 0 1 0;0 0 1 0 0 1 0 0 1;1 0 0 1 0 0 0 1 0;1 0 0 1 0 0 0 1 1;0 1 1 0 0 0 0 1 1;0 1 1 0 1 0 0 1 0;0 1 1 0 0 1 0 1 1;0 1 1 0 1 0 0 1 0;0 0 1 0 0 1 0 1 1;0 0 1 0 0 1 0 1 0;0 0 1 0 0 0 1 1 0;1 0 1 1 0 1 0 1 1;1 0 0 1 0 0 0 1 1;1 0 0 1 0 0 0 1 1;0 0 0 1 0 1 0 1 1;1 0 0 1 0 0 0 1 1;1 0 0 1 0 0 0 1 1;1 0 0 1 0 0 0 1 1;1 0 0 1 0 0 0 1 1;0 1 1 0 0 0 0 1 1;0 0 0 0 0 0 1 1 0;0 0 1 0 0 1 0 1 0;1 0 0 1 0 1 0 0 1;1 0 0 1 0 1 0 1 1;0 0 0 0 0 1 1 1 0;0 0 1 0 0 1 1 0 0;0 1 1 0 1 1 0 1 0;0 1 1 0 1 1 0 1 0;0 0 1 0 0 0 0 1 0;0 0 1 0 0 0 0 0 0;0 0 1 0 0 1 0 1 0;0 1 1 0 1 0 0 1 0;1 0 0 1 0 0 0 1 0;0 0 1 0 0 1 0 0 0;0 0 1 0 0 1 1 1 1;0 1 1 0 1 1 0 1 1;0 0 1 0 0 0 0 0 0;0 0 1 0 0 1 0 0 0;0 0 1 0 0 0 0 1 1;0 0 1 0 0 0 0 1 0;0 0 1 0 0 1 0 1 1;1 0 0 1 1 0 0 1 0;1 0 0 1 0 0 0 1 0;0 1 1 0 1 0 0 1 1;1 0 0 1 0 0 0 1 1;1 0 1 0 1 0 1 0 0;1 0 0 1 0 0 0 1 1;0 0 1 0 0 0 0 0 0;0 1 1 0 1 0 0 1 0]
Curve: [0.05 0.05 0 0 0 0 0 0 0 0 0 0 0 0 0 0 0 0 0 0 0 0 0 0 0 0 0 0 0 0 0 0 0 0 0 0 0 0 0 0 0 0 0 0 0 0 0 0 0 0 0 0 0 0 0 0 0 0 0 0 0 0 0 0 0 0 0 0 0 0 0 0 0 0 0 0 0 0 0 0 0 0 0 0 0 0 0 0 0 0 0 0 0 0 0 0 0 0 0 0]
Run time: 19.65 seconds
Run 5: Accuracy: 100 %
Selected Features: [0 0 1 0 1 1 0 0;0 0 1 0 0 1 0 1;0 1 0 0 1 0 1 1;0 0 1 0 1 1 0 0;0 0 1 0 1 1 0 1;0 0 1 0 0 1 0 1;0 0 1 0 0 1 0 1;0 1 0 0 0 0 1 1;0 1 0 0 1 0 1 1;0 0 1 0 0 1 0 0;0 0 1 0 1 1 0 1;1 1 0 1 0 1 0 1;0 1 0 0 1 0 1 1;0 1 0 0 1 0 0 0;0 1 0 0 1 0 0 0;0 1 0 0 1 0 0 0;1 1 0 1 1 1 0 1;0 0 1 0 0 1 0 1;0 1 0 0 1 0 1 1;0 0 1 0 1 1 1 1;1 1 0 1 0 1 0 1;1 1 0 1 0 1 0 1;0 0 1 0 0 1 0 1;1 1 0 1 0 1 0 1;0 1 0 0 0 1 0 0;0 1 0 0 1 1 0 0;0 1 0 0 1 1 0 0;0 0 1 1 0 1 0 1;0 0 1 0 0 1 0 1;0 0 1 0 1 1 0 0;0 1 0 1 0 1 0 0;0 0 1 0 0 1 0 1;0 0 1 0 0 1 0 0;1 1 0 1 1 1 0 1;0 1 0 0 0 0 1 1;0 0 1 0 0 1 0 1;0 0 1 0 0 1 0 1;1 1 0 1 1 1 0 1;0 1 0 0 1 0 1 1;0 1 0 1 0 1 0 0;0 1 0 1 0 1 0 0;1 1 0 0 1 1 0 1;0 1 0 1 1 1 0 0;1 1 0 1 0 1 0 1;0 0 1 0 1 1 0 1;0 0 1 0 1 1 0 1;0 1 0 0 1 0 0 0;0 0 1 0 1 1 0 1;0 0 1 0 1 1 0 1;0 0 1 0 1 1 0 1;0 0 1 0 1 1 0 1;0 1 0 1 0 1 0 0;0 1 0 0 1 1 0 1;0 1 0 0 1 0 0 0;0 0 1 0 1 1 0 1;0 0 1 0 0 1 0 1;1 1 0 0 0 1 0 1;1 1 0 1 0 1 0 1;1 1 0 0 1 1 0 1;1 1 0 1 0 1 0 1;0 1 0 0 1 0 1 1;0 1 0 0 1 0 1 1;0 1 0 0 1 1 0 1;0 1 1 0 1 1 0 1;0 0 1 0 1 1 0 1;0 0 1 0 0 1 0 1;0 0 1 0 1 1 1 1;0 0 1 0 1 1 0 1;0 0 1 0 1 1 0 1;0 0 1 0 1 1 0 1;0 0 1 0 0 1 0 1;1 1 0 0 1 1 0 1;0 0 0 0 1 1 0 1;0 1 0 0 0 0 1 1;0 0 1 0 1 1 1 0;0 0 1 0 1 1 1 1;0 0 0 0 1 0 0 1;0 1 0 0 1 0 0 0;1 1 0 1 1 1 0 1;1 1 0 1 1 1 0 1;0 1 0 0 1 1 0 1;0 1 0 0 0 1 0 0;0 1 0 0 0 0 1 1;1 1 0 1 0 1 0 1;0 0 1 0 0 1 0 1;0 1 0 0 1 0 0 0;0 1 0 0 1 0 1 1;1 1 0 1 0 1 0 1;0 1 0 0 0 1 0 0;0 1 0 0 0 1 0 0;0 1 0 0 0 1 0 1;0 1 0 0 1 1 0 1;0 1 0 0 1 0 1 1;0 0 1 1 0 1 0 1;0 0 1 0 0 1 0 1;1 1 0 1 1 1 0 1;0 0 1 0 0 1 0 1;0 1 0 1 0 1 0 0;0 0 1 0 1 1 0 1;0 1 0 0 0 1 0 0;1 1 0 1 0 1 0 1]
Curve: [0 0 0 0 0 0 0 0 0 0 0 0 0 0 0 0 0 0 0 0 0 0 0 0 0 0 0 0 0 0 0 0 0 0 0 0 0 0 0 0 0 0 0 0 0 0 0 0 0 0 0 0 0 0 0 0 0 0 0 0 0 0 0 0 0 0 0 0 0 0 0 0 0 0 0 0 0 0 0 0 0 0 0 0 0 0 0 0 0 0 0 0 0 0 0 0 0 0 0 0]
Run time: 16.89 seconds
Run 6: Accuracy: 100 %
Selected Features: [1 0 0 1 0 1 0 0 0 1;1 0 0 1 0 1 0 1 0 1;0 0 1 0 1 1 1 1 0 0;1 0 0 1 0 1 0 0 0 1;1 0 0 1 0 1 0 1 0 1;1 0 0 1 0 1 0 1 0 1;1 0 0 1 0 1 0 1 1 1;0 0 1 0 1 1 1 1 1 0;0 0 1 0 1 1 1 1 0 0;1 0 0 1 0 1 0 0 1 0;1 0 0 1 0 1 0 1 0 1;0 1 1 0 0 1 0 1 1 0;0 0 1 0 1 1 1 1 0 0;0 0 1 0 0 0 0 0 0 0;0 0 1 0 1 0 0 0 0 0;0 0 1 0 1 0 0 0 0 0;0 1 1 0 0 1 0 1 0 0;1 0 0 1 0 1 0 1 0 1;0 0 1 0 1 1 1 1 0 1;0 0 0 1 1 1 1 1 0 1;0 1 1 0 0 1 0 1 1 0;0 1 1 0 1 1 0 1 0 0;1 0 0 1 0 1 0 1 0 1;0 1 1 0 0 1 0 1 0 1;0 0 1 0 0 0 0 0 0 0;0 0 1 0 1 1 0 0 0 0;0 0 1 0 1 1 0 0 0 0;1 0 0 1 0 1 0 1 0 0;1 0 0 1 0 1 0 1 0 1;1 0 0 1 0 1 0 0 1 1;0 0 1 0 0 0 0 0 0 0;1 0 0 1 0 1 0 1 1 1;1 0 0 1 0 1 0 0 0 1;0 1 1 0 1 1 0 1 0 0;0 0 1 0 1 1 1 1 0 0;1 0 0 1 0 1 0 1 1 0;1 0 0 1 0 1 0 1 0 0;0 1 1 0 0 1 0 1 0 0;0 0 1 0 1 1 1 1 0 0;1 0 1 0 0 0 0 0 1 0;1 0 1 0 0 0 0 0 0 0;0 1 1 0 0 1 0 1 0 0;0 0 1 0 0 0 0 0 0 0;0 1 1 0 0 1 0 1 0 0;1 0 0 1 0 1 0 1 0 1;1 0 0 1 0 1 0 1 0 1;0 0 1 0 1 0 0 0 0 0;1 0 0 1 0 1 0 1 0 1;1 0 0 1 1 1 0 1 0 1;1 0 0 1 0 1 0 1 0 0;1 0 0 1 0 1 0 1 0 1;1 0 1 0 0 0 0 0 0 0;0 0 1 0 1 1 0 1 0 0;0 0 1 0 1 0 0 0 0 1;1 0 0 1 0 1 0 1 0 0;1 0 0 1 0 1 0 1 0 1;0 1 1 0 0 1 0 1 0 1;0 1 1 0 0 1 0 1 1 0;0 1 1 0 1 1 0 1 0 1;0 1 1 0 0 1 0 1 0 0;0 0 1 0 1 1 1 1 0 1;0 0 1 0 1 1 1 1 0 0;0 0 1 0 0 1 0 1 0 0;1 0 1 1 1 1 0 1 0 1;1 0 0 1 0 1 0 1 0 1;1 0 0 1 0 1 0 1 1 1;0 0 0 1 1 1 1 1 0 1;1 0 0 1 0 1 0 1 0 1;1 0 0 1 0 1 0 1 1 1;1 0 0 1 0 1 0 1 0 1;1 0 0 1 0 1 0 1 1 1;0 1 1 0 0 1 0 1 0 1;0 0 0 0 0 0 0 1 0 0;0 0 1 0 1 1 1 1 0 0;1 0 0 1 1 1 1 0 0 1;1 0 0 1 1 1 1 1 0 1;0 0 0 0 1 1 0 1 0 0;0 0 1 0 1 0 0 0 0 0;0 1 1 0 1 1 0 1 0 0;0 1 1 0 1 1 0 1 0 0;0 0 1 0 0 1 0 1 0 0;0 0 1 0 0 0 0 0 0 0;0 0 1 0 1 1 1 1 0 0;0 1 1 0 0 1 0 1 0 0;1 0 0 1 0 1 0 1 0 0;0 0 1 0 1 0 0 0 0 0;0 0 1 0 1 1 1 1 0 1;0 1 1 0 1 1 0 1 0 1;0 0 1 0 0 0 0 0 0 0;0 0 1 0 1 1 0 0 0 0;0 0 1 0 0 1 0 1 0 1;0 0 1 0 0 1 0 1 0 0;0 0 1 0 1 1 1 1 0 1;1 0 0 1 0 1 0 1 0 0;1 0 0 1 0 1 0 1 0 0;0 1 1 0 0 1 0 1 0 1;1 0 0 1 0 1 0 1 0 1;1 0 1 0 0 0 0 0 0 0;1 0 0 1 0 1 0 1 0 1;0 0 1 0 0 0 0 0 0 0;0 1 1 0 0 1 0 1 0 0]
Curve: [0.05 0.05 0.05 0.05 0.05 0.05 0.05 0.05 0.05 0.05 0.05 0.05 0.05 0.05 0.05 0.05 0 0 0 0 0 0 0 0 0 0 0 0 0 0 0 0 0 0 0 0 0 0 0 0 0 0 0 0 0 0 0 0 0 0 0 0 0 0 0 0 0 0 0 0 0 0 0 0 0 0 0 0 0 0 0 0 0 0 0 0 0 0 0 0 0 0 0 0 0 0 0 0 0 0 0 0 0 0 0 0 0 0 0 0]
Run time: 18.27 seconds
Run 7: Accuracy: 100 %
Selected Features: [0 0 1 0 0 1 0 0 1;0 0 1 0 0 1 1 0 1;0 1 0 0 1 1 1 0 0;0 0 1 0 0 1 0 0 1;0 0 1 0 0 1 1 0 1;0 0 1 0 0 1 1 0 1;0 0 1 0 0 1 1 1 1;0 1 0 0 1 1 1 1 0;0 1 0 0 1 1 1 0 0;0 0 1 0 0 1 0 1 0;0 0 1 0 0 1 1 0 1;1 1 0 1 0 1 1 1 0;0 1 0 0 1 1 1 0 0;0 1 0 0 0 0 0 0 0;0 1 0 0 1 0 0 0 0;0 1 0 0 1 0 0 0 0;1 1 0 1 0 1 1 0 0;0 0 1 0 0 1 1 0 1;0 1 0 0 1 1 1 0 1;0 0 1 0 1 1 1 0 1;1 1 0 1 0 1 1 1 0;1 1 0 1 1 1 1 0 0;0 0 1 0 0 1 1 0 1;1 1 0 1 0 1 1 0 1;0 1 0 0 0 0 0 0 0;0 1 0 0 1 1 0 0 0;0 1 0 0 1 1 0 0 0;0 0 1 1 0 1 1 0 0;0 0 1 0 0 1 1 0 1;0 0 1 0 0 1 0 1 1;0 1 0 1 0 0 0 0 0;0 0 1 0 0 1 1 1 1;0 0 1 0 0 1 0 0 1;1 1 0 1 1 1 1 0 0;0 1 0 0 1 1 1 0 0;0 0 1 0 0 1 1 1 0;0 0 1 0 0 1 1 0 0;1 1 0 1 0 1 1 0 0;0 1 0 0 1 1 1 0 0;0 1 0 1 0 0 0 1 0;0 1 0 1 0 0 0 0 0;1 1 0 0 0 1 1 0 0;0 1 0 1 0 0 0 0 0;1 1 0 1 0 1 1 0 0;0 0 1 0 0 1 1 0 1;0 0 1 0 0 1 1 0 1;0 1 0 0 1 0 0 0 0;0 0 1 0 0 1 1 0 1;0 0 1 0 1 1 1 0 1;0 0 1 0 0 1 1 0 0;0 0 1 0 0 1 1 0 1;0 1 0 1 0 0 0 0 0;0 1 0 0 1 1 1 0 0;0 1 0 0 1 0 0 0 1;0 0 1 0 0 1 1 0 0;0 0 1 0 0 1 1 0 1;1 1 0 0 0 1 1 0 1;1 1 0 1 0 1 1 1 0;1 1 0 0 1 1 1 0 1;1 1 0 1 0 1 1 0 0;0 1 0 0 1 1 1 0 1;0 1 0 0 1 1 1 0 0;0 1 0 0 0 1 1 0 0;0 1 1 0 1 1 1 0 1;0 0 1 0 0 1 1 0 1;0 0 1 0 0 1 1 1 1;0 0 1 0 1 1 1 0 1;0 0 1 0 0 1 1 0 1;0 0 1 0 0 1 1 1 1;0 0 1 0 0 1 1 0 1;0 0 1 0 0 1 1 1 1;1 1 0 0 0 1 1 0 1;0 0 0 0 0 0 1 0 0;0 1 0 0 1 1 1 0 0;0 0 1 0 1 1 0 0 1;0 0 1 0 1 1 1 0 1;0 0 0 0 1 1 1 0 0;0 1 0 0 1 0 0 0 0;1 1 0 1 1 1 1 0 0;1 1 0 1 1 1 1 0 0;0 1 0 0 0 1 1 0 0;0 1 0 0 0 0 0 0 0;0 1 0 0 1 1 1 0 0;1 1 0 1 0 1 1 0 0;0 0 1 0 0 1 1 0 0;0 1 0 0 1 0 0 0 0;0 1 0 0 1 1 1 0 1;1 1 0 1 1 1 1 0 1;0 1 0 0 0 0 0 0 0;0 1 0 0 1 1 0 0 0;0 1 0 0 0 1 1 0 1;0 1 0 0 0 1 1 0 0;0 1 0 0 1 1 1 0 1;0 0 1 1 0 1 1 0 0;0 0 1 0 0 1 1 0 0;1 1 0 1 0 1 1 0 1;0 0 1 0 0 1 1 0 1;0 1 0 1 0 0 0 0 0;0 0 1 0 0 1 1 0 1;0 1 0 0 0 0 0 0 0;1 1 0 1 0 1 1 0 0]
Curve: [0 0 0 0 0 0 0 0 0 0 0 0 0 0 0 0 0 0 0 0 0 0 0 0 0 0 0 0 0 0 0 0 0 0 0 0 0 0 0 0 0 0 0 0 0 0 0 0 0 0 0 0 0 0 0 0 0 0 0 0 0 0 0 0 0 0 0 0 0 0 0 0 0 0 0 0 0 0 0 0 0 0 0 0 0 0 0 0 0 0 0 0 0 0 0 0 0 0 0 0]
Run time: 18.43 seconds
Run 8: Accuracy: 100 %
Selected Features: [1 0 0 1 0 1 1 0 1;1 0 0 1 0 1 1 0 1;0 0 1 0 1 1 0 0 0;1 0 0 1 0 1 1 0 1;1 0 0 1 0 1 1 0 1;1 0 0 1 0 1 1 0 1;1 0 0 1 0 1 1 1 1;0 0 1 0 1 1 0 1 0;0 0 1 0 1 1 0 0 0;1 0 0 1 0 1 1 1 0;1 0 0 1 0 1 1 0 1;0 1 1 0 0 1 1 1 0;0 0 1 0 1 1 0 0 0;0 0 1 0 0 0 0 0 0;0 0 1 0 1 0 0 0 0;0 0 1 0 1 0 0 0 0;0 1 1 0 0 1 1 0 0;1 0 0 1 0 1 1 0 1;0 0 1 0 1 1 0 0 1;0 0 0 1 1 1 1 0 1;0 1 1 0 0 1 1 1 0;0 1 1 0 1 1 1 0 0;1 0 0 1 0 1 1 0 1;0 1 1 0 0 1 1 0 1;0 0 1 0 0 0 1 0 0;0 0 1 0 1 1 1 0 0;0 0 1 0 1 1 1 0 0;1 0 0 1 0 1 1 0 0;1 0 0 1 0 1 1 0 1;1 0 0 1 0 1 1 1 1;0 0 1 0 0 0 1 0 0;1 0 0 1 0 1 1 1 1;1 0 0 1 0 1 1 0 1;0 1 1 0 1 1 1 0 0;0 0 1 0 1 1 0 0 0;1 0 0 1 0 1 1 1 0;1 0 0 1 0 1 1 0 0;0 1 1 0 0 1 1 0 0;0 0 1 0 1 1 0 0 0;1 0 1 0 0 0 1 1 0;1 0 1 0 0 0 1 0 0;0 1 1 0 0 1 1 0 0;0 0 1 0 0 0 1 0 0;0 1 1 0 0 1 1 0 0;1 0 0 1 0 1 1 0 1;1 0 0 1 0 1 1 0 1;0 0 1 0 1 0 0 0 0;1 0 0 1 0 1 1 0 1;1 0 0 1 1 1 1 0 1;1 0 0 1 0 1 1 0 0;1 0 0 1 0 1 1 0 1;1 0 1 0 0 0 1 0 0;0 0 1 0 1 1 1 0 0;0 0 1 0 1 0 0 0 1;1 0 0 1 0 1 1 0 0;1 0 0 1 0 1 1 0 1;0 1 1 0 0 1 1 0 1;0 1 1 0 0 1 1 1 0;0 1 1 0 1 1 1 0 1;0 1 1 0 0 1 1 0 0;0 0 1 0 1 1 0 0 1;0 0 1 0 1 1 0 0 0;0 0 1 0 0 1 1 0 0;1 0 1 1 1 1 1 0 1;1 0 0 1 0 1 1 0 1;1 0 0 1 0 1 1 1 1;0 0 0 1 1 1 1 0 1;1 0 0 1 0 1 1 0 1;1 0 0 1 0 1 1 1 1;1 0 0 1 0 1 1 0 1;1 0 0 1 0 1 1 1 1;0 1 1 0 0 1 1 0 1;0 0 0 0 0 0 1 0 0;0 0 1 0 1 1 0 0 0;1 0 0 1 1 1 1 0 1;1 0 0 1 1 1 1 0 1;0 0 0 0 1 1 0 0 0;0 0 1 0 1 0 0 0 0;0 1 1 0 1 1 1 0 0;0 1 1 0 1 1 1 0 0;0 0 1 0 0 1 1 0 0;0 0 1 0 0 0 1 0 0;0 0 1 0 1 1 0 0 0;0 1 1 0 0 1 1 0 0;1 0 0 1 0 1 1 0 0;0 0 1 0 1 0 0 0 0;0 0 1 0 1 1 0 0 1;0 1 1 0 1 1 1 0 1;0 0 1 0 0 0 1 0 0;0 0 1 0 1 1 1 0 0;0 0 1 0 0 1 1 0 1;0 0 1 0 0 1 1 0 0;0 0 1 0 1 1 0 0 1;1 0 0 1 0 1 1 0 0;1 0 0 1 0 1 1 0 0;0 1 1 0 0 1 1 0 1;1 0 0 1 0 1 1 0 1;1 0 1 0 0 0 1 0 0;1 0 0 1 0 1 1 0 1;0 0 1 0 0 0 1 0 0;0 1 1 0 0 1 1 0 0]
Curve: [0 0 0 0 0 0 0 0 0 0 0 0 0 0 0 0 0 0 0 0 0 0 0 0 0 0 0 0 0 0 0 0 0 0 0 0 0 0 0 0 0 0 0 0 0 0 0 0 0 0 0 0 0 0 0 0 0 0 0 0 0 0 0 0 0 0 0 0 0 0 0 0 0 0 0 0 0 0 0 0 0 0 0 0 0 0 0 0 0 0 0 0 0 0 0 0 0 0 0 0]
Run time: 20.46 seconds
Run 9: Accuracy: 100 %
Selected Features: [1 0 0 1 0 0 1 0 1;1 0 0 1 0 0 1 0 1;0 0 1 0 0 1 0 1 0;1 0 0 1 0 0 1 0 1;1 0 0 1 0 0 1 0 1;1 0 0 1 0 0 1 0 1;1 0 0 1 0 0 1 0 1;0 0 1 0 0 1 0 1 0;0 0 1 0 0 1 0 1 0;1 0 0 1 0 0 1 0 0;1 0 0 1 0 0 1 0 1;0 1 1 0 1 0 1 0 0;0 0 1 0 0 1 0 1 0;0 0 1 0 0 0 0 0 0;0 0 1 0 0 1 0 0 0;0 0 1 0 0 1 0 0 0;0 1 1 0 1 0 1 0 0;1 0 0 1 0 0 1 0 1;0 0 1 0 0 1 0 1 1;0 0 0 1 0 1 1 1 1;0 1 1 0 1 0 1 0 0;0 1 1 0 1 1 1 0 0;1 0 0 1 0 0 1 0 1;0 1 1 0 1 0 1 0 1;0 0 1 0 0 0 1 0 0;0 0 1 0 0 1 1 0 0;0 0 1 0 0 1 1 0 0;1 0 0 1 1 0 1 0 0;1 0 0 1 0 0 1 0 1;1 0 0 1 0 0 1 0 1;0 0 1 0 1 0 1 0 0;1 0 0 1 0 0 1 0 1;1 0 0 1 0 0 1 0 1;0 1 1 0 1 1 1 0 0;0 0 1 0 0 1 0 1 0;1 0 0 1 0 0 1 0 0;1 0 0 1 0 0 1 0 0;0 1 1 0 1 0 1 0 0;0 0 1 0 0 1 0 1 0;1 0 1 0 1 0 1 0 0;1 0 1 0 1 0 1 0 0;0 1 1 0 0 0 1 0 0;0 0 1 0 1 0 1 0 0;0 1 1 0 1 0 1 0 0;1 0 0 1 0 0 1 0 1;1 0 0 1 0 0 1 0 1;0 0 1 0 0 1 0 0 0;1 0 0 1 0 0 1 0 1;1 0 0 1 0 1 1 0 1;1 0 0 1 0 0 1 0 0;1 0 0 1 0 0 1 0 1;1 0 1 0 1 0 1 0 0;0 0 1 0 0 1 1 0 0;0 0 1 0 0 1 0 0 1;1 0 0 1 0 0 1 0 0;1 0 0 1 0 0 1 0 1;0 1 1 0 0 0 1 0 1;0 1 1 0 1 0 1 0 0;0 1 1 0 0 1 1 0 1;0 1 1 0 1 0 1 0 0;0 0 1 0 0 1 0 1 1;0 0 1 0 0 1 0 1 0;0 0 1 0 0 0 1 0 0;1 0 1 1 0 1 1 0 1;1 0 0 1 0 0 1 0 1;1 0 0 1 0 0 1 0 1;0 0 0 1 0 1 1 1 1;1 0 0 1 0 0 1 0 1;1 0 0 1 0 0 1 0 1;1 0 0 1 0 0 1 0 1;1 0 0 1 0 0 1 0 1;0 1 1 0 0 0 1 0 1;0 0 0 0 0 0 1 0 0;0 0 1 0 0 1 0 1 0;1 0 0 1 0 1 1 1 1;1 0 0 1 0 1 1 1 1;0 0 0 0 0 1 0 0 0;0 0 1 0 0 1 0 0 0;0 1 1 0 1 1 1 0 0;0 1 1 0 1 1 1 0 0;0 0 1 0 0 0 1 0 0;0 0 1 0 0 0 1 0 0;0 0 1 0 0 1 0 1 0;0 1 1 0 1 0 1 0 0;1 0 0 1 0 0 1 0 0;0 0 1 0 0 1 0 0 0;0 0 1 0 0 1 0 1 1;0 1 1 0 1 1 1 0 1;0 0 1 0 0 0 1 0 0;0 0 1 0 0 1 1 0 0;0 0 1 0 0 0 1 0 1;0 0 1 0 0 0 1 0 0;0 0 1 0 0 1 0 1 1;1 0 0 1 1 0 1 0 0;1 0 0 1 0 0 1 0 0;0 1 1 0 1 0 1 0 1;1 0 0 1 0 0 1 0 1;1 0 1 0 1 0 1 0 0;1 0 0 1 0 0 1 0 1;0 0 1 0 0 0 1 0 0;0 1 1 0 1 0 1 0 0]
Curve: [0.05 0.05 0.05 0.05 0.05 0.05 0.05 0 0 0 0 0 0 0 0 0 0 0 0 0 0 0 0 0 0 0 0 0 0 0 0 0 0 0 0 0 0 0 0 0 0 0 0 0 0 0 0 0 0 0 0 0 0 0 0 0 0 0 0 0 0 0 0 0 0 0 0 0 0 0 0 0 0 0 0 0 0 0 0 0 0 0 0 0 0 0 0 0 0 0 0 0 0 0 0 0 0 0 0 0]
Run time: 18.19 seconds
Run 10: Accuracy: 100 %
Selected Features: [0 0 1 0 0 1 1 1;0 0 1 0 0 1 1 1;0 1 0 0 1 1 0 0;0 0 1 0 0 1 1 1;0 0 1 0 0 1 1 1;0 0 1 0 0 1 1 1;0 0 1 0 0 1 1 1;0 1 0 0 1 1 0 0;0 1 0 0 1 1 0 0;0 0 1 0 0 1 1 0;0 0 1 0 0 1 1 1;1 1 0 1 0 1 1 0;0 1 0 0 1 1 0 0;0 1 0 0 0 0 0 0;0 1 0 0 1 0 0 0;0 1 0 0 1 0 0 0;1 1 0 1 0 1 1 0;0 0 1 0 0 1 1 1;0 1 0 0 1 1 0 1;0 0 1 0 1 1 1 1;1 1 0 1 0 1 1 0;1 1 0 1 1 1 1 0;0 0 1 0 0 1 1 1;1 1 0 1 0 1 1 1;0 1 0 0 0 0 1 0;0 1 0 0 1 1 1 0;0 1 0 0 1 1 1 0;0 0 1 1 0 1 1 0;0 0 1 0 0 1 1 1;0 0 1 0 0 1 1 1;0 1 0 1 0 0 1 0;0 0 1 0 0 1 1 1;0 0 1 0 0 1 1 1;1 1 0 1 1 1 1 0;0 1 0 0 1 1 0 0;0 0 1 0 0 1 1 0;0 0 1 0 0 1 1 0;1 1 0 1 0 1 1 0;0 1 0 0 1 1 0 0;0 1 0 1 0 0 1 0;0 1 0 1 0 0 1 0;1 1 0 0 0 1 1 0;0 1 0 1 0 0 1 0;1 1 0 1 0 1 1 0;0 0 1 0 0 1 1 1;0 0 1 0 0 1 1 1;0 1 0 0 1 0 0 0;0 0 1 0 0 1 1 1;0 0 1 0 1 1 1 1;0 0 1 0 0 1 1 0;0 0 1 0 0 1 1 1;0 1 0 1 0 0 1 0;0 1 0 0 1 1 1 0;0 1 0 0 1 0 0 1;0 0 1 0 0 1 1 0;0 0 1 0 0 1 1 1;1 1 0 0 0 1 1 1;1 1 0 1 0 1 1 0;1 1 0 0 1 1 1 1;1 1 0 1 0 1 1 0;0 1 0 0 1 1 0 1;0 1 0 0 1 1 0 0;0 1 0 0 0 1 1 0;0 1 1 0 1 1 1 1;0 0 1 0 0 1 1 1;0 0 1 0 0 1 1 1;0 0 1 0 1 1 1 1;0 0 1 0 0 1 1 1;0 0 1 0 0 1 1 1;0 0 1 0 0 1 1 1;0 0 1 0 0 1 1 1;1 1 0 0 0 1 1 1;0 0 0 0 0 0 1 0;0 1 0 0 1 1 0 0;0 0 1 0 1 1 1 1;0 0 1 0 1 1 1 1;0 0 0 0 1 1 0 0;0 1 0 0 1 0 0 0;1 1 0 1 1 1 1 0;1 1 0 1 1 1 1 0;0 1 0 0 0 1 1 0;0 1 0 0 0 0 1 0;0 1 0 0 1 1 0 0;1 1 0 1 0 1 1 0;0 0 1 0 0 1 1 0;0 1 0 0 1 0 0 0;0 1 0 0 1 1 0 1;1 1 0 1 1 1 1 1;0 1 0 0 0 0 1 0;0 1 0 0 1 1 1 0;0 1 0 0 0 1 1 1;0 1 0 0 0 1 1 0;0 1 0 0 1 1 0 1;0 0 1 1 0 1 1 0;0 0 1 0 0 1 1 0;1 1 0 1 0 1 1 1;0 0 1 0 0 1 1 1;0 1 0 1 0 0 1 0;0 0 1 0 0 1 1 1;0 1 0 0 0 0 1 0;1 1 0 1 0 1 1 0]
Curve: [0.05 0.05 0.05 0.05 0.05 0.05 0.05 0.05 0.05 0.05 0.05 0.05 0.05 0.05 0.05 0.05 0.05 0.05 0.05 0.05 0.05 0.05 0.05 0.05 0.05 0.05 0.05 0.05 0.05 0.05 0.05 0.05 0.05 0.05 0.05 0.05 0.05 0.05 0.05 0.05 0.05 0.05 0.05 0.05 0 0 0 0 0 0 0 0 0 0 0 0 0 0 0 0 0 0 0 0 0 0 0 0 0 0 0 0 0 0 0 0 0 0 0 0 0 0 0 0 0 0 0 0 0 0 0 0 0 0 0 0 0 0 0 0]
Run time: 17.16 seconds
