Curve: [0.246556, 0.241500, 0.231167, 0.231167, 0.231167, 0.231167, 0.228639, 0.228639, 0.228639, 0.228639, 0.228639, 0.228639, 0.228639, 0.228639, 0.228639, 0.224556, 0.224556, 0.224556, 0.224556, 0.224556, 0.224556, 0.224556, 0.224556, 0.224556, 0.224556, 0.219278, 0.219278, 0.219278, 0.219278, 0.219278, 0.219278, 0.219278, 0.219278, 0.219278, 0.219278, 0.219278, 0.219278, 0.219278, 0.219278, 0.219278, 0.219278, 0.219278, 0.219278, 0.219278, 0.219278, 0.219278, 0.219278, 0.219278, 0.219278, 0.219278, 0.219278, 0.219278, 0.219278, 0.219278, 0.219278, 0.219278, 0.219278, 0.219278, 0.219278, 0.219278, 0.219278, 0.219278, 0.219278, 0.219278, 0.219278, 0.218611, 0.218611, 0.213667, 0.213667, 0.213667, 0.213556, 0.213556, 0.213556, 0.213556, 0.213556, 0.213556, 0.213556, 0.213556, 0.210583, 0.210583, 0.210583, 0.205083, 0.202333, 0.202333, 0.202333, 0.202333, 0.202333, 0.202333, 0.202333, 0.202333, 0.202333, 0.202222, 0.202222, 0.202222, 0.202222, 0.202222, 0.202222, 0.202222, 0.202222, 0.202111]
Run 1
BPO Best Score: 2.195833e-01
BPO Best Pos: [2.146148, 0.000000, 0.379169, 0.000000, -1.019432, 1.162204, 1.000000, 1.000000, -1.475219, 0.000000, 2.303403, 1.216832, 1.000000, 0.000000, -0.180075, 1.681240, 1.000000, 1.524259, 0.621147, -0.401714, 0.000000, -0.080702, 2.289188, 0.000000, 1.922397, 1.000000, 0.000000, 1.988767, 0.643888, 1.000000, 0.000000, 0.801546, 0.000000, 1.000000, -0.630865, 0.000000, 1.000000, 1.588660, -0.514688, 1.000000, 0.428008, 0.000000, -0.742073, 1.405551, 2.404048, 1.909225, 0.000000, 0.366426, 1.000000, 1.446295, 0.000000, 0.000000, 1.000000, 0.000000, 2.270339, -0.176074, -0.133815, 1.000000, 1.000000, 1.234571, 1.000000, 1.000000, 1.000000, 1.704823, -1.133325, 0.227744, 2.352304, 1.566458, -0.017937, 0.444280, 1.564214, 2.047219, 1.000000, 0.413999, 1.000000, 0.704314, 0.000000, -0.801276, 2.028486, 1.000000, 0.780566, 1.000000, -1.350938, 0.000000, 1.000000, 0.000000, 1.690236, 0.755016, 0.000000, 0.000000]
Curve: [0.219583, 0.219583, 0.219583, 0.219583, 0.219583, 0.219583, 0.219583, 0.219583, 0.219583, 0.219583, 0.219583, 0.219583, 0.219583, 0.219583, 0.219583, 0.219583, 0.219583, 0.219583, 0.219583, 0.219583, 0.219583, 0.219583, 0.219583, 0.219583, 0.219583, 0.219583, 0.219583, 0.219583, 0.219583, 0.219583, 0.219583, 0.219583, 0.219583, 0.219583, 0.219583, 0.219583, 0.219583, 0.219583, 0.219583, 0.219583, 0.219583, 0.219583, 0.219583, 0.219583, 0.219583, 0.219583, 0.219583, 0.219583, 0.219583, 0.219583, 0.219583, 0.219583, 0.219583, 0.219583, 0.219583, 0.219583, 0.219583, 0.219583, 0.219583, 0.219583, 0.219583, 0.219583, 0.219583, 0.219583, 0.219583, 0.219583, 0.219583, 0.219583, 0.219583, 0.219583, 0.219583, 0.219583, 0.219583, 0.219583, 0.219583, 0.219583, 0.219583, 0.219583, 0.219583, 0.219583, 0.219583, 0.219583, 0.219583, 0.219583, 0.219583, 0.219583, 0.219583, 0.219583, 0.219583, 0.219583, 0.219583, 0.219583, 0.219583, 0.219583, 0.219583, 0.219583, 0.219583, 0.219583, 0.219583, 0.219583]
HLBPO Best Score: 2.214722e-01
HLBPO Best Pos: [1.000000, 1.000000, 1.000000, 1.000000, 1.000000, 0.000000, 0.000000, 0.000000, 1.000000, 0.000000, 1.000000, 0.000000, 1.000000, 0.000000, 1.000000, 1.000000, 0.000000, 0.000000, 1.000000, 0.000000, 0.000000, 1.000000, 0.000000, 1.000000, 0.000000, 1.000000, 1.000000, 0.000000, 0.000000, 0.000000, 0.000000, 0.000000, 0.000000, 0.000000, 1.000000, 1.000000, 0.000000, 1.000000, 0.000000, 1.000000, 0.000000, 0.000000, 1.000000, 0.000000, 0.000000, 1.000000, 0.000000, 1.000000, 0.000000, 0.000000, 0.000000, 1.000000, 1.000000, 0.000000, 1.000000, 0.000000, 1.000000, 0.000000, 1.000000, 0.000000, 0.000000, 1.000000, 0.000000, 0.000000, 1.000000, 1.000000, 0.000000, 0.000000, 1.000000, 0.000000, 1.000000, 0.000000, 0.000000, 0.000000, 1.000000, 0.000000, 0.000000, 0.000000, 1.000000, 1.000000, 1.000000, 0.000000, 0.000000, 0.000000, 0.000000, 0.000000, 1.000000, 0.000000, 0.000000, 1.000000]
Curve: [0.221472, 0.221472, 0.221472, 0.221472, 0.221472, 0.221472, 0.221472, 0.221472, 0.221472, 0.221472, 0.221472, 0.221472, 0.221472, 0.221472, 0.221472, 0.221472, 0.221472, 0.221472, 0.221472, 0.221472, 0.221472, 0.221472, 0.221472, 0.221472, 0.221472, 0.221472, 0.221472, 0.221472, 0.221472, 0.221472, 0.221472, 0.221472, 0.221472, 0.221472, 0.221472, 0.221472, 0.221472, 0.221472, 0.221472, 0.221472, 0.221472, 0.221472, 0.221472, 0.221472, 0.221472, 0.221472, 0.221472, 0.221472, 0.221472, 0.221472, 0.221472, 0.221472, 0.221472, 0.221472, 0.221472, 0.221472, 0.221472, 0.221472, 0.221472, 0.221472, 0.221472, 0.221472, 0.221472, 0.221472, 0.221472, 0.221472, 0.221472, 0.221472, 0.221472, 0.221472, 0.221472, 0.221472, 0.221472, 0.221472, 0.221472, 0.221472, 0.221472, 0.221472, 0.221472, 0.221472, 0.221472, 0.221472, 0.221472, 0.221472, 0.221472, 0.221472, 0.221472, 0.221472, 0.221472, 0.221472, 0.221472, 0.221472, 0.221472, 0.221472, 0.221472, 0.221472, 0.221472, 0.221472, 0.221472, 0.221472]
Run 2
BPO Best Score: 2.265000e-01
BPO Best Pos: [-0.715294, 1.339032, 1.000000, -0.459676, 1.426544, -0.000000, 1.000000, 1.618404, 0.631472, 2.632886, 1.061358, 1.449827, 0.927992, 2.022832, 1.254716, 2.897061, 0.000000, -0.000000, 0.587124, -0.000000, -0.000000, -0.284244, 0.173818, 0.888085, 1.000000, 1.000000, 0.630268, 0.398993, 1.416070, 1.000000, 1.970510, 0.845344, 1.370786, 0.084215, 1.000000, 1.070739, 2.644412, 1.106328, 1.278895, -0.529865, -0.072689, 0.275239, 1.604000, -0.809291, 0.000000, -0.244441, 1.249602, -1.467057, -0.005554, -3.174553, 0.963749, 1.640758, 1.770792, 1.000000, -0.218007, 0.490160, 1.016445, 0.669301, 1.048512, 1.683661, 3.476914, 0.018439, -0.000000, -0.000000, -0.000000, -0.525230, 1.000000, 1.089445, 0.003976, 1.000000, 1.428880, -0.743741, 2.040676, -0.311426, -0.037689, 2.935281, -0.000000, 0.025562, 0.880686, 1.077035, 2.505602, 1.632098, 1.714144, 0.000000, 1.512546, 0.800268, 1.536439, 1.000000, 1.000000, -0.000000]
Curve: [0.229472, 0.229472, 0.229472, 0.229472, 0.229472, 0.229472, 0.229472, 0.229472, 0.229472, 0.229472, 0.229472, 0.229472, 0.229472, 0.229472, 0.229472, 0.229472, 0.229472, 0.229472, 0.229472, 0.229472, 0.229472, 0.229472, 0.229472, 0.229472, 0.229472, 0.229472, 0.229472, 0.229472, 0.229472, 0.229472, 0.229472, 0.229472, 0.229472, 0.229472, 0.229472, 0.229472, 0.229472, 0.229472, 0.229472, 0.229472, 0.229472, 0.229472, 0.229472, 0.229472, 0.229472, 0.229472, 0.229472, 0.229472, 0.229472, 0.229472, 0.229472, 0.229472, 0.229472, 0.229472, 0.229472, 0.229472, 0.229472, 0.229472, 0.229472, 0.229472, 0.229472, 0.229472, 0.229472, 0.229472, 0.229472, 0.229472, 0.229472, 0.229472, 0.229472, 0.229472, 0.229472, 0.226500, 0.226500, 0.226500, 0.226500, 0.226500, 0.226500, 0.226500, 0.226500, 0.226500, 0.226500, 0.226500, 0.226500, 0.226500, 0.226500, 0.226500, 0.226500, 0.226500, 0.226500, 0.226500, 0.226500, 0.226500, 0.226500, 0.226500, 0.226500, 0.226500, 0.226500, 0.226500, 0.226500, 0.226500]
HLBPO Best Score: 2.240000e-01
HLBPO Best Pos: [0.000000, 1.000000, 0.000000, 0.000000, 1.000000, 0.000000, 0.000000, 0.000000, 0.000000, 1.000000, 1.000000, 1.000000, 0.000000, 0.000000, 0.000000, 1.000000, 1.000000, 1.000000, 1.000000, 1.000000, 1.000000, 0.000000, 0.000000, 1.000000, 0.000000, 0.000000, 0.000000, 1.000000, 1.000000, 0.000000, 0.000000, 1.000000, 1.000000, 0.000000, 1.000000, 1.000000, 0.000000, 0.000000, 0.000000, 0.000000, 0.000000, 1.000000, 0.000000, 0.000000, 1.000000, 0.000000, 1.000000, 0.000000, 0.000000, 1.000000, 1.000000, 0.000000, 0.000000, 1.000000, 1.000000, 1.000000, 1.000000, 0.000000, 0.000000, 1.000000, 1.000000, 0.000000, 1.000000, 1.000000, 0.000000, 0.000000, 0.000000, 0.000000, 0.000000, 0.000000, 0.000000, 1.000000, 1.000000, 0.000000, 0.000000, 0.000000, 0.000000, 0.000000, 0.000000, 0.000000, 0.000000, 0.000000, 1.000000, 0.000000, 0.000000, 0.000000, 0.000000, 1.000000, 1.000000, 0.000000]
Curve: [0.224000, 0.224000, 0.224000, 0.224000, 0.224000, 0.224000, 0.224000, 0.224000, 0.224000, 0.224000, 0.224000, 0.224000, 0.224000, 0.224000, 0.224000, 0.224000, 0.224000, 0.224000, 0.224000, 0.224000, 0.224000, 0.224000, 0.224000, 0.224000, 0.224000, 0.224000, 0.224000, 0.224000, 0.224000, 0.224000, 0.224000, 0.224000, 0.224000, 0.224000, 0.224000, 0.224000, 0.224000, 0.224000, 0.224000, 0.224000, 0.224000, 0.224000, 0.224000, 0.224000, 0.224000, 0.224000, 0.224000, 0.224000, 0.224000, 0.224000, 0.224000, 0.224000, 0.224000, 0.224000, 0.224000, 0.224000, 0.224000, 0.224000, 0.224000, 0.224000, 0.224000, 0.224000, 0.224000, 0.224000, 0.224000, 0.224000, 0.224000, 0.224000, 0.224000, 0.224000, 0.224000, 0.224000, 0.224000, 0.224000, 0.224000, 0.224000, 0.224000, 0.224000, 0.224000, 0.224000, 0.224000, 0.224000, 0.224000, 0.224000, 0.224000, 0.224000, 0.224000, 0.224000, 0.224000, 0.224000, 0.224000, 0.224000, 0.224000, 0.224000, 0.224000, 0.224000, 0.224000, 0.224000, 0.224000, 0.224000]
Run 3
BPO Best Score: 2.130833e-01
BPO Best Pos: [-0.000002, 1.000000, 1.000000, 0.000001, 1.000000, 0.000000, -0.000009, 0.999999, -0.000002, -0.000000, 1.000000, 1.000000, 0.000001, 1.000000, -0.000000, -0.000000, 0.999999, 0.000001, -0.000000, 0.000000, -0.000000, 0.000000, -0.000000, 0.000001, -0.000001, -0.000006, -0.000000, 1.000000, 0.000000, 1.000000, 0.000000, 0.000000, 1.000000, -0.000000, 0.000000, 1.000000, 0.000000, 1.000000, 1.000000, 1.000000, 1.000000, 0.000000, 1.000000, 1.000000, 1.000000, 1.000000, 0.000000, 1.000000, 1.000000, 1.000000, 1.000000, 0.000000, 1.000000, 1.000019, 1.000001, 1.000000, 1.000000, -0.000000, -0.000000, 1.000000, 1.000000, 1.000000, -0.000000, 0.999887, -0.000000, -0.000000, -0.000000, 1.000000, 1.000000, 1.000000, 0.999997, 1.000000, 1.000000, 0.000000, 1.000000, -0.000000, -0.000000, -0.000453, 0.000000, 1.000000, 0.000000, 0.000000, 0.000000, 1.000000, 0.000000, 1.000000, 0.999998, 0.000000, 0.000000, -0.000000]
Curve: [0.227639, 0.227639, 0.227639, 0.227639, 0.227639, 0.227639, 0.227639, 0.227639, 0.227639, 0.227639, 0.227639, 0.227639, 0.227639, 0.227639, 0.227639, 0.227639, 0.227639, 0.227639, 0.227639, 0.227639, 0.227639, 0.227639, 0.227639, 0.227639, 0.227639, 0.227639, 0.227639, 0.227639, 0.227639, 0.227639, 0.227639, 0.227639, 0.227639, 0.227639, 0.227639, 0.227639, 0.227639, 0.227639, 0.227639, 0.227639, 0.227639, 0.227639, 0.227639, 0.227639, 0.227639, 0.227639, 0.227639, 0.227639, 0.227639, 0.227639, 0.227639, 0.224528, 0.224528, 0.224528, 0.224528, 0.224528, 0.224528, 0.224528, 0.224528, 0.224528, 0.224528, 0.224528, 0.224528, 0.215611, 0.215611, 0.215611, 0.215611, 0.215611, 0.215611, 0.215611, 0.215611, 0.215611, 0.215611, 0.215611, 0.215611, 0.215611, 0.215611, 0.215611, 0.215611, 0.215611, 0.215611, 0.215611, 0.215611, 0.215611, 0.215611, 0.215611, 0.215611, 0.213083, 0.213083, 0.213083, 0.213083, 0.213083, 0.213083, 0.213083, 0.213083, 0.213083, 0.213083, 0.213083, 0.213083, 0.213083]
HLBPO Best Score: 2.260000e-01
HLBPO Best Pos: [1.000000, 1.000000, 0.000000, 1.000000, 1.000000, 1.000000, 0.000000, 0.000000, 1.000000, 0.000000, 0.000000, 1.000000, 1.000000, 1.000000, 1.000000, 1.000000, 1.000000, 1.000000, 0.000000, 1.000000, 0.000000, 1.000000, 1.000000, 0.000000, 0.000000, 0.000000, 1.000000, 1.000000, 0.000000, 0.000000, 0.000000, 1.000000, 1.000000, 1.000000, 1.000000, 1.000000, 1.000000, 1.000000, 0.000000, 1.000000, 1.000000, 1.000000, 0.000000, 0.000000, 0.000000, 1.000000, 1.000000, 0.000000, 1.000000, 0.000000, 1.000000, 1.000000, 0.000000, 1.000000, 1.000000, 0.000000, 1.000000, 0.000000, 1.000000, 1.000000, 1.000000, 0.000000, 1.000000, 0.000000, 1.000000, 0.000000, 1.000000, 1.000000, 1.000000, 0.000000, 1.000000, 0.000000, 1.000000, 1.000000, 0.000000, 1.000000, 0.000000, 0.000000, 0.000000, 0.000000, 1.000000, 0.000000, 1.000000, 1.000000, 0.000000, 0.000000, 1.000000, 1.000000, 0.000000, 1.000000]
Curve: [0.226000, 0.226000, 0.226000, 0.226000, 0.226000, 0.226000, 0.226000, 0.226000, 0.226000, 0.226000, 0.226000, 0.226000, 0.226000, 0.226000, 0.226000, 0.226000, 0.226000, 0.226000, 0.226000, 0.226000, 0.226000, 0.226000, 0.226000, 0.226000, 0.226000, 0.226000, 0.226000, 0.226000, 0.226000, 0.226000, 0.226000, 0.226000, 0.226000, 0.226000, 0.226000, 0.226000, 0.226000, 0.226000, 0.226000, 0.226000, 0.226000, 0.226000, 0.226000, 0.226000, 0.226000, 0.226000, 0.226000, 0.226000, 0.226000, 0.226000, 0.226000, 0.226000, 0.226000, 0.226000, 0.226000, 0.226000, 0.226000, 0.226000, 0.226000, 0.226000, 0.226000, 0.226000, 0.226000, 0.226000, 0.226000, 0.226000, 0.226000, 0.226000, 0.226000, 0.226000, 0.226000, 0.226000, 0.226000, 0.226000, 0.226000, 0.226000, 0.226000, 0.226000, 0.226000, 0.226000, 0.226000, 0.226000, 0.226000, 0.226000, 0.226000, 0.226000, 0.226000, 0.226000, 0.226000, 0.226000, 0.226000, 0.226000, 0.226000, 0.226000, 0.226000, 0.226000, 0.226000, 0.226000, 0.226000, 0.226000]
Run 4
BPO Best Score: 2.167222e-01
BPO Best Pos: [1.000000, 1.000000, -0.012287, 1.000000, -0.873693, 1.000000, -0.239143, 0.000000, 1.164484, -0.467039, 1.000000, -0.749364, 1.000000, -0.640172, 1.000000, 1.427415, -0.182337, 1.000000, 0.000000, -0.204307, -0.855625, 1.000000, 0.000000, -0.000000, -0.667508, -0.000000, 1.000000, -0.292900, 1.000000, 1.000000, -0.542740, 1.000000, -0.785897, -0.968683, 1.000000, 1.869173, -0.651794, -0.670975, -0.000000, -0.591026, 1.497588, -0.345930, -0.000000, 0.000000, -0.170179, 1.000000, 1.000000, 1.490084, 1.187525, -0.093049, 1.415493, -0.572350, 1.000000, -0.708306, 1.961925, -0.000000, -0.453362, 1.633605, 1.074305, 1.801774, 1.000000, -0.818258, -0.791643, 1.000000, 1.000000, -0.000000, -0.660146, -0.254766, 1.790811, -0.000000, 1.881797, -0.694961, 0.000000, -0.404442, 1.849956, -0.704317, 1.000000, 0.000000, -0.633530, 0.000000, 1.000000, -0.000000, 0.000000, -0.249499, -0.000000, 0.000000, 1.000000, 1.933791, 1.772409, 1.000000]
Curve: [0.225417, 0.225417, 0.225417, 0.225417, 0.225417, 0.225417, 0.225417, 0.225417, 0.225417, 0.225417, 0.225417, 0.225417, 0.225417, 0.225417, 0.225417, 0.225417, 0.225417, 0.225417, 0.225417, 0.225417, 0.225417, 0.225417, 0.225417, 0.225417, 0.225417, 0.225417, 0.225417, 0.225417, 0.225417, 0.225417, 0.225417, 0.225417, 0.225417, 0.225417, 0.225417, 0.225417, 0.225417, 0.225417, 0.225417, 0.225417, 0.225417, 0.225417, 0.225417, 0.225417, 0.225417, 0.225417, 0.225417, 0.225417, 0.225417, 0.225417, 0.225417, 0.225417, 0.225417, 0.225417, 0.225417, 0.225417, 0.225417, 0.225417, 0.225417, 0.225417, 0.225417, 0.225417, 0.225417, 0.225417, 0.225417, 0.225417, 0.225417, 0.225417, 0.225417, 0.225417, 0.225417, 0.225417, 0.225417, 0.225417, 0.225417, 0.225417, 0.225417, 0.225417, 0.225417, 0.225417, 0.225417, 0.225417, 0.225417, 0.225417, 0.225417, 0.225417, 0.225417, 0.225417, 0.225417, 0.225417, 0.225417, 0.225417, 0.225417, 0.225417, 0.225417, 0.225417, 0.225417, 0.216722, 0.216722, 0.216722]
HLBPO Best Score: 2.247778e-01
HLBPO Best Pos: [1.000000, 0.000000, 1.000000, 1.000000, 1.000000, 1.000000, 1.000000, 1.000000, 0.000000, 0.000000, 0.000000, 1.000000, 1.000000, 1.000000, 0.000000, 1.000000, 0.000000, 1.000000, 0.000000, 0.000000, 1.000000, 0.000000, 0.000000, 1.000000, 0.000000, 1.000000, 1.000000, 0.000000, 1.000000, 1.000000, 0.000000, 0.000000, 0.000000, 0.000000, 0.000000, 1.000000, 1.000000, 1.000000, 1.000000, 1.000000, 0.000000, 0.000000, 1.000000, 0.000000, 1.000000, 0.000000, 0.000000, 1.000000, 0.000000, 0.000000, 0.000000, 0.000000, 1.000000, 1.000000, 1.000000, 1.000000, 0.000000, 0.000000, 1.000000, 0.000000, 1.000000, 1.000000, 0.000000, 1.000000, 0.000000, 1.000000, 0.000000, 1.000000, 0.000000, 0.000000, 0.000000, 0.000000, 1.000000, 0.000000, 0.000000, 1.000000, 0.000000, 0.000000, 1.000000, 0.000000, 1.000000, 0.000000, 0.000000, 1.000000, 0.000000, 1.000000, 0.000000, 0.000000, 1.000000, 0.000000]
Curve: [0.224778, 0.224778, 0.224778, 0.224778, 0.224778, 0.224778, 0.224778, 0.224778, 0.224778, 0.224778, 0.224778, 0.224778, 0.224778, 0.224778, 0.224778, 0.224778, 0.224778, 0.224778, 0.224778, 0.224778, 0.224778, 0.224778, 0.224778, 0.224778, 0.224778, 0.224778, 0.224778, 0.224778, 0.224778, 0.224778, 0.224778, 0.224778, 0.224778, 0.224778, 0.224778, 0.224778, 0.224778, 0.224778, 0.224778, 0.224778, 0.224778, 0.224778, 0.224778, 0.224778, 0.224778, 0.224778, 0.224778, 0.224778, 0.224778, 0.224778, 0.224778, 0.224778, 0.224778, 0.224778, 0.224778, 0.224778, 0.224778, 0.224778, 0.224778, 0.224778, 0.224778, 0.224778, 0.224778, 0.224778, 0.224778, 0.224778, 0.224778, 0.224778, 0.224778, 0.224778, 0.224778, 0.224778, 0.224778, 0.224778, 0.224778, 0.224778, 0.224778, 0.224778, 0.224778, 0.224778, 0.224778, 0.224778, 0.224778, 0.224778, 0.224778, 0.224778, 0.224778, 0.224778, 0.224778, 0.224778, 0.224778, 0.224778, 0.224778, 0.224778, 0.224778, 0.224778, 0.224778, 0.224778, 0.224778, 0.224778]
Run 5
BPO Best Score: 2.130833e-01
BPO Best Pos: [1.000000, 0.598688, -0.952950, -0.202339, -1.919508, 0.000000, 1.000000, 1.000000, 1.179591, 0.375044, 0.599185, 1.000000, -1.551595, 0.000000, 0.063857, 1.849874, 0.000000, 1.114018, 0.466523, 0.776921, 1.949826, 1.000000, -0.518061, 0.693781, 0.000000, 1.000000, 1.188243, -1.527782, -1.073423, 1.312500, 0.000000, -0.001811, 1.000000, -0.954117, -0.457169, -1.013990, 0.000000, 2.285651, 1.585107, 0.586493, 1.000000, 0.185762, 0.948073, -0.637878, 0.149530, 1.601441, -0.273830, -0.532350, 1.242552, -1.650247, 0.797567, 0.868555, 1.000000, -1.370810, 0.581765, 0.997141, 1.313153, 1.452621, -0.361993, 0.000000, 0.775939, -0.264485, 1.572034, -0.116598, -0.954240, -0.003562, 0.000000, 0.000000, 0.519508, 0.000000, 0.000000, -0.874105, 1.000000, 1.000000, 1.647854, 2.129845, 0.000000, 0.631046, -1.664779, 0.109228, 0.000000, 0.000000, -0.028918, -1.088852, 0.000000, -0.005320, -0.410743, -0.842460, 1.000000, -1.034199]
Curve: [0.216500, 0.216500, 0.213083, 0.213083, 0.213083, 0.213083, 0.213083, 0.213083, 0.213083, 0.213083, 0.213083, 0.213083, 0.213083, 0.213083, 0.213083, 0.213083, 0.213083, 0.213083, 0.213083, 0.213083, 0.213083, 0.213083, 0.213083, 0.213083, 0.213083, 0.213083, 0.213083, 0.213083, 0.213083, 0.213083, 0.213083, 0.213083, 0.213083, 0.213083, 0.213083, 0.213083, 0.213083, 0.213083, 0.213083, 0.213083, 0.213083, 0.213083, 0.213083, 0.213083, 0.213083, 0.213083, 0.213083, 0.213083, 0.213083, 0.213083, 0.213083, 0.213083, 0.213083, 0.213083, 0.213083, 0.213083, 0.213083, 0.213083, 0.213083, 0.213083, 0.213083, 0.213083, 0.213083, 0.213083, 0.213083, 0.213083, 0.213083, 0.213083, 0.213083, 0.213083, 0.213083, 0.213083, 0.213083, 0.213083, 0.213083, 0.213083, 0.213083, 0.213083, 0.213083, 0.213083, 0.213083, 0.213083, 0.213083, 0.213083, 0.213083, 0.213083, 0.213083, 0.213083, 0.213083, 0.213083, 0.213083, 0.213083, 0.213083, 0.213083, 0.213083, 0.213083, 0.213083, 0.213083, 0.213083, 0.213083]
HLBPO Best Score: 2.270556e-01
HLBPO Best Pos: [-0.133218, 1.708866, 1.000000, 0.952018, 0.627843, 1.302464, 1.000000, 1.993315, 2.094392, 1.000000, 1.911253, 2.292693, 0.372698, -0.050122, 0.739326, 1.490569, 0.180646, 0.000000, -1.352800, 1.056985, 1.877412, 0.000000, -0.302135, 1.000000, 1.000000, 1.000000, 0.461067, 1.746521, 1.807321, 1.000000, 2.284488, 1.890218, 0.906687, 0.000000, -0.836261, -0.403168, 1.000000, 1.405104, 0.379268, -0.250446, 0.000000, 0.387239, -0.839813, 1.000000, 1.000000, 0.000000, -0.022326, -0.631705, 0.904772, 0.122293, 1.660455, 1.000000, 1.298779, 1.573779, -0.068774, 0.000000, 0.106703, 0.251281, 1.702663, 1.000000, -0.046600, -0.624615, -1.346544, 1.000000, -0.235171, 1.085954, -0.284542, -0.912059, 0.729469, 1.544478, -0.125585, -1.135017, -1.060380, 0.000000, 1.521363, -0.460738, 1.522564, 0.123976, 1.000000, -0.090342, -1.393980, 0.520479, 0.806499, -0.081554, 1.839851, 0.424312, 1.741511, -0.176353, 0.000000, 0.009813]
Curve: [0.227056, 0.227056, 0.227056, 0.227056, 0.227056, 0.227056, 0.227056, 0.227056, 0.227056, 0.227056, 0.227056, 0.227056, 0.227056, 0.227056, 0.227056, 0.227056, 0.227056, 0.227056, 0.227056, 0.227056, 0.227056, 0.227056, 0.227056, 0.227056, 0.227056, 0.227056, 0.227056, 0.227056, 0.227056, 0.227056, 0.227056, 0.227056, 0.227056, 0.227056, 0.227056, 0.227056, 0.227056, 0.227056, 0.227056, 0.227056, 0.227056, 0.227056, 0.227056, 0.227056, 0.227056, 0.227056, 0.227056, 0.227056, 0.227056, 0.227056, 0.227056, 0.227056, 0.227056, 0.227056, 0.227056, 0.227056, 0.227056, 0.227056, 0.227056, 0.227056, 0.227056, 0.227056, 0.227056, 0.227056, 0.227056, 0.227056, 0.227056, 0.227056, 0.227056, 0.227056, 0.227056, 0.227056, 0.227056, 0.227056, 0.227056, 0.227056, 0.227056, 0.227056, 0.227056, 0.227056, 0.227056, 0.227056, 0.227056, 0.227056, 0.227056, 0.227056, 0.227056, 0.227056, 0.227056, 0.227056, 0.227056, 0.227056, 0.227056, 0.227056, 0.227056, 0.227056, 0.227056, 0.227056, 0.227056, 0.227056]
Run 6
BPO Best Score: 2.151667e-01
BPO Best Pos: [1.000000, 1.000000, 1.000002, -0.000000, 1.000000, 0.000002, -0.000000, -0.000000, 0.000000, 0.000000, -0.000000, -0.000002, 1.000000, -0.000000, 1.000000, 1.000015, -0.000000, 0.000000, -0.000011, 1.000000, -0.000166, 1.000000, -0.000019, 0.999982, 0.999985, 1.000000, -0.000000, 0.000000, -0.000016, 1.000000, 1.000000, 1.000061, 1.000002, 0.000000, 0.000000, 1.000000, 1.000000, 0.000041, 1.000000, 0.000000, -0.000000, -0.000000, 0.999872, -0.000000, 1.000000, -0.000001, 1.000000, -0.000000, 1.000000, 1.000000, 1.000001, 0.000000, 0.999539, 1.000000, 0.000000, 0.000000, 0.000038, 0.999999, 1.000000, 0.000000, 0.000009, 1.000000, -0.000000, 0.000000, -0.000005, -0.000000, -0.000000, -0.000004, -0.000000, 1.000000, 0.999997, 1.000000, 1.000957, 1.000000, 1.000000, -0.000052, -0.000000, 0.000000, 1.000000, 0.000000, -0.000042, -0.000000, -0.000000, 0.000000, 1.000000, -0.000000, 0.996320, 1.000000, 1.000000, -0.000000]
Curve: [0.232806, 0.232806, 0.232806, 0.232806, 0.232806, 0.232806, 0.232806, 0.232806, 0.232806, 0.232806, 0.232806, 0.232806, 0.232806, 0.232806, 0.232806, 0.232806, 0.232806, 0.232806, 0.232806, 0.232806, 0.232806, 0.232806, 0.232806, 0.232806, 0.232806, 0.232806, 0.232806, 0.232806, 0.232806, 0.232806, 0.232806, 0.232806, 0.232806, 0.232806, 0.232806, 0.232806, 0.232806, 0.232806, 0.232806, 0.232806, 0.232806, 0.232806, 0.232806, 0.232806, 0.232806, 0.232806, 0.232806, 0.232806, 0.232806, 0.232806, 0.232806, 0.232806, 0.232806, 0.232806, 0.232806, 0.232806, 0.232806, 0.232806, 0.232806, 0.232806, 0.232806, 0.232806, 0.232806, 0.232806, 0.232806, 0.232806, 0.232806, 0.232806, 0.232806, 0.232806, 0.232806, 0.232806, 0.232806, 0.232806, 0.232806, 0.231667, 0.231667, 0.215167, 0.215167, 0.215167, 0.215167, 0.215167, 0.215167, 0.215167, 0.215167, 0.215167, 0.215167, 0.215167, 0.215167, 0.215167, 0.215167, 0.215167, 0.215167, 0.215167, 0.215167, 0.215167, 0.215167, 0.215167, 0.215167, 0.215167]
HLBPO Best Score: 2.139722e-01
HLBPO Best Pos: [1.000000, 1.000000, 1.000000, -0.138699, 1.978014, -0.211069, 0.000000, -0.536856, -0.796975, 1.646907, 1.000000, 0.000000, 1.061498, 0.000000, 1.535115, -0.198700, 1.401999, -0.116884, 1.352923, -0.001139, 0.000000, 0.000000, -0.740936, 1.517027, 0.000000, 0.000000, 1.264359, 1.000000, -0.388615, 0.000000, 0.000000, -0.765125, 1.000000, 1.723095, 0.000000, -0.258589, -0.688626, 0.000000, 0.000000, 1.000000, -0.058301, -0.852274, 1.000000, 0.000000, 0.000000, 1.000000, 0.000000, 1.000000, 1.394838, -0.030328, 1.000000, 1.596526, -0.810648, 1.076200, 1.000000, 0.000000, 1.000000, 1.819707, 1.000000, 1.131849, 0.000000, 1.850884, 0.000000, 0.000000, 0.000000, 0.000000, -0.530719, 0.000000, 1.185499, 1.718532, 1.000000, 1.000000, 1.809009, 1.000000, -0.499448, -0.807109, -0.245990, 1.961872, 1.151694, -0.136054, 0.000000, -0.296269, 1.600251, 0.000000, 0.000000, 1.063156, 1.000000, -0.804333, 1.000000, 1.000000]
Curve: [0.213972, 0.213972, 0.213972, 0.213972, 0.213972, 0.213972, 0.213972, 0.213972, 0.213972, 0.213972, 0.213972, 0.213972, 0.213972, 0.213972, 0.213972, 0.213972, 0.213972, 0.213972, 0.213972, 0.213972, 0.213972, 0.213972, 0.213972, 0.213972, 0.213972, 0.213972, 0.213972, 0.213972, 0.213972, 0.213972, 0.213972, 0.213972, 0.213972, 0.213972, 0.213972, 0.213972, 0.213972, 0.213972, 0.213972, 0.213972, 0.213972, 0.213972, 0.213972, 0.213972, 0.213972, 0.213972, 0.213972, 0.213972, 0.213972, 0.213972, 0.213972, 0.213972, 0.213972, 0.213972, 0.213972, 0.213972, 0.213972, 0.213972, 0.213972, 0.213972, 0.213972, 0.213972, 0.213972, 0.213972, 0.213972, 0.213972, 0.213972, 0.213972, 0.213972, 0.213972, 0.213972, 0.213972, 0.213972, 0.213972, 0.213972, 0.213972, 0.213972, 0.213972, 0.213972, 0.213972, 0.213972, 0.213972, 0.213972, 0.213972, 0.213972, 0.213972, 0.213972, 0.213972, 0.213972, 0.213972, 0.213972, 0.213972, 0.213972, 0.213972, 0.213972, 0.213972, 0.213972, 0.213972, 0.213972, 0.213972]
Run 7
BPO Best Score: 2.205833e-01
BPO Best Pos: [1.000000, 0.000000, 1.490270, 1.320422, 1.000000, 0.000000, 1.000000, 1.000000, 0.000000, -0.534844, -0.497581, 0.000000, 0.000000, 1.000000, -0.086115, 0.835666, 0.000000, 1.291240, -1.546120, 0.000000, 1.000000, 0.190879, 0.577561, 1.000000, 0.000000, -0.435122, 1.000000, 0.000000, 1.000000, -1.018797, 1.805366, 1.000000, 0.000000, 1.000000, 1.639991, 1.000000, 0.889687, 0.000000, 1.000000, 1.524618, 1.000000, 1.000000, 1.000000, 1.000000, 0.000000, 1.591981, 0.000000, 0.000000, 0.000000, 0.370553, 1.000000, 0.000000, 1.434735, 2.358878, 1.000000, 1.000000, 0.000000, 1.000000, 1.000000, 1.000000, 1.000000, 0.778238, 0.000000, 0.019585, 0.172907, 1.000000, 1.000000, 0.498502, 0.189412, 0.420775, 1.000000, 1.000000, 0.000000, 0.000000, 1.372688, 2.451725, -0.169520, 0.000000, 0.395854, 0.000000, 1.211504, 0.000000, 0.000000, 0.204223, 2.280751, 2.216503, 1.000000, 0.333545, 0.000000, 1.000000]
Curve: [0.222778, 0.222778, 0.220583, 0.220583, 0.220583, 0.220583, 0.220583, 0.220583, 0.220583, 0.220583, 0.220583, 0.220583, 0.220583, 0.220583, 0.220583, 0.220583, 0.220583, 0.220583, 0.220583, 0.220583, 0.220583, 0.220583, 0.220583, 0.220583, 0.220583, 0.220583, 0.220583, 0.220583, 0.220583, 0.220583, 0.220583, 0.220583, 0.220583, 0.220583, 0.220583, 0.220583, 0.220583, 0.220583, 0.220583, 0.220583, 0.220583, 0.220583, 0.220583, 0.220583, 0.220583, 0.220583, 0.220583, 0.220583, 0.220583, 0.220583, 0.220583, 0.220583, 0.220583, 0.220583, 0.220583, 0.220583, 0.220583, 0.220583, 0.220583, 0.220583, 0.220583, 0.220583, 0.220583, 0.220583, 0.220583, 0.220583, 0.220583, 0.220583, 0.220583, 0.220583, 0.220583, 0.220583, 0.220583, 0.220583, 0.220583, 0.220583, 0.220583, 0.220583, 0.220583, 0.220583, 0.220583, 0.220583, 0.220583, 0.220583, 0.220583, 0.220583, 0.220583, 0.220583, 0.220583, 0.220583, 0.220583, 0.220583, 0.220583, 0.220583, 0.220583, 0.220583, 0.220583, 0.220583, 0.220583, 0.220583]
HLBPO Best Score: 2.305000e-01
HLBPO Best Pos: [0.000000, 0.000000, 1.000000, 1.000000, 1.000000, 0.000000, 1.000000, 1.000000, 1.000000, 0.000000, 1.000000, 1.000000, 1.000000, 1.000000, 0.000000, 1.000000, 1.000000, 0.000000, 0.000000, 1.000000, 0.000000, 0.000000, 1.000000, 0.000000, 1.000000, 0.000000, 1.000000, 1.000000, 1.000000, 0.000000, 0.000000, 0.000000, 1.000000, 1.000000, 0.000000, 1.000000, 1.000000, 1.000000, 0.000000, 0.000000, 0.000000, 1.000000, 1.000000, 1.000000, 1.000000, 1.000000, 0.000000, 1.000000, 0.000000, 1.000000, 1.000000, 1.000000, 1.000000, 0.000000, 1.000000, 1.000000, 0.000000, 0.000000, 0.000000, 0.000000, 0.000000, 0.000000, 0.000000, 1.000000, 0.000000, 1.000000, 1.000000, 0.000000, 0.000000, 0.000000, 0.000000, 0.000000, 1.000000, 0.000000, 0.000000, 1.000000, 1.000000, 0.000000, 1.000000, 0.000000, 1.000000, 0.000000, 1.000000, 0.000000, 0.000000, 0.000000, 0.000000, 1.000000, 0.000000, 0.000000]
Curve: [0.230500, 0.230500, 0.230500, 0.230500, 0.230500, 0.230500, 0.230500, 0.230500, 0.230500, 0.230500, 0.230500, 0.230500, 0.230500, 0.230500, 0.230500, 0.230500, 0.230500, 0.230500, 0.230500, 0.230500, 0.230500, 0.230500, 0.230500, 0.230500, 0.230500, 0.230500, 0.230500, 0.230500, 0.230500, 0.230500, 0.230500, 0.230500, 0.230500, 0.230500, 0.230500, 0.230500, 0.230500, 0.230500, 0.230500, 0.230500, 0.230500, 0.230500, 0.230500, 0.230500, 0.230500, 0.230500, 0.230500, 0.230500, 0.230500, 0.230500, 0.230500, 0.230500, 0.230500, 0.230500, 0.230500, 0.230500, 0.230500, 0.230500, 0.230500, 0.230500, 0.230500, 0.230500, 0.230500, 0.230500, 0.230500, 0.230500, 0.230500, 0.230500, 0.230500, 0.230500, 0.230500, 0.230500, 0.230500, 0.230500, 0.230500, 0.230500, 0.230500, 0.230500, 0.230500, 0.230500, 0.230500, 0.230500, 0.230500, 0.230500, 0.230500, 0.230500, 0.230500, 0.230500, 0.230500, 0.230500, 0.230500, 0.230500, 0.230500, 0.230500, 0.230500, 0.230500, 0.230500, 0.230500, 0.230500, 0.230500]
Run 8
BPO Best Score: 2.185833e-01
BPO Best Pos: [0.000000, 0.000000, 1.000000, -0.000000, -0.000000, 0.000048, 1.000000, 0.000000, -0.000000, 1.000000, 1.000000, 0.000000, -0.000000, 0.000000, 1.000000, 1.000001, 0.000003, 0.000000, -0.000000, 1.000000, 0.000000, 0.000003, 0.999822, 1.000000, 0.000000, 1.000000, -0.000000, 1.000000, 0.000002, 1.000000, -0.000001, 0.000003, -0.000000, -0.000000, 0.000207, 1.000000, 1.000000, -0.000019, 1.000000, 0.000002, 0.000002, 0.000000, 0.000003, 1.000000, 0.000000, -0.000058, 1.000000, -0.000000, -0.000000, 1.000000, -0.000000, 1.000000, 1.000000, -0.000000, 1.000000, 0.999999, 0.999999, 1.000000, 1.000000, 1.000000, -0.000000, 1.000000, 1.000000, 1.000000, 1.000000, 0.000000, 0.000002, 1.000054, 1.000003, -0.000000, -0.000080, 1.000000, 1.000003, -0.000000, 0.000005, -0.000000, 1.000000, 0.000000, 1.000000, 0.000000, 0.000000, -0.000000, -0.000006, 0.000000, -0.000000, 0.000008, 1.000000, 1.000000, 1.000000, -0.000000]
Curve: [0.221583, 0.221583, 0.221583, 0.221583, 0.221583, 0.221583, 0.221583, 0.221583, 0.221583, 0.221583, 0.221583, 0.221583, 0.221583, 0.221583, 0.221583, 0.221583, 0.221583, 0.221583, 0.221583, 0.221583, 0.221583, 0.221583, 0.221583, 0.221583, 0.221583, 0.221583, 0.221583, 0.221583, 0.221583, 0.221583, 0.221583, 0.221583, 0.221583, 0.221583, 0.221583, 0.221583, 0.221583, 0.221583, 0.221583, 0.221583, 0.221583, 0.221583, 0.221583, 0.221583, 0.221583, 0.221583, 0.221583, 0.221583, 0.221583, 0.221583, 0.221583, 0.221583, 0.221583, 0.221583, 0.221583, 0.221583, 0.221583, 0.221583, 0.221583, 0.221583, 0.218583, 0.218583, 0.218583, 0.218583, 0.218583, 0.218583, 0.218583, 0.218583, 0.218583, 0.218583, 0.218583, 0.218583, 0.218583, 0.218583, 0.218583, 0.218583, 0.218583, 0.218583, 0.218583, 0.218583, 0.218583, 0.218583, 0.218583, 0.218583, 0.218583, 0.218583, 0.218583, 0.218583, 0.218583, 0.218583, 0.218583, 0.218583, 0.218583, 0.218583, 0.218583, 0.218583, 0.218583, 0.218583, 0.218583, 0.218583]
HLBPO Best Score: 2.286389e-01
HLBPO Best Pos: [1.000000, 1.000000, 1.000000, 1.000000, 1.000000, 1.000000, 1.000000, 0.000000, 1.000000, 0.000000, 0.000000, 0.000000, 0.000000, 1.000000, 0.000000, 1.000000, 1.000000, 1.000000, 1.000000, 1.000000, 0.000000, 1.000000, 0.000000, 1.000000, 0.000000, 1.000000, 0.000000, 1.000000, 1.000000, 1.000000, 0.000000, 1.000000, 0.000000, 1.000000, 1.000000, 0.000000, 1.000000, 1.000000, 1.000000, 1.000000, 0.000000, 0.000000, 1.000000, 1.000000, 1.000000, 1.000000, 0.000000, 1.000000, 1.000000, 0.000000, 0.000000, 1.000000, 1.000000, 1.000000, 1.000000, 1.000000, 1.000000, 0.000000, 0.000000, 0.000000, 1.000000, 1.000000, 0.000000, 1.000000, 0.000000, 0.000000, 1.000000, 1.000000, 1.000000, 0.000000, 1.000000, 0.000000, 1.000000, 1.000000, 1.000000, 0.000000, 1.000000, 0.000000, 1.000000, 0.000000, 0.000000, 0.000000, 0.000000, 0.000000, 1.000000, 0.000000, 0.000000, 0.000000, 1.000000, 0.000000]
Curve: [0.228639, 0.228639, 0.228639, 0.228639, 0.228639, 0.228639, 0.228639, 0.228639, 0.228639, 0.228639, 0.228639, 0.228639, 0.228639, 0.228639, 0.228639, 0.228639, 0.228639, 0.228639, 0.228639, 0.228639, 0.228639, 0.228639, 0.228639, 0.228639, 0.228639, 0.228639, 0.228639, 0.228639, 0.228639, 0.228639, 0.228639, 0.228639, 0.228639, 0.228639, 0.228639, 0.228639, 0.228639, 0.228639, 0.228639, 0.228639, 0.228639, 0.228639, 0.228639, 0.228639, 0.228639, 0.228639, 0.228639, 0.228639, 0.228639, 0.228639, 0.228639, 0.228639, 0.228639, 0.228639, 0.228639, 0.228639, 0.228639, 0.228639, 0.228639, 0.228639, 0.228639, 0.228639, 0.228639, 0.228639, 0.228639, 0.228639, 0.228639, 0.228639, 0.228639, 0.228639, 0.228639, 0.228639, 0.228639, 0.228639, 0.228639, 0.228639, 0.228639, 0.228639, 0.228639, 0.228639, 0.228639, 0.228639, 0.228639, 0.228639, 0.228639, 0.228639, 0.228639, 0.228639, 0.228639, 0.228639, 0.228639, 0.228639, 0.228639, 0.228639, 0.228639, 0.228639, 0.228639, 0.228639, 0.228639, 0.228639]
Run 9
BPO Best Score: 2.341111e-01
BPO Best Pos: [0.228601, 0.596769, 1.913972, 1.000000, 0.000000, 0.000000, 1.000000, 0.574363, 0.000000, 0.000000, 1.000000, 0.000000, 1.000000, 1.771962, 1.000000, 0.000000, 1.000000, 0.000000, 0.000000, 0.000000, 1.000000, 1.000000, 1.000000, 0.000000, 0.136212, -0.381501, 1.000000, 0.086317, 1.000000, 1.229081, -0.890011, 1.000000, 1.000000, 1.000000, 1.000000, 0.000000, 1.192941, 0.000000, 1.000000, 1.000000, -0.061849, -0.372125, 0.000000, 1.056873, 1.000000, 1.000000, 0.120758, 1.000000, 1.904231, -0.098397, -0.843689, 0.000000, 0.437416, 1.393436, 0.000000, -0.397097, -0.236545, 0.010609, 1.000000, 1.000000, 1.000000, -1.866940, 1.298870, 1.217279, 0.063649, 0.994262, 0.000000, 1.000000, 0.000000, 1.000000, 0.741237, 0.126140, -0.717239, -0.289609, -0.109355, 1.245582, 0.000000, 0.000000, 0.000000, 0.625188, 0.889396, 0.000000, 1.000000, 1.000000, 0.243603, 0.000000, -0.555698, 0.143028, 0.989218, 1.000000]
Curve: [0.234111, 0.234111, 0.234111, 0.234111, 0.234111, 0.234111, 0.234111, 0.234111, 0.234111, 0.234111, 0.234111, 0.234111, 0.234111, 0.234111, 0.234111, 0.234111, 0.234111, 0.234111, 0.234111, 0.234111, 0.234111, 0.234111, 0.234111, 0.234111, 0.234111, 0.234111, 0.234111, 0.234111, 0.234111, 0.234111, 0.234111, 0.234111, 0.234111, 0.234111, 0.234111, 0.234111, 0.234111, 0.234111, 0.234111, 0.234111, 0.234111, 0.234111, 0.234111, 0.234111, 0.234111, 0.234111, 0.234111, 0.234111, 0.234111, 0.234111, 0.234111, 0.234111, 0.234111, 0.234111, 0.234111, 0.234111, 0.234111, 0.234111, 0.234111, 0.234111, 0.234111, 0.234111, 0.234111, 0.234111, 0.234111, 0.234111, 0.234111, 0.234111, 0.234111, 0.234111, 0.234111, 0.234111, 0.234111, 0.234111, 0.234111, 0.234111, 0.234111, 0.234111, 0.234111, 0.234111, 0.234111, 0.234111, 0.234111, 0.234111, 0.234111, 0.234111, 0.234111, 0.234111, 0.234111, 0.234111, 0.234111, 0.234111, 0.234111, 0.234111, 0.234111, 0.234111, 0.234111, 0.234111, 0.234111, 0.234111]
HLBPO Best Score: 2.304722e-01
HLBPO Best Pos: [-0.958330, -0.901195, 1.000000, 1.170451, 1.279322, -0.162909, 1.413018, -0.307118, 1.000000, 0.000000, 1.793397, -0.127127, 1.271333, 1.062412, 1.261170, 0.000000, 1.176178, 1.643640, -0.474565, 1.331443, 1.264835, 0.000000, 0.000000, 1.000000, 1.728469, 1.000000, 1.000000, 1.000000, -0.545520, -0.323067, -0.187354, 0.000000, 1.000000, 1.000000, 1.718087, 0.000000, 0.000000, -0.043639, 1.890110, 1.201858, 1.959172, 0.000000, 1.000000, 0.000000, 1.646317, -0.962780, 1.697824, 0.000000, 0.000000, 1.000000, -0.875807, 1.223142, -0.876635, 1.000000, 1.453975, 1.608404, 1.000000, 0.000000, 0.000000, 1.390758, 0.000000, 0.000000, -0.438031, 1.324984, -0.433532, 0.000000, 0.000000, 1.000000, -0.541571, 0.000000, 1.248580, 1.000000, 1.755497, 1.400165, 1.000000, 1.000000, 0.000000, -0.733043, 0.000000, 1.801001, 0.000000, 0.000000, -0.301168, -0.323815, 1.000000, -0.358744, 0.000000, 1.000000, 1.000000, 1.000000]
Curve: [0.230472, 0.230472, 0.230472, 0.230472, 0.230472, 0.230472, 0.230472, 0.230472, 0.230472, 0.230472, 0.230472, 0.230472, 0.230472, 0.230472, 0.230472, 0.230472, 0.230472, 0.230472, 0.230472, 0.230472, 0.230472, 0.230472, 0.230472, 0.230472, 0.230472, 0.230472, 0.230472, 0.230472, 0.230472, 0.230472, 0.230472, 0.230472, 0.230472, 0.230472, 0.230472, 0.230472, 0.230472, 0.230472, 0.230472, 0.230472, 0.230472, 0.230472, 0.230472, 0.230472, 0.230472, 0.230472, 0.230472, 0.230472, 0.230472, 0.230472, 0.230472, 0.230472, 0.230472, 0.230472, 0.230472, 0.230472, 0.230472, 0.230472, 0.230472, 0.230472, 0.230472, 0.230472, 0.230472, 0.230472, 0.230472, 0.230472, 0.230472, 0.230472, 0.230472, 0.230472, 0.230472, 0.230472, 0.230472, 0.230472, 0.230472, 0.230472, 0.230472, 0.230472, 0.230472, 0.230472, 0.230472, 0.230472, 0.230472, 0.230472, 0.230472, 0.230472, 0.230472, 0.230472, 0.230472, 0.230472, 0.230472, 0.230472, 0.230472, 0.230472, 0.230472, 0.230472, 0.230472, 0.230472, 0.230472, 0.230472]
Run 10
BPO Best Score: 2.161667e-01
BPO Best Pos: [1.000000, 0.000006, -0.002755, 0.000000, 0.000014, 0.000004, 1.000050, 1.000000, 1.000000, 0.000000, -0.000026, 0.000000, 0.000000, -0.000006, 0.000002, -0.000000, 0.999997, 1.000000, 1.000000, 0.000000, 1.000170, 1.000000, -0.000001, 1.000016, 0.000000, -0.000000, 0.000001, 1.000000, 1.000000, -0.315123, 0.999974, 1.000029, 1.000000, 1.000006, 0.000017, 1.000000, 0.987177, 0.000000, 0.999862, 0.000003, 1.000000, 0.999250, 1.000000, 1.000000, -0.000000, 1.000000, 0.000000, 1.000000, 1.000000, -0.000001, 1.000000, -0.000010, 0.000000, 0.976669, 0.000000, 0.999612, 0.000000, -0.000040, -0.000000, -0.000276, -0.000257, 0.000001, -0.000000, 1.000000, -0.000001, -0.000190, 0.999999, 1.000000, 0.999946, 1.000014, 1.000000, -0.000203, -0.000000, 1.000000, 1.000000, 0.999978, 0.000000, 1.000000, 0.000000, -0.000005, 0.000000, 0.000000, -0.000000, 0.000000, 0.000000, 1.000000, 1.000000, 0.000000, 1.000000, 1.000000]
Curve: [0.222028, 0.222028, 0.222028, 0.222028, 0.222028, 0.222028, 0.222028, 0.222028, 0.222028, 0.222028, 0.222028, 0.222028, 0.222028, 0.222028, 0.222028, 0.222028, 0.222028, 0.222028, 0.222028, 0.222028, 0.222028, 0.222028, 0.222028, 0.222028, 0.222028, 0.222028, 0.222028, 0.222028, 0.222028, 0.222028, 0.222028, 0.222028, 0.222028, 0.222028, 0.222028, 0.222028, 0.222028, 0.222028, 0.222028, 0.222028, 0.222028, 0.222028, 0.222028, 0.222028, 0.222028, 0.222028, 0.222028, 0.222028, 0.222028, 0.222028, 0.222028, 0.222028, 0.222028, 0.222028, 0.222028, 0.222028, 0.222028, 0.222028, 0.222028, 0.222028, 0.222028, 0.222028, 0.222028, 0.222028, 0.222028, 0.222028, 0.222028, 0.222028, 0.222028, 0.222028, 0.222028, 0.222028, 0.222028, 0.222028, 0.222028, 0.222028, 0.222028, 0.222028, 0.222028, 0.222028, 0.222028, 0.222028, 0.222028, 0.221778, 0.221778, 0.221778, 0.221778, 0.221778, 0.216167, 0.216167, 0.216167, 0.216167, 0.216167, 0.216167, 0.216167, 0.216167, 0.216167, 0.216167, 0.216167, 0.216167]
HLBPO Best Score: 2.172778e-01
HLBPO Best Pos: [0.000000, 0.523527, 1.000000, 0.466184, 1.785380, -0.335195, 0.000000, 0.000000, 1.000000, 1.000000, 0.388098, -0.550455, 0.000000, -0.002058, 1.917447, 1.000000, 0.000000, 1.094070, 1.068903, 0.000000, -0.167485, 1.000000, 0.000000, 0.000000, 1.000000, 1.000000, -1.759393, 1.000000, 1.000000, 1.000000, 0.000000, 1.333084, 0.000000, 1.203280, 0.948298, 0.634909, -0.860816, 1.806434, 0.000000, 1.000000, -0.187089, 0.514121, 0.000000, -0.253281, 0.521670, 1.000000, 0.000000, 0.000000, 0.000000, 1.000000, 0.000000, 1.000000, 0.708306, 1.000000, 1.000000, 0.000000, 1.000000, 1.000000, 2.477658, 0.982750, 1.400812, 1.000000, 1.020580, 0.000000, 0.000000, 1.000000, 1.000000, 0.898739, -1.311706, 0.177733, 0.712541, 1.566026, 1.000000, 0.000000, 1.000000, 0.000000, 0.000000, 1.000000, 0.139567, 0.000000, 0.012791, 0.000000, 1.306162, 0.000000, 0.000000, 0.161555, 1.460655, 1.631969, 1.000000, -0.797944]
Curve: [0.217278, 0.217278, 0.217278, 0.217278, 0.217278, 0.217278, 0.217278, 0.217278, 0.217278, 0.217278, 0.217278, 0.217278, 0.217278, 0.217278, 0.217278, 0.217278, 0.217278, 0.217278, 0.217278, 0.217278, 0.217278, 0.217278, 0.217278, 0.217278, 0.217278, 0.217278, 0.217278, 0.217278, 0.217278, 0.217278, 0.217278, 0.217278, 0.217278, 0.217278, 0.217278, 0.217278, 0.217278, 0.217278, 0.217278, 0.217278, 0.217278, 0.217278, 0.217278, 0.217278, 0.217278, 0.217278, 0.217278, 0.217278, 0.217278, 0.217278, 0.217278, 0.217278, 0.217278, 0.217278, 0.217278, 0.217278, 0.217278, 0.217278, 0.217278, 0.217278, 0.217278, 0.217278, 0.217278, 0.217278, 0.217278, 0.217278, 0.217278, 0.217278, 0.217278, 0.217278, 0.217278, 0.217278, 0.217278, 0.217278, 0.217278, 0.217278, 0.217278, 0.217278, 0.217278, 0.217278, 0.217278, 0.217278, 0.217278, 0.217278, 0.217278, 0.217278, 0.217278, 0.217278, 0.217278, 0.217278, 0.217278, 0.217278, 0.217278, 0.217278, 0.217278, 0.217278, 0.217278, 0.217278, 0.217278, 0.217278]
