Curve: [0.206823, 0.202812, 0.187268, 0.187268, 0.187268, 0.187268, 0.187268, 0.187268, 0.187268, 0.187268, 0.187268, 0.176582, 0.176582, 0.176582, 0.176582, 0.176582, 0.171551, 0.171551, 0.171551, 0.171551, 0.171551, 0.171551, 0.171551, 0.171551, 0.171551, 0.171551, 0.171551, 0.171551, 0.171551, 0.171551, 0.171551, 0.171551, 0.171551, 0.171551, 0.171551, 0.171551, 0.171551, 0.171551, 0.171551, 0.171551, 0.171551, 0.171551, 0.171551, 0.171551, 0.171551, 0.171551, 0.171551, 0.171551, 0.171551, 0.171551, 0.171551, 0.171551, 0.171551, 0.171269, 0.156148, 0.156148, 0.156148, 0.156148, 0.156148, 0.156148, 0.156148, 0.156148, 0.156148, 0.156148, 0.156148, 0.156148, 0.156148, 0.156148, 0.156148, 0.156148, 0.156148, 0.156148, 0.156148, 0.156148, 0.156148, 0.156148, 0.155834, 0.155834, 0.155380, 0.155380, 0.155380, 0.155380, 0.155380, 0.155380, 0.155380, 0.155380, 0.155380, 0.155380, 0.155380, 0.155380, 0.155380, 0.147765, 0.147451, 0.147451, 0.147451, 0.147451, 0.147451, 0.147451, 0.147451, 0.147451]
Run 1
BPO Best Score: 1.901981e-01
BPO Best Pos: [0.000000, 0.000000, 0.000000, 1.000000, 0.000000, 0.000000, 0.000000, 1.000000, 1.000000, 1.000000, 1.000000, 0.000000, 0.000000, 1.000000, 1.000000, 1.000000, 1.000000, 0.000000, 1.000000, 1.000000, 0.000000, 1.000000]
Curve: [0.190198, 0.190198, 0.190198, 0.190198, 0.190198, 0.190198, 0.190198, 0.190198, 0.190198, 0.190198, 0.190198, 0.190198, 0.190198, 0.190198, 0.190198, 0.190198, 0.190198, 0.190198, 0.190198, 0.190198, 0.190198, 0.190198, 0.190198, 0.190198, 0.190198, 0.190198, 0.190198, 0.190198, 0.190198, 0.190198, 0.190198, 0.190198, 0.190198, 0.190198, 0.190198, 0.190198, 0.190198, 0.190198, 0.190198, 0.190198, 0.190198, 0.190198, 0.190198, 0.190198, 0.190198, 0.190198, 0.190198, 0.190198, 0.190198, 0.190198, 0.190198, 0.190198, 0.190198, 0.190198, 0.190198, 0.190198, 0.190198, 0.190198, 0.190198, 0.190198, 0.190198, 0.190198, 0.190198, 0.190198, 0.190198, 0.190198, 0.190198, 0.190198, 0.190198, 0.190198, 0.190198, 0.190198, 0.190198, 0.190198, 0.190198, 0.190198, 0.190198, 0.190198, 0.190198, 0.190198, 0.190198, 0.190198, 0.190198, 0.190198, 0.190198, 0.190198, 0.190198, 0.190198, 0.190198, 0.190198, 0.190198, 0.190198, 0.190198, 0.190198, 0.190198, 0.190198, 0.190198, 0.190198, 0.190198, 0.190198]
HLBPO Best Score: 1.868135e-01
HLBPO Best Pos: [1.000000, 0.000000, 0.000000, 1.000000, 0.000000, 0.000000, 1.000000, 0.000000, 1.000000, 1.000000, 0.000000, 1.000000, 1.000000, 1.000000, 0.000000, 0.000000, 1.000000, 0.000000, 0.000000, 1.000000, 1.000000, 1.000000]
Curve: [0.186814, 0.186814, 0.186814, 0.186814, 0.186814, 0.186814, 0.186814, 0.186814, 0.186814, 0.186814, 0.186814, 0.186814, 0.186814, 0.186814, 0.186814, 0.186814, 0.186814, 0.186814, 0.186814, 0.186814, 0.186814, 0.186814, 0.186814, 0.186814, 0.186814, 0.186814, 0.186814, 0.186814, 0.186814, 0.186814, 0.186814, 0.186814, 0.186814, 0.186814, 0.186814, 0.186814, 0.186814, 0.186814, 0.186814, 0.186814, 0.186814, 0.186814, 0.186814, 0.186814, 0.186814, 0.186814, 0.186814, 0.186814, 0.186814, 0.186814, 0.186814, 0.186814, 0.186814, 0.186814, 0.186814, 0.186814, 0.186814, 0.186814, 0.186814, 0.186814, 0.186814, 0.186814, 0.186814, 0.186814, 0.186814, 0.186814, 0.186814, 0.186814, 0.186814, 0.186814, 0.186814, 0.186814, 0.186814, 0.186814, 0.186814, 0.186814, 0.186814, 0.186814, 0.186814, 0.186814, 0.186814, 0.186814, 0.186814, 0.186814, 0.186814, 0.186814, 0.186814, 0.186814, 0.186814, 0.186814, 0.186814, 0.186814, 0.186814, 0.186814, 0.186814, 0.186814, 0.186814, 0.186814, 0.186814, 0.186814]
Run 2
BPO Best Score: 1.936923e-01
BPO Best Pos: [0.000000, 0.000000, 0.000000, 1.000000, 0.000000, 1.000000, 1.000000, 1.000000, 1.000000, 0.000000, 1.000000, 0.000000, 1.000000, 1.000000, 1.000000, 0.000000, 0.000000, 0.000000, 1.000000, 1.000000, 0.000000, 0.000000]
Curve: [0.193692, 0.193692, 0.193692, 0.193692, 0.193692, 0.193692, 0.193692, 0.193692, 0.193692, 0.193692, 0.193692, 0.193692, 0.193692, 0.193692, 0.193692, 0.193692, 0.193692, 0.193692, 0.193692, 0.193692, 0.193692, 0.193692, 0.193692, 0.193692, 0.193692, 0.193692, 0.193692, 0.193692, 0.193692, 0.193692, 0.193692, 0.193692, 0.193692, 0.193692, 0.193692, 0.193692, 0.193692, 0.193692, 0.193692, 0.193692, 0.193692, 0.193692, 0.193692, 0.193692, 0.193692, 0.193692, 0.193692, 0.193692, 0.193692, 0.193692, 0.193692, 0.193692, 0.193692, 0.193692, 0.193692, 0.193692, 0.193692, 0.193692, 0.193692, 0.193692, 0.193692, 0.193692, 0.193692, 0.193692, 0.193692, 0.193692, 0.193692, 0.193692, 0.193692, 0.193692, 0.193692, 0.193692, 0.193692, 0.193692, 0.193692, 0.193692, 0.193692, 0.193692, 0.193692, 0.193692, 0.193692, 0.193692, 0.193692, 0.193692, 0.193692, 0.193692, 0.193692, 0.193692, 0.193692, 0.193692, 0.193692, 0.193692, 0.193692, 0.193692, 0.193692, 0.193692, 0.193692, 0.193692, 0.193692, 0.193692]
HLBPO Best Score: 1.877226e-01
HLBPO Best Pos: [1.000000, 1.000000, 1.000000, 0.000000, 1.000000, 1.000000, 1.000000, 0.000000, 1.000000, 1.000000, 1.000000, 0.000000, 1.000000, 0.000000, 0.000000, 0.000000, 1.000000, 0.000000, 1.000000, 1.000000, 0.000000, 1.000000]
Curve: [0.187723, 0.187723, 0.187723, 0.187723, 0.187723, 0.187723, 0.187723, 0.187723, 0.187723, 0.187723, 0.187723, 0.187723, 0.187723, 0.187723, 0.187723, 0.187723, 0.187723, 0.187723, 0.187723, 0.187723, 0.187723, 0.187723, 0.187723, 0.187723, 0.187723, 0.187723, 0.187723, 0.187723, 0.187723, 0.187723, 0.187723, 0.187723, 0.187723, 0.187723, 0.187723, 0.187723, 0.187723, 0.187723, 0.187723, 0.187723, 0.187723, 0.187723, 0.187723, 0.187723, 0.187723, 0.187723, 0.187723, 0.187723, 0.187723, 0.187723, 0.187723, 0.187723, 0.187723, 0.187723, 0.187723, 0.187723, 0.187723, 0.187723, 0.187723, 0.187723, 0.187723, 0.187723, 0.187723, 0.187723, 0.187723, 0.187723, 0.187723, 0.187723, 0.187723, 0.187723, 0.187723, 0.187723, 0.187723, 0.187723, 0.187723, 0.187723, 0.187723, 0.187723, 0.187723, 0.187723, 0.187723, 0.187723, 0.187723, 0.187723, 0.187723, 0.187723, 0.187723, 0.187723, 0.187723, 0.187723, 0.187723, 0.187723, 0.187723, 0.187723, 0.187723, 0.187723, 0.187723, 0.187723, 0.187723, 0.187723]
Run 3
BPO Best Score: 1.623998e-01
BPO Best Pos: [0.000000, 1.946355, -0.101507, 0.852214, 0.359942, 1.815960, 1.000000, 0.000000, 1.000000, 1.000000, -0.000000, -1.090546, 1.000000, 2.109695, 1.000000, -0.000000, 0.468060, 0.196247, 1.000000, 1.000000, 0.286320, 1.000000]
Curve: [0.173995, 0.173995, 0.173995, 0.173995, 0.173995, 0.173995, 0.173995, 0.173995, 0.173995, 0.173995, 0.173995, 0.173995, 0.173995, 0.173995, 0.173995, 0.173995, 0.173995, 0.173995, 0.173995, 0.173995, 0.173995, 0.173995, 0.173995, 0.173995, 0.173995, 0.173995, 0.173995, 0.173995, 0.173995, 0.173995, 0.173995, 0.173995, 0.173995, 0.173995, 0.173995, 0.173995, 0.173995, 0.173995, 0.173995, 0.173995, 0.173995, 0.173995, 0.173995, 0.173995, 0.173995, 0.173995, 0.173995, 0.173995, 0.173995, 0.173995, 0.173995, 0.173995, 0.173995, 0.173995, 0.173995, 0.173995, 0.173995, 0.173995, 0.173995, 0.173995, 0.173995, 0.173995, 0.173995, 0.173995, 0.173995, 0.173995, 0.173995, 0.173995, 0.173995, 0.173995, 0.173995, 0.173995, 0.173995, 0.173995, 0.173995, 0.173995, 0.173995, 0.173995, 0.173995, 0.173995, 0.173995, 0.173995, 0.162400, 0.162400, 0.162400, 0.162400, 0.162400, 0.162400, 0.162400, 0.162400, 0.162400, 0.162400, 0.162400, 0.162400, 0.162400, 0.162400, 0.162400, 0.162400, 0.162400, 0.162400]
HLBPO Best Score: 1.766119e-01
HLBPO Best Pos: [0.000000, 1.701434, 0.523691, 0.000000, 0.000000, 1.073658, 0.000000, 1.126765, 0.410819, 1.000000, 1.000000, 1.000000, 1.000000, 0.000000, 0.580579, 0.475754, 0.881191, 0.000000, 0.000000, 1.000000, 0.000000, 1.000000]
Curve: [0.176612, 0.176612, 0.176612, 0.176612, 0.176612, 0.176612, 0.176612, 0.176612, 0.176612, 0.176612, 0.176612, 0.176612, 0.176612, 0.176612, 0.176612, 0.176612, 0.176612, 0.176612, 0.176612, 0.176612, 0.176612, 0.176612, 0.176612, 0.176612, 0.176612, 0.176612, 0.176612, 0.176612, 0.176612, 0.176612, 0.176612, 0.176612, 0.176612, 0.176612, 0.176612, 0.176612, 0.176612, 0.176612, 0.176612, 0.176612, 0.176612, 0.176612, 0.176612, 0.176612, 0.176612, 0.176612, 0.176612, 0.176612, 0.176612, 0.176612, 0.176612, 0.176612, 0.176612, 0.176612, 0.176612, 0.176612, 0.176612, 0.176612, 0.176612, 0.176612, 0.176612, 0.176612, 0.176612, 0.176612, 0.176612, 0.176612, 0.176612, 0.176612, 0.176612, 0.176612, 0.176612, 0.176612, 0.176612, 0.176612, 0.176612, 0.176612, 0.176612, 0.176612, 0.176612, 0.176612, 0.176612, 0.176612, 0.176612, 0.176612, 0.176612, 0.176612, 0.176612, 0.176612, 0.176612, 0.176612, 0.176612, 0.176612, 0.176612, 0.176612, 0.176612, 0.176612, 0.176612, 0.176612, 0.176612, 0.176612]
Run 4
BPO Best Score: 1.545023e-01
BPO Best Pos: [-0.306933, 0.000000, 0.000000, 1.000000, -1.021607, 2.473266, -0.243215, 1.000000, 1.995811, 1.000000, 2.158821, 0.000000, 0.000000, 0.000000, -0.274816, 1.000000, 0.182650, 1.259603, 1.000000, 1.000000, 0.400760, 1.000000]
Curve: [0.154502, 0.154502, 0.154502, 0.154502, 0.154502, 0.154502, 0.154502, 0.154502, 0.154502, 0.154502, 0.154502, 0.154502, 0.154502, 0.154502, 0.154502, 0.154502, 0.154502, 0.154502, 0.154502, 0.154502, 0.154502, 0.154502, 0.154502, 0.154502, 0.154502, 0.154502, 0.154502, 0.154502, 0.154502, 0.154502, 0.154502, 0.154502, 0.154502, 0.154502, 0.154502, 0.154502, 0.154502, 0.154502, 0.154502, 0.154502, 0.154502, 0.154502, 0.154502, 0.154502, 0.154502, 0.154502, 0.154502, 0.154502, 0.154502, 0.154502, 0.154502, 0.154502, 0.154502, 0.154502, 0.154502, 0.154502, 0.154502, 0.154502, 0.154502, 0.154502, 0.154502, 0.154502, 0.154502, 0.154502, 0.154502, 0.154502, 0.154502, 0.154502, 0.154502, 0.154502, 0.154502, 0.154502, 0.154502, 0.154502, 0.154502, 0.154502, 0.154502, 0.154502, 0.154502, 0.154502, 0.154502, 0.154502, 0.154502, 0.154502, 0.154502, 0.154502, 0.154502, 0.154502, 0.154502, 0.154502, 0.154502, 0.154502, 0.154502, 0.154502, 0.154502, 0.154502, 0.154502, 0.154502, 0.154502, 0.154502]
HLBPO Best Score: 1.932692e-01
HLBPO Best Pos: [1.000000, 0.000000, 0.000000, 1.000000, 0.000000, 0.000000, 1.000000, 0.000000, 0.000000, 0.000000, 0.000000, 0.000000, 1.000000, 1.000000, 0.000000, 1.000000, 1.000000, 1.000000, 0.000000, 1.000000, 1.000000, 1.000000]
Curve: [0.193269, 0.193269, 0.193269, 0.193269, 0.193269, 0.193269, 0.193269, 0.193269, 0.193269, 0.193269, 0.193269, 0.193269, 0.193269, 0.193269, 0.193269, 0.193269, 0.193269, 0.193269, 0.193269, 0.193269, 0.193269, 0.193269, 0.193269, 0.193269, 0.193269, 0.193269, 0.193269, 0.193269, 0.193269, 0.193269, 0.193269, 0.193269, 0.193269, 0.193269, 0.193269, 0.193269, 0.193269, 0.193269, 0.193269, 0.193269, 0.193269, 0.193269, 0.193269, 0.193269, 0.193269, 0.193269, 0.193269, 0.193269, 0.193269, 0.193269, 0.193269, 0.193269, 0.193269, 0.193269, 0.193269, 0.193269, 0.193269, 0.193269, 0.193269, 0.193269, 0.193269, 0.193269, 0.193269, 0.193269, 0.193269, 0.193269, 0.193269, 0.193269, 0.193269, 0.193269, 0.193269, 0.193269, 0.193269, 0.193269, 0.193269, 0.193269, 0.193269, 0.193269, 0.193269, 0.193269, 0.193269, 0.193269, 0.193269, 0.193269, 0.193269, 0.193269, 0.193269, 0.193269, 0.193269, 0.193269, 0.193269, 0.193269, 0.193269, 0.193269, 0.193269, 0.193269, 0.193269, 0.193269, 0.193269, 0.193269]
Run 5
BPO Best Score: 1.669755e-01
BPO Best Pos: [1.000000, 0.247193, -1.465359, -0.743558, 1.000000, 0.000000, 1.000000, 0.000000, 1.234613, 1.000000, 1.000000, 1.679369, 1.000000, 1.611966, 1.248687, 0.000000, 1.000000, 0.000000, 1.711305, 1.000000, 1.000000, 1.000000]
Curve: [0.190198, 0.190198, 0.170956, 0.170956, 0.170956, 0.170956, 0.170956, 0.170956, 0.170956, 0.170956, 0.170956, 0.170956, 0.170956, 0.170956, 0.170956, 0.170956, 0.170956, 0.170956, 0.170956, 0.170956, 0.170956, 0.170956, 0.170956, 0.170956, 0.170956, 0.170956, 0.170956, 0.170956, 0.170956, 0.170956, 0.170956, 0.170956, 0.170956, 0.170956, 0.170956, 0.170956, 0.170956, 0.170956, 0.170956, 0.170956, 0.170956, 0.170956, 0.170956, 0.170956, 0.170956, 0.170956, 0.170956, 0.170956, 0.170956, 0.170956, 0.170956, 0.170956, 0.170956, 0.170956, 0.170956, 0.170956, 0.170956, 0.170956, 0.170956, 0.170956, 0.170956, 0.170956, 0.170956, 0.170956, 0.170956, 0.170956, 0.170956, 0.170956, 0.170956, 0.170956, 0.170956, 0.170956, 0.170956, 0.170956, 0.170956, 0.170956, 0.170956, 0.170956, 0.170956, 0.170956, 0.170956, 0.170956, 0.170956, 0.170956, 0.170956, 0.166976, 0.166976, 0.166976, 0.166976, 0.166976, 0.166976, 0.166976, 0.166976, 0.166976, 0.166976, 0.166976, 0.166976, 0.166976, 0.166976, 0.166976]
HLBPO Best Score: 1.891166e-01
HLBPO Best Pos: [0.000000, 0.000000, 0.000000, 1.000000, 0.000000, 0.000000, 1.000000, 1.000000, 0.000000, 0.000000, 0.000000, 0.000000, 1.000000, 0.000000, 0.000000, 0.000000, 1.000000, 1.000000, 1.000000, 1.000000, 0.000000, 1.000000]
Curve: [0.189117, 0.189117, 0.189117, 0.189117, 0.189117, 0.189117, 0.189117, 0.189117, 0.189117, 0.189117, 0.189117, 0.189117, 0.189117, 0.189117, 0.189117, 0.189117, 0.189117, 0.189117, 0.189117, 0.189117, 0.189117, 0.189117, 0.189117, 0.189117, 0.189117, 0.189117, 0.189117, 0.189117, 0.189117, 0.189117, 0.189117, 0.189117, 0.189117, 0.189117, 0.189117, 0.189117, 0.189117, 0.189117, 0.189117, 0.189117, 0.189117, 0.189117, 0.189117, 0.189117, 0.189117, 0.189117, 0.189117, 0.189117, 0.189117, 0.189117, 0.189117, 0.189117, 0.189117, 0.189117, 0.189117, 0.189117, 0.189117, 0.189117, 0.189117, 0.189117, 0.189117, 0.189117, 0.189117, 0.189117, 0.189117, 0.189117, 0.189117, 0.189117, 0.189117, 0.189117, 0.189117, 0.189117, 0.189117, 0.189117, 0.189117, 0.189117, 0.189117, 0.189117, 0.189117, 0.189117, 0.189117, 0.189117, 0.189117, 0.189117, 0.189117, 0.189117, 0.189117, 0.189117, 0.189117, 0.189117, 0.189117, 0.189117, 0.189117, 0.189117, 0.189117, 0.189117, 0.189117, 0.189117, 0.189117, 0.189117]
Run 6
BPO Best Score: 1.665210e-01
BPO Best Pos: [-0.001280, 1.109983, -0.674081, 1.628809, 1.436107, -0.474211, 1.000000, 1.000000, 0.000000, 1.000000, 0.000000, 1.427766, 1.000000, -0.870624, 1.927552, 1.747252, 1.000000, 0.000000, 1.000000, 1.000000, 1.865968, 1.000000]
Curve: [0.166521, 0.166521, 0.166521, 0.166521, 0.166521, 0.166521, 0.166521, 0.166521, 0.166521, 0.166521, 0.166521, 0.166521, 0.166521, 0.166521, 0.166521, 0.166521, 0.166521, 0.166521, 0.166521, 0.166521, 0.166521, 0.166521, 0.166521, 0.166521, 0.166521, 0.166521, 0.166521, 0.166521, 0.166521, 0.166521, 0.166521, 0.166521, 0.166521, 0.166521, 0.166521, 0.166521, 0.166521, 0.166521, 0.166521, 0.166521, 0.166521, 0.166521, 0.166521, 0.166521, 0.166521, 0.166521, 0.166521, 0.166521, 0.166521, 0.166521, 0.166521, 0.166521, 0.166521, 0.166521, 0.166521, 0.166521, 0.166521, 0.166521, 0.166521, 0.166521, 0.166521, 0.166521, 0.166521, 0.166521, 0.166521, 0.166521, 0.166521, 0.166521, 0.166521, 0.166521, 0.166521, 0.166521, 0.166521, 0.166521, 0.166521, 0.166521, 0.166521, 0.166521, 0.166521, 0.166521, 0.166521, 0.166521, 0.166521, 0.166521, 0.166521, 0.166521, 0.166521, 0.166521, 0.166521, 0.166521, 0.166521, 0.166521, 0.166521, 0.166521, 0.166521, 0.166521, 0.166521, 0.166521, 0.166521, 0.166521]
HLBPO Best Score: 1.910758e-01
HLBPO Best Pos: [0.000000, 0.000000, 1.000000, 1.000000, 0.000000, 1.000000, 1.000000, 1.000000, 0.000000, 1.000000, 0.000000, 1.000000, 0.000000, 0.000000, 1.000000, 0.000000, 1.000000, 1.000000, 1.000000, 1.000000, 0.000000, 1.000000]
Curve: [0.191076, 0.191076, 0.191076, 0.191076, 0.191076, 0.191076, 0.191076, 0.191076, 0.191076, 0.191076, 0.191076, 0.191076, 0.191076, 0.191076, 0.191076, 0.191076, 0.191076, 0.191076, 0.191076, 0.191076, 0.191076, 0.191076, 0.191076, 0.191076, 0.191076, 0.191076, 0.191076, 0.191076, 0.191076, 0.191076, 0.191076, 0.191076, 0.191076, 0.191076, 0.191076, 0.191076, 0.191076, 0.191076, 0.191076, 0.191076, 0.191076, 0.191076, 0.191076, 0.191076, 0.191076, 0.191076, 0.191076, 0.191076, 0.191076, 0.191076, 0.191076, 0.191076, 0.191076, 0.191076, 0.191076, 0.191076, 0.191076, 0.191076, 0.191076, 0.191076, 0.191076, 0.191076, 0.191076, 0.191076, 0.191076, 0.191076, 0.191076, 0.191076, 0.191076, 0.191076, 0.191076, 0.191076, 0.191076, 0.191076, 0.191076, 0.191076, 0.191076, 0.191076, 0.191076, 0.191076, 0.191076, 0.191076, 0.191076, 0.191076, 0.191076, 0.191076, 0.191076, 0.191076, 0.191076, 0.191076, 0.191076, 0.191076, 0.191076, 0.191076, 0.191076, 0.191076, 0.191076, 0.191076, 0.191076, 0.191076]
Run 7
BPO Best Score: 1.733998e-01
BPO Best Pos: [-0.000000, 0.000000, 1.000000, 0.000000, 0.000000, -0.000000, 1.000000, 1.000000, -0.000000, 1.000000, -0.000000, -0.000000, 0.000000, 1.000000, 0.000000, 0.000000, -0.000000, 0.000000, 1.000000, 1.000000, -0.000000, 1.000000]
Curve: [0.188803, 0.188803, 0.188803, 0.188803, 0.188803, 0.188803, 0.188803, 0.188803, 0.188803, 0.188803, 0.188803, 0.188803, 0.188803, 0.188803, 0.188803, 0.188803, 0.188803, 0.188803, 0.188803, 0.188803, 0.188803, 0.188803, 0.188803, 0.188803, 0.188803, 0.188803, 0.188803, 0.188803, 0.188803, 0.188803, 0.188803, 0.188803, 0.188803, 0.188803, 0.188803, 0.188803, 0.188803, 0.188803, 0.188803, 0.188803, 0.188803, 0.188803, 0.188803, 0.188803, 0.188803, 0.188803, 0.188803, 0.188803, 0.188803, 0.188803, 0.188803, 0.188803, 0.188803, 0.188803, 0.188803, 0.188803, 0.188803, 0.188803, 0.188803, 0.188803, 0.188803, 0.188803, 0.188803, 0.188803, 0.188803, 0.188803, 0.188803, 0.188803, 0.188803, 0.188803, 0.188803, 0.188803, 0.188803, 0.188803, 0.188803, 0.188803, 0.188803, 0.188803, 0.188803, 0.188803, 0.188803, 0.188803, 0.188803, 0.188803, 0.188803, 0.188803, 0.188803, 0.188803, 0.188803, 0.188803, 0.188803, 0.188803, 0.173400, 0.173400, 0.173400, 0.173400, 0.173400, 0.173400, 0.173400, 0.173400]
HLBPO Best Score: 1.637634e-01
HLBPO Best Pos: [0.000000, 0.000000, 0.000000, 1.000000, 0.000000, 0.000000, 1.000000, 1.000000, 0.000000, 1.000000, 0.000000, 1.000000, 0.000000, 0.000000, 0.000000, 0.000000, 1.000000, 0.000000, 1.000000, 1.000000, 1.000000, 1.000000]
Curve: [0.163763, 0.163763, 0.163763, 0.163763, 0.163763, 0.163763, 0.163763, 0.163763, 0.163763, 0.163763, 0.163763, 0.163763, 0.163763, 0.163763, 0.163763, 0.163763, 0.163763, 0.163763, 0.163763, 0.163763, 0.163763, 0.163763, 0.163763, 0.163763, 0.163763, 0.163763, 0.163763, 0.163763, 0.163763, 0.163763, 0.163763, 0.163763, 0.163763, 0.163763, 0.163763, 0.163763, 0.163763, 0.163763, 0.163763, 0.163763, 0.163763, 0.163763, 0.163763, 0.163763, 0.163763, 0.163763, 0.163763, 0.163763, 0.163763, 0.163763, 0.163763, 0.163763, 0.163763, 0.163763, 0.163763, 0.163763, 0.163763, 0.163763, 0.163763, 0.163763, 0.163763, 0.163763, 0.163763, 0.163763, 0.163763, 0.163763, 0.163763, 0.163763, 0.163763, 0.163763, 0.163763, 0.163763, 0.163763, 0.163763, 0.163763, 0.163763, 0.163763, 0.163763, 0.163763, 0.163763, 0.163763, 0.163763, 0.163763, 0.163763, 0.163763, 0.163763, 0.163763, 0.163763, 0.163763, 0.163763, 0.163763, 0.163763, 0.163763, 0.163763, 0.163763, 0.163763, 0.163763, 0.163763, 0.163763, 0.163763]
Run 8
BPO Best Score: 1.787436e-01
BPO Best Pos: [0.000000, 1.000000, 0.000000, -0.000000, 1.000000, 1.000000, 1.000000, 0.000000, -0.000000, 1.000000, 1.000000, 1.000000, 1.000000, 0.000000, 1.000000, 1.000000, 1.000000, 0.000000, 1.000000, 1.000000, 1.000000, 1.000000]
Curve: [0.195369, 0.195369, 0.195369, 0.195369, 0.195369, 0.195369, 0.195369, 0.195369, 0.195369, 0.195369, 0.195369, 0.195369, 0.195369, 0.195369, 0.195369, 0.195369, 0.195369, 0.195369, 0.195369, 0.195369, 0.195369, 0.195369, 0.195369, 0.195369, 0.195369, 0.195369, 0.195369, 0.195369, 0.195369, 0.195369, 0.195369, 0.195369, 0.195369, 0.195369, 0.195369, 0.195369, 0.195369, 0.195369, 0.195369, 0.195369, 0.195369, 0.195369, 0.195369, 0.195369, 0.195369, 0.195369, 0.195369, 0.195369, 0.195369, 0.195369, 0.195369, 0.195369, 0.195369, 0.195369, 0.195369, 0.195369, 0.195369, 0.195369, 0.195369, 0.195369, 0.195369, 0.195369, 0.195369, 0.195369, 0.195369, 0.195369, 0.195369, 0.195369, 0.195369, 0.195369, 0.195369, 0.195369, 0.195369, 0.195369, 0.195369, 0.195369, 0.195369, 0.195369, 0.195369, 0.195369, 0.195369, 0.195369, 0.195369, 0.195369, 0.195369, 0.195369, 0.195369, 0.195369, 0.195369, 0.195369, 0.195369, 0.195369, 0.195369, 0.178744, 0.178744, 0.178744, 0.178744, 0.178744, 0.178744, 0.178744]
HLBPO Best Score: 1.799662e-01
HLBPO Best Pos: [0.000000, 1.000000, 1.000000, 0.000000, 0.000000, 0.000000, 0.000000, 1.000000, 0.000000, 1.000000, 1.000000, 1.000000, 0.000000, 0.000000, 1.000000, 1.000000, 1.000000, 1.000000, 1.000000, 1.000000, 1.000000, 1.000000]
Curve: [0.179966, 0.179966, 0.179966, 0.179966, 0.179966, 0.179966, 0.179966, 0.179966, 0.179966, 0.179966, 0.179966, 0.179966, 0.179966, 0.179966, 0.179966, 0.179966, 0.179966, 0.179966, 0.179966, 0.179966, 0.179966, 0.179966, 0.179966, 0.179966, 0.179966, 0.179966, 0.179966, 0.179966, 0.179966, 0.179966, 0.179966, 0.179966, 0.179966, 0.179966, 0.179966, 0.179966, 0.179966, 0.179966, 0.179966, 0.179966, 0.179966, 0.179966, 0.179966, 0.179966, 0.179966, 0.179966, 0.179966, 0.179966, 0.179966, 0.179966, 0.179966, 0.179966, 0.179966, 0.179966, 0.179966, 0.179966, 0.179966, 0.179966, 0.179966, 0.179966, 0.179966, 0.179966, 0.179966, 0.179966, 0.179966, 0.179966, 0.179966, 0.179966, 0.179966, 0.179966, 0.179966, 0.179966, 0.179966, 0.179966, 0.179966, 0.179966, 0.179966, 0.179966, 0.179966, 0.179966, 0.179966, 0.179966, 0.179966, 0.179966, 0.179966, 0.179966, 0.179966, 0.179966, 0.179966, 0.179966, 0.179966, 0.179966, 0.179966, 0.179966, 0.179966, 0.179966, 0.179966, 0.179966, 0.179966, 0.179966]
Run 9
BPO Best Score: 1.855909e-01
BPO Best Pos: [0.000000, 0.000000, 1.000000, 1.000000, 0.000000, 0.000000, 1.000000, 1.000000, 0.000000, 0.000000, 0.000000, 1.000000, 0.000000, 0.000000, 0.000000, 1.000000, 0.000000, 0.000000, 1.000000, 1.000000, 1.000000, 0.000000]
Curve: [0.185591, 0.185591, 0.185591, 0.185591, 0.185591, 0.185591, 0.185591, 0.185591, 0.185591, 0.185591, 0.185591, 0.185591, 0.185591, 0.185591, 0.185591, 0.185591, 0.185591, 0.185591, 0.185591, 0.185591, 0.185591, 0.185591, 0.185591, 0.185591, 0.185591, 0.185591, 0.185591, 0.185591, 0.185591, 0.185591, 0.185591, 0.185591, 0.185591, 0.185591, 0.185591, 0.185591, 0.185591, 0.185591, 0.185591, 0.185591, 0.185591, 0.185591, 0.185591, 0.185591, 0.185591, 0.185591, 0.185591, 0.185591, 0.185591, 0.185591, 0.185591, 0.185591, 0.185591, 0.185591, 0.185591, 0.185591, 0.185591, 0.185591, 0.185591, 0.185591, 0.185591, 0.185591, 0.185591, 0.185591, 0.185591, 0.185591, 0.185591, 0.185591, 0.185591, 0.185591, 0.185591, 0.185591, 0.185591, 0.185591, 0.185591, 0.185591, 0.185591, 0.185591, 0.185591, 0.185591, 0.185591, 0.185591, 0.185591, 0.185591, 0.185591, 0.185591, 0.185591, 0.185591, 0.185591, 0.185591, 0.185591, 0.185591, 0.185591, 0.185591, 0.185591, 0.185591, 0.185591, 0.185591, 0.185591, 0.185591]
HLBPO Best Score: 1.825513e-01
HLBPO Best Pos: [0.000000, 1.000000, 0.000000, 1.000000, 0.000000, 0.000000, 1.000000, 1.000000, 1.000000, 0.000000, 0.000000, 0.000000, 0.000000, 1.000000, 1.000000, 1.000000, 0.000000, 0.000000, 1.000000, 1.000000, 0.000000, 1.000000]
Curve: [0.182551, 0.182551, 0.182551, 0.182551, 0.182551, 0.182551, 0.182551, 0.182551, 0.182551, 0.182551, 0.182551, 0.182551, 0.182551, 0.182551, 0.182551, 0.182551, 0.182551, 0.182551, 0.182551, 0.182551, 0.182551, 0.182551, 0.182551, 0.182551, 0.182551, 0.182551, 0.182551, 0.182551, 0.182551, 0.182551, 0.182551, 0.182551, 0.182551, 0.182551, 0.182551, 0.182551, 0.182551, 0.182551, 0.182551, 0.182551, 0.182551, 0.182551, 0.182551, 0.182551, 0.182551, 0.182551, 0.182551, 0.182551, 0.182551, 0.182551, 0.182551, 0.182551, 0.182551, 0.182551, 0.182551, 0.182551, 0.182551, 0.182551, 0.182551, 0.182551, 0.182551, 0.182551, 0.182551, 0.182551, 0.182551, 0.182551, 0.182551, 0.182551, 0.182551, 0.182551, 0.182551, 0.182551, 0.182551, 0.182551, 0.182551, 0.182551, 0.182551, 0.182551, 0.182551, 0.182551, 0.182551, 0.182551, 0.182551, 0.182551, 0.182551, 0.182551, 0.182551, 0.182551, 0.182551, 0.182551, 0.182551, 0.182551, 0.182551, 0.182551, 0.182551, 0.182551, 0.182551, 0.182551, 0.182551, 0.182551]
Run 10
BPO Best Score: 1.773485e-01
BPO Best Pos: [0.000000, 1.000000, -0.000000, 0.000000, 0.000000, 1.000000, 0.000000, 1.000000, 0.000000, 1.000000, 0.000000, 1.000000, 0.000000, -0.000000, 0.000000, -0.000000, 0.000000, 0.000000, -0.000000, 1.000000, 1.000000, 1.000000]
Curve: [0.177803, 0.177803, 0.177803, 0.177803, 0.177803, 0.177803, 0.177803, 0.177803, 0.177803, 0.177803, 0.177803, 0.177803, 0.177803, 0.177803, 0.177803, 0.177803, 0.177803, 0.177803, 0.177803, 0.177803, 0.177803, 0.177803, 0.177803, 0.177803, 0.177803, 0.177803, 0.177803, 0.177803, 0.177803, 0.177803, 0.177803, 0.177803, 0.177803, 0.177803, 0.177803, 0.177803, 0.177803, 0.177803, 0.177803, 0.177803, 0.177803, 0.177803, 0.177803, 0.177803, 0.177803, 0.177803, 0.177803, 0.177803, 0.177803, 0.177803, 0.177803, 0.177803, 0.177803, 0.177803, 0.177803, 0.177803, 0.177803, 0.177803, 0.177803, 0.177803, 0.177803, 0.177803, 0.177803, 0.177803, 0.177803, 0.177803, 0.177803, 0.177803, 0.177803, 0.177803, 0.177803, 0.177803, 0.177803, 0.177803, 0.177803, 0.177803, 0.177803, 0.177803, 0.177803, 0.177803, 0.177803, 0.177803, 0.177803, 0.177803, 0.177803, 0.177803, 0.177803, 0.177803, 0.177803, 0.177803, 0.177803, 0.177803, 0.177348, 0.177348, 0.177348, 0.177348, 0.177348, 0.177348, 0.177348, 0.177348]
HLBPO Best Score: 1.944289e-01
HLBPO Best Pos: [0.000000, 1.000000, 1.000000, 0.000000, 1.000000, 1.000000, 1.000000, 0.000000, 1.000000, 0.000000, 1.000000, 0.000000, 1.000000, 0.000000, 0.000000, 1.000000, 0.000000, 0.000000, 0.000000, 1.000000, 1.000000, 1.000000]
Curve: [0.194429, 0.194429, 0.194429, 0.194429, 0.194429, 0.194429, 0.194429, 0.194429, 0.194429, 0.194429, 0.194429, 0.194429, 0.194429, 0.194429, 0.194429, 0.194429, 0.194429, 0.194429, 0.194429, 0.194429, 0.194429, 0.194429, 0.194429, 0.194429, 0.194429, 0.194429, 0.194429, 0.194429, 0.194429, 0.194429, 0.194429, 0.194429, 0.194429, 0.194429, 0.194429, 0.194429, 0.194429, 0.194429, 0.194429, 0.194429, 0.194429, 0.194429, 0.194429, 0.194429, 0.194429, 0.194429, 0.194429, 0.194429, 0.194429, 0.194429, 0.194429, 0.194429, 0.194429, 0.194429, 0.194429, 0.194429, 0.194429, 0.194429, 0.194429, 0.194429, 0.194429, 0.194429, 0.194429, 0.194429, 0.194429, 0.194429, 0.194429, 0.194429, 0.194429, 0.194429, 0.194429, 0.194429, 0.194429, 0.194429, 0.194429, 0.194429, 0.194429, 0.194429, 0.194429, 0.194429, 0.194429, 0.194429, 0.194429, 0.194429, 0.194429, 0.194429, 0.194429, 0.194429, 0.194429, 0.194429, 0.194429, 0.194429, 0.194429, 0.194429, 0.194429, 0.194429, 0.194429, 0.194429, 0.194429, 0.194429]
