Run 1: Accuracy: 1 %
Selected Features: [1 1;1 2;2 1;2 1;2 2;2 1;1 3;1 2;1 3;1 2;1 2;1 3;1 3;1 2;1 2;1 2;1 2;1 2;1 3;1 4;1 2;1 2;1 2;1 1;1 3;1 3;1 3;1 3;1 2;1 1;1 2;1 2;1 1;2 2;1 3;1 2;1 2;1 3;1 3;1 2;1 2;1 3;1 3;1 1;1 3;1 2;1 2;1 4;1 2;1 2;1 2;1 3;1 2;1 2;1 1;1 2;1 2;1 2;1 2;1 2;1 2;1 2;1 3;1 2;1 2;1 2;1 2;1 2;1 2;1 1;1 2;1 2;1 2;1 2;1 3;1 2;1 3;1 4;1 2;1 2;1 2;1 2;1 2;1 2;1 1;1 2;1 3;1 2;2 4;1 3;1 3;1 2;1 4;1 2;1 3;1 1;1 3;1 3;1 3;1 2;1 4;1 3;1 4;1 3;1 2;1 2;2 4;1 2;1 2;1 2;1 3;2 4;1 4;1 4;2 3;1 4;1 2;1 3;1 2;1 4;1 2;1 3;1 3;1 3;2 3;1 4;1 3;1 1;1 3;1 2;1 3;1 4;1 4;1 4;1 2;1 2;1 2;1 3;1 3;1 3;1 4;1 2;1 4;1 4;1 3;1 2;1 2;1 3]
Curve: [0.00388888888888889 0.00388888888888889 0.00388888888888889 0.00388888888888889 0.00166666666666667 0.00166666666666667 0.00166666666666667 0.00166666666666667 0.00166666666666667 0.00166666666666667 0.00166666666666667 0.00166666666666667 0.00166666666666667 0.00166666666666667 0.00166666666666667 0.00166666666666667 0.00166666666666667 0.00166666666666667 0.00166666666666667 0.00166666666666667 0.00166666666666667 0.00166666666666667 0.00166666666666667 0.00166666666666667 0.00166666666666667 0.00166666666666667 0.00166666666666667 0.00166666666666667 0.00166666666666667 0.00166666666666667 0.00166666666666667 0.00166666666666667 0.00166666666666667 0.00166666666666667 0.00166666666666667 0.00166666666666667 0.00166666666666667 0.00166666666666667 0.00166666666666667 0.00166666666666667 0.00166666666666667 0.00166666666666667 0.00166666666666667 0.00166666666666667 0.00166666666666667 0.00166666666666667 0.00166666666666667 0.00166666666666667 0.00166666666666667 0.00166666666666667 0.00166666666666667 0.00111111111111111 0.00111111111111111 0.00111111111111111 0.00111111111111111 0.00111111111111111 0.00111111111111111 0.00111111111111111 0.00111111111111111 0.00111111111111111 0.00111111111111111 0.00111111111111111 0.00111111111111111 0.00111111111111111 0.00111111111111111 0.00111111111111111 0.00111111111111111 0.00111111111111111 0.00111111111111111 0.00111111111111111 0.00111111111111111 0.00111111111111111 0.00111111111111111 0.00111111111111111 0.00111111111111111 0.00111111111111111 0.00111111111111111 0.00111111111111111 0.00111111111111111 0.00111111111111111 0.00111111111111111 0.00111111111111111 0.00111111111111111 0.00111111111111111 0.00111111111111111 0.00111111111111111 0.00111111111111111 0.00111111111111111 0.00111111111111111 0.00111111111111111 0.00111111111111111 0.00111111111111111 0.00111111111111111 0.00111111111111111 0.00111111111111111 0.00111111111111111 0.00111111111111111 0.00111111111111111 0.00111111111111111 0.00111111111111111]
Run time: 1.93 seconds
Run 2: Accuracy: 1 %
Selected Features: [1;2;8;5;4;5;4;5;6;8;1;5;8;3;5;2;5;2;2;4;5;3;8;3;4;8;4;2;8;8;5;8;3;5;4;4;2;8;4;2;5;4;4;3;8;3;5;4;8;5;8;8;3;2;3;3;4;5;4;2;4;2;4;8;4;5;8;8;8;8;8;8;4;5;3;4;4;8;5;5;4;3;2;5;3;2;4;8;8;4;8;5;7;4;5;8;8;4;8;8;7;8;4;4;7;3;4;8;8;3;8;7;7;2;5;5;3;6;5;5;3;8;8;8;5;5;8;3;4;8;8;7;8;3;8;2;8;3;4;5;4;8;7;8;4;8;5;8]
Curve: [0.00388888888888889 0.00333333333333333 0.00277777777777778 0.00222222222222222 0.00222222222222222 0.00222222222222222 0.00222222222222222 0.00222222222222222 0.00222222222222222 0.00222222222222222 0.00222222222222222 0.00222222222222222 0.00222222222222222 0.00222222222222222 0.00222222222222222 0.00222222222222222 0.00222222222222222 0.00222222222222222 0.00222222222222222 0.00222222222222222 0.00222222222222222 0.00222222222222222 0.00222222222222222 0.00222222222222222 0.00222222222222222 0.00222222222222222 0.00222222222222222 0.00166666666666667 0.00166666666666667 0.00166666666666667 0.00166666666666667 0.00166666666666667 0.00166666666666667 0.00166666666666667 0.00166666666666667 0.00166666666666667 0.00166666666666667 0.00166666666666667 0.00166666666666667 0.00111111111111111 0.00111111111111111 0.00111111111111111 0.00111111111111111 0.00111111111111111 0.00111111111111111 0.00111111111111111 0.00111111111111111 0.00111111111111111 0.00111111111111111 0.00111111111111111 0.00111111111111111 0.00111111111111111 0.00111111111111111 0.00111111111111111 0.00111111111111111 0.00111111111111111 0.00111111111111111 0.00111111111111111 0.00111111111111111 0.00111111111111111 0.00111111111111111 0.00111111111111111 0.00111111111111111 0.00111111111111111 0.00111111111111111 0.00111111111111111 0.00111111111111111 0.00111111111111111 0.00111111111111111 0.00111111111111111 0.00111111111111111 0.00111111111111111 0.00111111111111111 0.00111111111111111 0.000555555555555556 0.000555555555555556 0.000555555555555556 0.000555555555555556 0.000555555555555556 0.000555555555555556 0.000555555555555556 0.000555555555555556 0.000555555555555556 0.000555555555555556 0.000555555555555556 0.000555555555555556 0.000555555555555556 0.000555555555555556 0.000555555555555556 0.000555555555555556 0.000555555555555556 0.000555555555555556 0.000555555555555556 0.000555555555555556 0.000555555555555556 0.000555555555555556 0.000555555555555556 0.000555555555555556 0.000555555555555556 0.000555555555555556]
Run time: 1.92 seconds
Run 3: Accuracy: 1 %
Selected Features: [1;2;4;4;7;7;2;1;4;1;1;3;2;1;2;3;2;1;1;2;1;1;1;1;2;2;2;3;1;1;2;2;1;1;1;1;4;2;1;1;1;3;1;3;3;2;1;1;1;1;1;1;1;1;1;2;2;1;2;2;2;3;2;1;1;1;1;1;2;2;1;3;2;1;1;1;2;4;1;1;7;1;1;1;1;1;6;2;7;6;5;2;2;3;4;8;2;4;1;1;3;3;6;2;2;1;6;1;3;1;4;8;7;3;7;5;1;6;2;3;1;3;2;5;5;2;2;2;5;3;3;5;7;5;2;1;1;1;5;3;7;2;6;6;6;2;4;4]
Curve: [0.00333333333333333 0.00333333333333333 0.00333333333333333 0.00333333333333333 0.00277777777777778 0.00277777777777778 0.00277777777777778 0.00277777777777778 0.00277777777777778 0.00277777777777778 0.00277777777777778 0.00277777777777778 0.00277777777777778 0.00277777777777778 0.00277777777777778 0.00277777777777778 0.00277777777777778 0.00277777777777778 0.00277777777777778 0.00277777777777778 0.00277777777777778 0.00277777777777778 0.00277777777777778 0.00277777777777778 0.00277777777777778 0.00277777777777778 0.00277777777777778 0.00166666666666667 0.00166666666666667 0.00166666666666667 0.00166666666666667 0.00166666666666667 0.00166666666666667 0.00166666666666667 0.00166666666666667 0.00166666666666667 0.00166666666666667 0.00166666666666667 0.00166666666666667 0.00166666666666667 0.00166666666666667 0.00166666666666667 0.00166666666666667 0.00166666666666667 0.00166666666666667 0.00166666666666667 0.00166666666666667 0.00166666666666667 0.00166666666666667 0.00166666666666667 0.00166666666666667 0.00166666666666667 0.00166666666666667 0.00166666666666667 0.00166666666666667 0.00166666666666667 0.00166666666666667 0.00166666666666667 0.00166666666666667 0.00166666666666667 0.00166666666666667 0.00166666666666667 0.00166666666666667 0.00166666666666667 0.00166666666666667 0.00166666666666667 0.00166666666666667 0.00166666666666667 0.00166666666666667 0.00166666666666667 0.00166666666666667 0.00166666666666667 0.00111111111111111 0.00111111111111111 0.00111111111111111 0.000555555555555556 0.000555555555555556 0.000555555555555556 0.000555555555555556 0.000555555555555556 0.000555555555555556 0.000555555555555556 0.000555555555555556 0.000555555555555556 0.000555555555555556 0.000555555555555556 0.000555555555555556 0.000555555555555556 0.000555555555555556 0.000555555555555556 0.000555555555555556 0.000555555555555556 0.000555555555555556 0.000555555555555556 0.000555555555555556 0.000555555555555556 0.000555555555555556 0.000555555555555556 0.000555555555555556 0.000555555555555556]
Run time: 2.47 seconds
Run 4: Accuracy: 1 %
Selected Features: [1 1;1 1;3 2;3 4;2 4;3 2;1 2;1 4;1 3;1 2;1 2;1 4;1 4;1 2;1 3;1 3;1 2;1 2;1 3;1 4;1 2;1 2;1 2;1 2;1 4;1 3;1 3;1 3;1 3;2 4;1 3;1 4;1 2;1 4;1 4;1 3;1 2;1 3;1 2;1 2;1 3;1 4;1 3;1 3;1 4;1 2;1 3;1 3;1 4;1 3;1 2;1 2;1 2;1 3;1 2;1 3;1 2;1 3;1 4;1 3;1 2;1 4;1 2;1 3;1 4;1 3;1 3;1 2;1 3;1 4;1 2;1 4;1 3;1 3;1 3;1 3;1 4;1 4;1 3;1 4;1 3;1 3;1 3;1 3;1 1;1 4;1 4;1 2;1 3;1 4;1 2;1 3;1 2;1 4;1 3;2 2;1 3;1 4;1 4;1 4;1 3;1 3;1 4;1 2;1 2;1 3;1 2;1 2;1 2;1 3;1 4;1 4;1 2;1 4;1 3;1 4;1 2;1 2;1 2;1 3;1 2;1 2;1 3;1 2;1 4;1 4;1 4;1 2;1 4;1 4;1 4;1 4;1 4;1 4;1 2;1 4;1 4;1 2;1 2;1 4;1 2;1 2;1 4;1 4;1 2;1 4;1 4;1 3]
Curve: [0.00333333333333333 0.00333333333333333 0.00277777777777778 0.00277777777777778 0.00277777777777778 0.00277777777777778 0.00277777777777778 0.00277777777777778 0.00277777777777778 0.00277777777777778 0.00277777777777778 0.00277777777777778 0.00277777777777778 0.00277777777777778 0.00277777777777778 0.00277777777777778 0.00277777777777778 0.00277777777777778 0.00277777777777778 0.00277777777777778 0.00277777777777778 0.00277777777777778 0.00277777777777778 0.00277777777777778 0.00277777777777778 0.00277777777777778 0.00166666666666667 0.00166666666666667 0.00166666666666667 0.00166666666666667 0.00166666666666667 0.00166666666666667 0.00166666666666667 0.00166666666666667 0.00166666666666667 0.00166666666666667 0.00166666666666667 0.00166666666666667 0.00166666666666667 0.00166666666666667 0.00166666666666667 0.00166666666666667 0.00166666666666667 0.00166666666666667 0.00166666666666667 0.00166666666666667 0.00166666666666667 0.00166666666666667 0.00166666666666667 0.00166666666666667 0.00166666666666667 0.00166666666666667 0.00166666666666667 0.00166666666666667 0.00166666666666667 0.00111111111111111 0.00111111111111111 0.00111111111111111 0.00111111111111111 0.00111111111111111 0.00111111111111111 0.00111111111111111 0.00111111111111111 0.00111111111111111 0.00111111111111111 0.00111111111111111 0.00111111111111111 0.00111111111111111 0.00111111111111111 0.00111111111111111 0.00111111111111111 0.00111111111111111 0.00111111111111111 0.00111111111111111 0.00111111111111111 0.00111111111111111 0.00111111111111111 0.00111111111111111 0.00111111111111111 0.00111111111111111 0.00111111111111111 0.00111111111111111 0.00111111111111111 0.00111111111111111 0.00111111111111111 0.00111111111111111 0.00111111111111111 0.00111111111111111 0.00111111111111111 0.00111111111111111 0.00111111111111111 0.00111111111111111 0.00111111111111111 0.00111111111111111 0.00111111111111111 0.00111111111111111 0.00111111111111111 0.00111111111111111 0.00111111111111111 0.00111111111111111]
Run time: 2.17 seconds
Run 5: Accuracy: 1 %
Selected Features: [1 1;1 2;2 4;1 4;2 7;1 7;1 2;1 1;1 4;1 1;1 1;1 3;1 2;1 1;1 2;1 3;1 2;1 1;1 1;1 2;1 1;1 1;1 1;1 1;1 2;1 2;1 2;1 3;1 1;1 1;1 2;1 2;1 1;1 1;1 1;1 1;1 4;1 2;1 1;1 1;1 1;1 3;1 1;1 3;1 3;1 2;1 1;1 1;1 1;1 1;1 1;1 1;1 1;1 1;1 1;1 2;1 2;1 1;1 2;1 2;1 2;1 3;1 2;1 1;1 1;1 1;1 1;1 1;1 2;1 2;1 1;2 3;1 2;1 1;1 1;1 1;1 2;1 4;1 1;1 1;2 7;1 1;1 1;1 1;1 1;1 1;1 6;1 2;2 7;1 6;1 5;1 2;1 2;1 3;1 4;1 8;1 2;1 4;1 1;1 1;1 3;1 3;1 6;1 2;1 2;1 1;1 6;1 1;1 3;1 1;1 4;2 8;1 7;1 3;1 7;1 5;1 1;1 6;1 2;1 3;1 1;1 3;1 2;1 5;1 5;1 2;1 2;1 2;1 5;1 3;1 3;1 5;1 7;1 5;1 2;1 1;1 1;1 1;1 5;1 3;1 7;1 2;2 6;1 6;1 6;1 2;1 4;1 4]
Curve: [0.00388888888888889 0.00388888888888889 0.00388888888888889 0.00388888888888889 0.00222222222222222 0.00222222222222222 0.00111111111111111 0.00111111111111111 0.00111111111111111 0.00111111111111111 0.00111111111111111 0.00111111111111111 0.00111111111111111 0.00111111111111111 0.00111111111111111 0.00111111111111111 0.00111111111111111 0.00111111111111111 0.00111111111111111 0.00111111111111111 0.00111111111111111 0.00111111111111111 0.00111111111111111 0.00111111111111111 0.00111111111111111 0.00111111111111111 0.00111111111111111 0.00111111111111111 0.00111111111111111 0.00111111111111111 0.00111111111111111 0.00111111111111111 0.00111111111111111 0.00111111111111111 0.00111111111111111 0.00111111111111111 0.00111111111111111 0.00111111111111111 0.00111111111111111 0.00111111111111111 0.00111111111111111 0.00111111111111111 0.00111111111111111 0.00111111111111111 0.00111111111111111 0.00111111111111111 0.00111111111111111 0.00111111111111111 0.00111111111111111 0.00111111111111111 0.00111111111111111 0.00111111111111111 0.00111111111111111 0.00111111111111111 0.00111111111111111 0.00111111111111111 0.00111111111111111 0.00111111111111111 0.00111111111111111 0.00111111111111111 0.00111111111111111 0.00111111111111111 0.00111111111111111 0.00111111111111111 0.00111111111111111 0.00111111111111111 0.00111111111111111 0.00111111111111111 0.00111111111111111 0.00111111111111111 0.00111111111111111 0.00111111111111111 0.00111111111111111 0.00111111111111111 0.00111111111111111 0.00111111111111111 0.00111111111111111 0.00111111111111111 0.00111111111111111 0.00111111111111111 0.00111111111111111 0.00111111111111111 0.00111111111111111 0.00111111111111111 0.00111111111111111 0.00111111111111111 0.00111111111111111 0.00111111111111111 0.00111111111111111 0.00111111111111111 0.00111111111111111 0.00111111111111111 0.00111111111111111 0.00111111111111111 0.00111111111111111 0.00111111111111111 0.00111111111111111 0.00111111111111111 0.00111111111111111 0.00111111111111111]
Run time: 1.92 seconds
Run 6: Accuracy: 1 %
Selected Features: [1 1;1 1;2 2;1 2;2 2;1 2;1 2;1 1;1 1;1 1;1 1;2 2;1 1;1 1;1 1;1 1;1 1;1 1;1 1;1 2;1 1;1 1;1 1;1 1;1 2;2 2;2 1;1 2;2 2;1 1;2 1;2 1;1 1;1 1;1 2;2 2;1 2;2 2;2 2;1 1;1 1;2 2;1 1;1 2;2 2;2 1;1 2;1 1;1 2;1 1;1 1;1 1;2 1;2 2;1 1;1 1;1 1;1 1;1 1;1 1;1 1;1 2;1 1;1 1;1 1;1 1;1 1;1 1;2 1;1 1;1 1;2 2;1 1;1 1;1 1;1 1;1 1;1 1;1 1;1 1;2 2;1 1;1 1;1 1;1 1;1 1;2 2;1 1;2 2;1 1;1 1;1 1;1 1;1 1;1 2;1 1;1 1;1 1;1 1;1 1;1 1;1 1;1 1;1 1;1 1;1 1;2 2;1 1;1 1;1 1;1 1;2 2;1 1;1 1;1 2;1 1;1 1;1 1;1 1;1 1;1 1;1 1;1 1;1 1;2 2;1 1;1 1;2 2;1 1;1 1;1 1;1 1;1 1;1 1;1 1;1 1;1 1;1 1;1 1;1 2;1 1;1 1;2 2;1 1;1 1;1 1;1 2;1 1]
Curve: [0.00333333333333333 0.00333333333333333 0.00277777777777778 0.00277777777777778 0.00277777777777778 0.00277777777777778 0.00277777777777778 0.00222222222222222 0.00222222222222222 0.00222222222222222 0.00222222222222222 0.00222222222222222 0.00222222222222222 0.00222222222222222 0.00222222222222222 0.00222222222222222 0.00222222222222222 0.00222222222222222 0.00222222222222222 0.00222222222222222 0.00222222222222222 0.00222222222222222 0.00222222222222222 0.00222222222222222 0.00222222222222222 0.00222222222222222 0.00222222222222222 0.00222222222222222 0.00222222222222222 0.00166666666666667 0.00166666666666667 0.00166666666666667 0.00166666666666667 0.00166666666666667 0.00166666666666667 0.00166666666666667 0.00166666666666667 0.00166666666666667 0.00166666666666667 0.00111111111111111 0.00111111111111111 0.00111111111111111 0.00111111111111111 0.00111111111111111 0.00111111111111111 0.00111111111111111 0.00111111111111111 0.00111111111111111 0.00111111111111111 0.00111111111111111 0.00111111111111111 0.00111111111111111 0.00111111111111111 0.00111111111111111 0.00111111111111111 0.00111111111111111 0.00111111111111111 0.00111111111111111 0.00111111111111111 0.00111111111111111 0.00111111111111111 0.00111111111111111 0.00111111111111111 0.00111111111111111 0.00111111111111111 0.00111111111111111 0.00111111111111111 0.00111111111111111 0.00111111111111111 0.00111111111111111 0.00111111111111111 0.00111111111111111 0.00111111111111111 0.00111111111111111 0.00111111111111111 0.00111111111111111 0.00111111111111111 0.00111111111111111 0.00111111111111111 0.00111111111111111 0.00111111111111111 0.00111111111111111 0.00111111111111111 0.00111111111111111 0.00111111111111111 0.00111111111111111 0.00111111111111111 0.00111111111111111 0.00111111111111111 0.00111111111111111 0.00111111111111111 0.00111111111111111 0.00111111111111111 0.00111111111111111 0.00111111111111111 0.00111111111111111 0.00111111111111111 0.00111111111111111 0.00111111111111111 0.00111111111111111]
Run time: 2.03 seconds
Run 7: Accuracy: 1 %
Selected Features: [1;2;8;5;4;5;4;5;6;8;1;5;8;3;5;2;5;2;2;4;5;3;8;3;4;8;4;2;8;8;5;8;3;5;4;4;2;8;4;2;5;4;4;3;8;3;5;4;8;5;8;8;3;2;3;3;4;5;4;2;4;2;4;8;4;5;8;8;8;8;8;8;4;5;3;4;4;8;5;5;4;3;2;5;3;2;4;8;8;4;8;5;7;4;5;8;8;4;8;8;7;8;4;4;7;3;4;8;8;3;8;7;7;2;5;5;3;6;5;5;3;8;8;8;5;5;8;3;4;8;8;7;8;3;8;2;8;3;4;5;4;8;7;8;4;8;5;8]
Curve: [0.00388888888888889 0.00277777777777778 0.00277777777777778 0.00222222222222222 0.00222222222222222 0.00222222222222222 0.00222222222222222 0.00222222222222222 0.00222222222222222 0.00222222222222222 0.00222222222222222 0.00222222222222222 0.00222222222222222 0.00222222222222222 0.00222222222222222 0.00222222222222222 0.00222222222222222 0.00222222222222222 0.00222222222222222 0.00222222222222222 0.00222222222222222 0.00222222222222222 0.00222222222222222 0.00222222222222222 0.00222222222222222 0.00222222222222222 0.00222222222222222 0.00222222222222222 0.00222222222222222 0.00166666666666667 0.00166666666666667 0.00166666666666667 0.00166666666666667 0.00166666666666667 0.00166666666666667 0.00166666666666667 0.00166666666666667 0.00166666666666667 0.00166666666666667 0.00166666666666667 0.00166666666666667 0.00166666666666667 0.00166666666666667 0.00166666666666667 0.00166666666666667 0.00111111111111111 0.00111111111111111 0.00111111111111111 0.00111111111111111 0.00111111111111111 0.00111111111111111 0.00111111111111111 0.00111111111111111 0.00111111111111111 0.00111111111111111 0.00111111111111111 0.00111111111111111 0.00111111111111111 0.00111111111111111 0.00111111111111111 0.00111111111111111 0.00111111111111111 0.00111111111111111 0.00111111111111111 0.00111111111111111 0.00111111111111111 0.00111111111111111 0.00111111111111111 0.00111111111111111 0.00111111111111111 0.00111111111111111 0.00111111111111111 0.00111111111111111 0.00111111111111111 0.000555555555555556 0.000555555555555556 0.000555555555555556 0.000555555555555556 0.000555555555555556 0.000555555555555556 0.000555555555555556 0.000555555555555556 0.000555555555555556 0.000555555555555556 0.000555555555555556 0.000555555555555556 0.000555555555555556 0.000555555555555556 0.000555555555555556 0.000555555555555556 0.000555555555555556 0.000555555555555556 0.000555555555555556 0.000555555555555556 0.000555555555555556 0.000555555555555556 0.000555555555555556 0.000555555555555556 0.000555555555555556 0.000555555555555556]
Run time: 1.85 seconds
Run 8: Accuracy: 1 %
Selected Features: [1 1;2 2;1 8;1 5;2 4;1 5;3 4;2 5;3 6;3 8;2 1;2 5;3 8;2 3;3 5;3 2;2 5;2 2;3 2;3 4;2 5;2 3;3 8;2 3;3 4;3 8;2 4;3 2;2 8;3 8;3 5;2 8;1 3;2 5;3 4;2 4;3 2;3 8;2 4;3 2;2 5;3 4;3 4;3 3;3 8;2 3;3 5;3 4;2 8;3 5;2 8;2 8;3 3;3 2;2 3;2 3;3 4;2 5;2 4;2 2;2 4;2 2;3 4;3 8;3 4;3 5;3 8;2 8;2 8;2 8;2 8;2 8;3 4;2 5;3 3;2 4;2 4;3 8;3 5;2 5;3 4;3 3;3 2;3 5;1 3;2 2;3 4;2 8;3 8;3 4;2 8;2 5;2 7;2 4;3 5;2 8;2 8;3 4;2 8;2 8;3 7;2 8;3 4;3 4;2 7;2 3;2 4;2 8;2 8;2 3;2 8;3 7;2 7;2 2;2 5;3 5;3 3;2 6;2 5;3 5;2 3;2 8;3 8;2 8;3 5;3 5;3 8;2 3;2 4;2 8;3 8;3 7;3 8;3 3;2 8;2 2;2 8;2 3;2 4;3 5;2 4;2 8;3 7;2 8;3 4;2 8;2 5;3 8]
Curve: [0.00277777777777778 0.00277777777777778 0.00222222222222222 0.00222222222222222 0.00222222222222222 0.00222222222222222 0.00222222222222222 0.00222222222222222 0.00222222222222222 0.00222222222222222 0.00222222222222222 0.00222222222222222 0.00222222222222222 0.00222222222222222 0.00222222222222222 0.00222222222222222 0.00222222222222222 0.00222222222222222 0.00222222222222222 0.00222222222222222 0.00222222222222222 0.00222222222222222 0.00222222222222222 0.00222222222222222 0.00222222222222222 0.00222222222222222 0.00222222222222222 0.00222222222222222 0.00222222222222222 0.00222222222222222 0.00222222222222222 0.00222222222222222 0.00222222222222222 0.00222222222222222 0.00222222222222222 0.00222222222222222 0.00222222222222222 0.00222222222222222 0.00222222222222222 0.00222222222222222 0.00222222222222222 0.00222222222222222 0.00222222222222222 0.00222222222222222 0.00222222222222222 0.00222222222222222 0.00222222222222222 0.00222222222222222 0.00222222222222222 0.00166666666666667 0.00166666666666667 0.00166666666666667 0.00166666666666667 0.00166666666666667 0.00166666666666667 0.00166666666666667 0.00166666666666667 0.00166666666666667 0.00166666666666667 0.00166666666666667 0.00166666666666667 0.00166666666666667 0.00166666666666667 0.00166666666666667 0.00166666666666667 0.00166666666666667 0.00166666666666667 0.00166666666666667 0.00166666666666667 0.00166666666666667 0.00166666666666667 0.00166666666666667 0.00166666666666667 0.00166666666666667 0.00166666666666667 0.00166666666666667 0.00166666666666667 0.00166666666666667 0.00166666666666667 0.00166666666666667 0.00166666666666667 0.00166666666666667 0.00111111111111111 0.00111111111111111 0.00111111111111111 0.00111111111111111 0.00111111111111111 0.00111111111111111 0.00111111111111111 0.00111111111111111 0.00111111111111111 0.00111111111111111 0.00111111111111111 0.00111111111111111 0.00111111111111111 0.00111111111111111 0.00111111111111111 0.00111111111111111 0.00111111111111111 0.00111111111111111]
Run time: 1.84 seconds
Run 9: Accuracy: 1 %
Selected Features: [1;2;8;5;4;5;4;5;6;8;1;5;8;3;5;2;5;2;2;4;5;3;8;3;4;8;4;2;8;8;5;8;3;5;4;4;2;8;4;2;5;4;4;3;8;3;5;4;8;5;8;8;3;2;3;3;4;5;4;2;4;2;4;8;4;5;8;8;8;8;8;8;4;5;3;4;4;8;5;5;4;3;2;5;3;2;4;8;8;4;8;5;7;4;5;8;8;4;8;8;7;8;4;4;7;3;4;8;8;3;8;7;7;2;5;5;3;6;5;5;3;8;8;8;5;5;8;3;4;8;8;7;8;3;8;2;8;3;4;5;4;8;7;8;4;8;5;8]
Curve: [0.00333333333333333 0.00277777777777778 0.00222222222222222 0.00222222222222222 0.00222222222222222 0.00222222222222222 0.00222222222222222 0.00222222222222222 0.00222222222222222 0.00222222222222222 0.00166666666666667 0.00166666666666667 0.00166666666666667 0.00166666666666667 0.00166666666666667 0.00166666666666667 0.00166666666666667 0.00166666666666667 0.00166666666666667 0.00166666666666667 0.00166666666666667 0.00166666666666667 0.00166666666666667 0.00166666666666667 0.00166666666666667 0.00166666666666667 0.00166666666666667 0.00166666666666667 0.00166666666666667 0.00166666666666667 0.00166666666666667 0.00166666666666667 0.00166666666666667 0.00166666666666667 0.00166666666666667 0.00166666666666667 0.00166666666666667 0.00166666666666667 0.00166666666666667 0.00166666666666667 0.00166666666666667 0.00166666666666667 0.00166666666666667 0.00166666666666667 0.00166666666666667 0.00166666666666667 0.00166666666666667 0.00166666666666667 0.00166666666666667 0.00166666666666667 0.00166666666666667 0.00166666666666667 0.00166666666666667 0.00166666666666667 0.00166666666666667 0.00166666666666667 0.00166666666666667 0.00166666666666667 0.00166666666666667 0.00166666666666667 0.00166666666666667 0.00166666666666667 0.00166666666666667 0.00166666666666667 0.00166666666666667 0.00166666666666667 0.00111111111111111 0.00111111111111111 0.00111111111111111 0.00111111111111111 0.00111111111111111 0.00111111111111111 0.00111111111111111 0.00111111111111111 0.00111111111111111 0.00111111111111111 0.00111111111111111 0.00111111111111111 0.00111111111111111 0.00111111111111111 0.00111111111111111 0.000555555555555556 0.000555555555555556 0.000555555555555556 0.000555555555555556 0.000555555555555556 0.000555555555555556 0.000555555555555556 0.000555555555555556 0.000555555555555556 0.000555555555555556 0.000555555555555556 0.000555555555555556 0.000555555555555556 0.000555555555555556 0.000555555555555556 0.000555555555555556 0.000555555555555556 0.000555555555555556 0.000555555555555556]
Run time: 1.94 seconds
Run 10: Accuracy: 1 %
Selected Features: [1;2;8;5;4;5;4;5;6;8;1;5;8;3;5;2;5;2;2;4;5;3;8;3;4;8;4;2;8;8;5;8;3;5;4;4;2;8;4;2;5;4;4;3;8;3;5;4;8;5;8;8;3;2;3;3;4;5;4;2;4;2;4;8;4;5;8;8;8;8;8;8;4;5;3;4;4;8;5;5;4;3;2;5;3;2;4;8;8;4;8;5;7;4;5;8;8;4;8;8;7;8;4;4;7;3;4;8;8;3;8;7;7;2;5;5;3;6;5;5;3;8;8;8;5;5;8;3;4;8;8;7;8;3;8;2;8;3;4;5;4;8;7;8;4;8;5;8]
Curve: [0.00277777777777778 0.00277777777777778 0.00277777777777778 0.00166666666666667 0.00166666666666667 0.00166666666666667 0.00166666666666667 0.00166666666666667 0.00166666666666667 0.00166666666666667 0.00166666666666667 0.00166666666666667 0.00166666666666667 0.00166666666666667 0.00166666666666667 0.00166666666666667 0.00166666666666667 0.00166666666666667 0.00166666666666667 0.00166666666666667 0.00166666666666667 0.00166666666666667 0.00166666666666667 0.00166666666666667 0.00166666666666667 0.00166666666666667 0.00166666666666667 0.00166666666666667 0.00166666666666667 0.00166666666666667 0.00166666666666667 0.00166666666666667 0.00166666666666667 0.00166666666666667 0.00166666666666667 0.00166666666666667 0.00166666666666667 0.00166666666666667 0.00166666666666667 0.00166666666666667 0.00166666666666667 0.00166666666666667 0.00166666666666667 0.00166666666666667 0.00166666666666667 0.00166666666666667 0.00166666666666667 0.00166666666666667 0.00166666666666667 0.00166666666666667 0.00166666666666667 0.00111111111111111 0.00111111111111111 0.00111111111111111 0.00111111111111111 0.00111111111111111 0.00111111111111111 0.00111111111111111 0.00111111111111111 0.00111111111111111 0.00111111111111111 0.00111111111111111 0.00111111111111111 0.00111111111111111 0.00111111111111111 0.00111111111111111 0.00111111111111111 0.00111111111111111 0.00111111111111111 0.00111111111111111 0.00111111111111111 0.00111111111111111 0.00111111111111111 0.00111111111111111 0.00111111111111111 0.00111111111111111 0.000555555555555556 0.000555555555555556 0.000555555555555556 0.000555555555555556 0.000555555555555556 0.000555555555555556 0.000555555555555556 0.000555555555555556 0.000555555555555556 0.000555555555555556 0.000555555555555556 0.000555555555555556 0.000555555555555556 0.000555555555555556 0.000555555555555556 0.000555555555555556 0.000555555555555556 0.000555555555555556 0.000555555555555556 0.000555555555555556 0.000555555555555556 0.000555555555555556 0.000555555555555556 0.000555555555555556]
Run time: 1.87 seconds
