1.000000000000000000e+00,0.000000000000000000e+00,3.773561009817671952e-01
1.000000000000000000e+00,1.000000000000000000e+00,3.763044724949352604e-01
1.000000000000000000e+00,2.000000000000000000e+00,3.668115942028985499e-01
1.000000000000000000e+00,3.000000000000000000e+00,3.603072463768116074e-01
1.000000000000000000e+00,4.000000000000000000e+00,3.603072463768116074e-01
1.000000000000000000e+00,5.000000000000000000e+00,3.603072463768116074e-01
1.000000000000000000e+00,6.000000000000000000e+00,3.603072463768116074e-01
1.000000000000000000e+00,7.000000000000000000e+00,3.597578463456445053e-01
1.000000000000000000e+00,8.000000000000000000e+00,3.597578463456445053e-01
1.000000000000000000e+00,9.000000000000000000e+00,3.597578463456445053e-01
1.000000000000000000e+00,1.000000000000000000e+01,3.558970079476390658e-01
1.000000000000000000e+00,1.100000000000000000e+01,3.545573320866449163e-01
1.000000000000000000e+00,1.200000000000000000e+01,3.386435561788997961e-01
1.000000000000000000e+00,1.300000000000000000e+01,3.386435561788997961e-01
1.000000000000000000e+00,1.400000000000000000e+01,3.383568178276452065e-01
1.000000000000000000e+00,1.500000000000000000e+01,3.383568178276452065e-01
1.000000000000000000e+00,1.600000000000000000e+01,3.380700794763907280e-01
1.000000000000000000e+00,1.700000000000000000e+01,3.380700794763907280e-01
1.000000000000000000e+00,1.800000000000000000e+01,3.380700794763907280e-01
1.000000000000000000e+00,1.900000000000000000e+01,3.379864110955275169e-01
1.000000000000000000e+00,2.000000000000000000e+01,3.379864110955275169e-01
1.000000000000000000e+00,2.100000000000000000e+01,3.379864110955275169e-01
1.000000000000000000e+00,2.200000000000000000e+01,3.357745363877201461e-01
1.000000000000000000e+00,2.300000000000000000e+01,3.357745363877201461e-01
1.000000000000000000e+00,2.400000000000000000e+01,3.357745363877201461e-01
1.000000000000000000e+00,2.500000000000000000e+01,3.357745363877201461e-01
1.000000000000000000e+00,2.600000000000000000e+01,3.357745363877201461e-01
1.000000000000000000e+00,2.700000000000000000e+01,3.357745363877201461e-01
1.000000000000000000e+00,2.800000000000000000e+01,3.357745363877201461e-01
1.000000000000000000e+00,2.900000000000000000e+01,3.357745363877201461e-01
1.000000000000000000e+00,3.000000000000000000e+01,3.357267103007635090e-01
1.000000000000000000e+00,3.100000000000000000e+01,3.357267103007635090e-01
1.000000000000000000e+00,3.200000000000000000e+01,3.357267103007635090e-01
1.000000000000000000e+00,3.300000000000000000e+01,3.357267103007635090e-01
1.000000000000000000e+00,3.400000000000000000e+01,3.357267103007635090e-01
1.000000000000000000e+00,3.500000000000000000e+01,3.357267103007635090e-01
1.000000000000000000e+00,3.600000000000000000e+01,3.356788842138069273e-01
1.000000000000000000e+00,3.700000000000000000e+01,3.356788842138069273e-01
1.000000000000000000e+00,3.800000000000000000e+01,3.356788842138069273e-01
1.000000000000000000e+00,3.900000000000000000e+01,3.356310581268505122e-01
1.000000000000000000e+00,4.000000000000000000e+01,3.356310581268505122e-01
1.000000000000000000e+00,4.100000000000000000e+01,3.356310581268505122e-01
1.000000000000000000e+00,4.200000000000000000e+01,3.356310581268505122e-01
1.000000000000000000e+00,4.300000000000000000e+01,3.356310581268505122e-01
1.000000000000000000e+00,4.400000000000000000e+01,3.356310581268505122e-01
1.000000000000000000e+00,4.500000000000000000e+01,3.356310581268505122e-01
1.000000000000000000e+00,4.600000000000000000e+01,3.335745363877199998e-01
1.000000000000000000e+00,4.700000000000000000e+01,3.335745363877199998e-01
1.000000000000000000e+00,4.800000000000000000e+01,3.335745363877199998e-01
1.000000000000000000e+00,4.900000000000000000e+01,3.335745363877199998e-01
1.000000000000000000e+00,5.000000000000000000e+01,3.335745363877199998e-01
1.000000000000000000e+00,5.100000000000000000e+01,3.335745363877199998e-01
1.000000000000000000e+00,5.200000000000000000e+01,3.335745363877199998e-01
1.000000000000000000e+00,5.300000000000000000e+01,3.335745363877199998e-01
1.000000000000000000e+00,5.400000000000000000e+01,3.335745363877199998e-01
1.000000000000000000e+00,5.500000000000000000e+01,3.335745363877199998e-01
1.000000000000000000e+00,5.600000000000000000e+01,3.335745363877199998e-01
1.000000000000000000e+00,5.700000000000000000e+01,3.335745363877199998e-01
1.000000000000000000e+00,5.800000000000000000e+01,3.335745363877199998e-01
1.000000000000000000e+00,5.900000000000000000e+01,3.335745363877199998e-01
1.000000000000000000e+00,6.000000000000000000e+01,3.335745363877199998e-01
1.000000000000000000e+00,6.100000000000000000e+01,3.335745363877199998e-01
1.000000000000000000e+00,6.200000000000000000e+01,3.335745363877199998e-01
1.000000000000000000e+00,6.300000000000000000e+01,3.335745363877199998e-01
1.000000000000000000e+00,6.400000000000000000e+01,3.335745363877199998e-01
1.000000000000000000e+00,6.500000000000000000e+01,3.335745363877199998e-01
1.000000000000000000e+00,6.600000000000000000e+01,3.335745363877199998e-01
1.000000000000000000e+00,6.700000000000000000e+01,3.335745363877199998e-01
1.000000000000000000e+00,6.800000000000000000e+01,3.335745363877199998e-01
1.000000000000000000e+00,6.900000000000000000e+01,3.335745363877199998e-01
1.000000000000000000e+00,7.000000000000000000e+01,3.335745363877199998e-01
1.000000000000000000e+00,7.100000000000000000e+01,3.335745363877199998e-01
1.000000000000000000e+00,7.200000000000000000e+01,3.335745363877199998e-01
1.000000000000000000e+00,7.300000000000000000e+01,3.335745363877199998e-01
1.000000000000000000e+00,7.400000000000000000e+01,3.335745363877199998e-01
1.000000000000000000e+00,7.500000000000000000e+01,3.335745363877199998e-01
1.000000000000000000e+00,7.600000000000000000e+01,3.335745363877199998e-01
1.000000000000000000e+00,7.700000000000000000e+01,3.335745363877199998e-01
1.000000000000000000e+00,7.800000000000000000e+01,3.335745363877199998e-01
1.000000000000000000e+00,7.900000000000000000e+01,3.335745363877199998e-01
1.000000000000000000e+00,8.000000000000000000e+01,3.335745363877199998e-01
1.000000000000000000e+00,8.100000000000000000e+01,3.335745363877199998e-01
1.000000000000000000e+00,8.200000000000000000e+01,3.335745363877199998e-01
1.000000000000000000e+00,8.300000000000000000e+01,3.335745363877199998e-01
1.000000000000000000e+00,8.400000000000000000e+01,3.335745363877199998e-01
1.000000000000000000e+00,8.500000000000000000e+01,3.335745363877199998e-01
1.000000000000000000e+00,8.600000000000000000e+01,3.335745363877199998e-01
1.000000000000000000e+00,8.700000000000000000e+01,3.335745363877199998e-01
1.000000000000000000e+00,8.800000000000000000e+01,3.335745363877199998e-01
1.000000000000000000e+00,8.900000000000000000e+01,3.335745363877199998e-01
1.000000000000000000e+00,9.000000000000000000e+01,3.335745363877199998e-01
1.000000000000000000e+00,9.100000000000000000e+01,3.335745363877199998e-01
1.000000000000000000e+00,9.200000000000000000e+01,3.335745363877199998e-01
1.000000000000000000e+00,9.300000000000000000e+01,3.335745363877199998e-01
1.000000000000000000e+00,9.400000000000000000e+01,3.335745363877199998e-01
1.000000000000000000e+00,9.500000000000000000e+01,3.335745363877199998e-01
1.000000000000000000e+00,9.600000000000000000e+01,3.335745363877199998e-01
1.000000000000000000e+00,9.700000000000000000e+01,3.335745363877199998e-01
1.000000000000000000e+00,9.800000000000000000e+01,3.335745363877199998e-01
1.000000000000000000e+00,9.900000000000000000e+01,3.335745363877199998e-01
1.000000000000000000e+00,1.000000000000000000e+02,3.335745363877199998e-01
2.000000000000000000e+00,0.000000000000000000e+00,3.686874863643446743e-01
2.000000000000000000e+00,1.000000000000000000e+00,3.686874863643446743e-01
2.000000000000000000e+00,2.000000000000000000e+00,3.610361851332397620e-01
2.000000000000000000e+00,3.000000000000000000e+00,3.585972728689417188e-01
2.000000000000000000e+00,4.000000000000000000e+00,3.540180613994077796e-01
2.000000000000000000e+00,5.000000000000000000e+00,3.462591242013400850e-01
2.000000000000000000e+00,6.000000000000000000e+00,3.462591242013400850e-01
2.000000000000000000e+00,7.000000000000000000e+00,3.414051581736013974e-01
2.000000000000000000e+00,8.000000000000000000e+00,3.414051581736013974e-01
2.000000000000000000e+00,9.000000000000000000e+00,3.321390992675704590e-01
2.000000000000000000e+00,1.000000000000000000e+01,3.321390992675704590e-01
2.000000000000000000e+00,1.100000000000000000e+01,3.278825775284400779e-01
2.000000000000000000e+00,1.200000000000000000e+01,3.278825775284400779e-01
2.000000000000000000e+00,1.300000000000000000e+01,3.278825775284400779e-01
2.000000000000000000e+00,1.400000000000000000e+01,3.278825775284400779e-01
2.000000000000000000e+00,1.500000000000000000e+01,3.278825775284400779e-01
2.000000000000000000e+00,1.600000000000000000e+01,3.278825775284400779e-01
2.000000000000000000e+00,1.700000000000000000e+01,3.278825775284400779e-01
2.000000000000000000e+00,1.800000000000000000e+01,3.278825775284400779e-01
2.000000000000000000e+00,1.900000000000000000e+01,3.278825775284400779e-01
2.000000000000000000e+00,2.000000000000000000e+01,3.278825775284400779e-01
2.000000000000000000e+00,2.100000000000000000e+01,3.229091008259311057e-01
2.000000000000000000e+00,2.200000000000000000e+01,3.229091008259311057e-01
2.000000000000000000e+00,2.300000000000000000e+01,3.229091008259311057e-01
2.000000000000000000e+00,2.400000000000000000e+01,3.229091008259311057e-01
2.000000000000000000e+00,2.500000000000000000e+01,3.229091008259311057e-01
2.000000000000000000e+00,2.600000000000000000e+01,3.229091008259311057e-01
2.000000000000000000e+00,2.700000000000000000e+01,3.229091008259311057e-01
2.000000000000000000e+00,2.800000000000000000e+01,3.229091008259311057e-01
2.000000000000000000e+00,2.900000000000000000e+01,3.229091008259311057e-01
2.000000000000000000e+00,3.000000000000000000e+01,3.229091008259311057e-01
2.000000000000000000e+00,3.100000000000000000e+01,3.229091008259311057e-01
2.000000000000000000e+00,3.200000000000000000e+01,3.229091008259311057e-01
2.000000000000000000e+00,3.300000000000000000e+01,3.229091008259311057e-01
2.000000000000000000e+00,3.400000000000000000e+01,3.229091008259311057e-01
2.000000000000000000e+00,3.500000000000000000e+01,3.229091008259311057e-01
2.000000000000000000e+00,3.600000000000000000e+01,3.229091008259311057e-01
2.000000000000000000e+00,3.700000000000000000e+01,3.229091008259311057e-01
2.000000000000000000e+00,3.800000000000000000e+01,3.229091008259311057e-01
2.000000000000000000e+00,3.900000000000000000e+01,3.229091008259311057e-01
2.000000000000000000e+00,4.000000000000000000e+01,3.229091008259311057e-01
2.000000000000000000e+00,4.100000000000000000e+01,3.229091008259311057e-01
2.000000000000000000e+00,4.200000000000000000e+01,3.229091008259311057e-01
2.000000000000000000e+00,4.300000000000000000e+01,3.229091008259311057e-01
2.000000000000000000e+00,4.400000000000000000e+01,3.229091008259311057e-01
2.000000000000000000e+00,4.500000000000000000e+01,3.229091008259311057e-01
2.000000000000000000e+00,4.600000000000000000e+01,3.229091008259311057e-01
2.000000000000000000e+00,4.700000000000000000e+01,3.229091008259311057e-01
2.000000000000000000e+00,4.800000000000000000e+01,3.229091008259311057e-01
2.000000000000000000e+00,4.900000000000000000e+01,3.229091008259311057e-01
2.000000000000000000e+00,5.000000000000000000e+01,3.229091008259311057e-01
2.000000000000000000e+00,5.100000000000000000e+01,3.229091008259311057e-01
2.000000000000000000e+00,5.200000000000000000e+01,3.229091008259311057e-01
2.000000000000000000e+00,5.300000000000000000e+01,3.229091008259311057e-01
2.000000000000000000e+00,5.400000000000000000e+01,3.229091008259311057e-01
2.000000000000000000e+00,5.500000000000000000e+01,3.229091008259311057e-01
2.000000000000000000e+00,5.600000000000000000e+01,3.229091008259311057e-01
2.000000000000000000e+00,5.700000000000000000e+01,3.229091008259311057e-01
2.000000000000000000e+00,5.800000000000000000e+01,3.229091008259311057e-01
2.000000000000000000e+00,5.900000000000000000e+01,3.229091008259311057e-01
2.000000000000000000e+00,6.000000000000000000e+01,3.229091008259311057e-01
2.000000000000000000e+00,6.100000000000000000e+01,3.229091008259311057e-01
2.000000000000000000e+00,6.200000000000000000e+01,3.229091008259311057e-01
2.000000000000000000e+00,6.300000000000000000e+01,3.229091008259311057e-01
2.000000000000000000e+00,6.400000000000000000e+01,3.229091008259311057e-01
2.000000000000000000e+00,6.500000000000000000e+01,3.203627707651550693e-01
2.000000000000000000e+00,6.600000000000000000e+01,3.203627707651550693e-01
2.000000000000000000e+00,6.700000000000000000e+01,3.203627707651550693e-01
2.000000000000000000e+00,6.800000000000000000e+01,3.203627707651550693e-01
2.000000000000000000e+00,6.900000000000000000e+01,3.203627707651550693e-01
2.000000000000000000e+00,7.000000000000000000e+01,3.203627707651550693e-01
2.000000000000000000e+00,7.100000000000000000e+01,3.203627707651550693e-01
2.000000000000000000e+00,7.200000000000000000e+01,3.203627707651550693e-01
2.000000000000000000e+00,7.300000000000000000e+01,3.203627707651550693e-01
2.000000000000000000e+00,7.400000000000000000e+01,3.203627707651550693e-01
2.000000000000000000e+00,7.500000000000000000e+01,3.203627707651550693e-01
2.000000000000000000e+00,7.600000000000000000e+01,3.203627707651550693e-01
2.000000000000000000e+00,7.700000000000000000e+01,3.203627707651550693e-01
2.000000000000000000e+00,7.800000000000000000e+01,3.203627707651550693e-01
2.000000000000000000e+00,7.900000000000000000e+01,3.203627707651550693e-01
2.000000000000000000e+00,8.000000000000000000e+01,3.203627707651550693e-01
2.000000000000000000e+00,8.100000000000000000e+01,3.203627707651550693e-01
2.000000000000000000e+00,8.200000000000000000e+01,3.203627707651550693e-01
2.000000000000000000e+00,8.300000000000000000e+01,3.203627707651550693e-01
2.000000000000000000e+00,8.400000000000000000e+01,3.203627707651550693e-01
2.000000000000000000e+00,8.500000000000000000e+01,3.203627707651550693e-01
2.000000000000000000e+00,8.600000000000000000e+01,3.203627707651550693e-01
2.000000000000000000e+00,8.700000000000000000e+01,3.203627707651550693e-01
2.000000000000000000e+00,8.800000000000000000e+01,3.203627707651550693e-01
2.000000000000000000e+00,8.900000000000000000e+01,3.203627707651550693e-01
2.000000000000000000e+00,9.000000000000000000e+01,3.203627707651550693e-01
2.000000000000000000e+00,9.100000000000000000e+01,3.203627707651550693e-01
2.000000000000000000e+00,9.200000000000000000e+01,3.203627707651550693e-01
2.000000000000000000e+00,9.300000000000000000e+01,3.203627707651550693e-01
2.000000000000000000e+00,9.400000000000000000e+01,3.203627707651550693e-01
2.000000000000000000e+00,9.500000000000000000e+01,3.203627707651550693e-01
2.000000000000000000e+00,9.600000000000000000e+01,3.203627707651550693e-01
2.000000000000000000e+00,9.700000000000000000e+01,3.203627707651550693e-01
2.000000000000000000e+00,9.800000000000000000e+01,3.203627707651550693e-01
2.000000000000000000e+00,9.900000000000000000e+01,3.203627707651550693e-01
2.000000000000000000e+00,1.000000000000000000e+02,3.203627707651550693e-01
3.000000000000000000e+00,0.000000000000000000e+00,3.817918341904316670e-01
3.000000000000000000e+00,1.000000000000000000e+00,3.722989558983949010e-01
3.000000000000000000e+00,2.000000000000000000e+00,3.722033037244819043e-01
3.000000000000000000e+00,3.000000000000000000e+00,3.644564594047062234e-01
3.000000000000000000e+00,4.000000000000000000e+00,3.644564594047062234e-01
3.000000000000000000e+00,5.000000000000000000e+00,3.588736637057815537e-01
3.000000000000000000e+00,6.000000000000000000e+00,3.588736637057815537e-01
3.000000000000000000e+00,7.000000000000000000e+00,3.573188249961040119e-01
3.000000000000000000e+00,8.000000000000000000e+00,3.508144771700171805e-01
3.000000000000000000e+00,9.000000000000000000e+00,3.508144771700171805e-01
3.000000000000000000e+00,1.000000000000000000e+01,3.508144771700171805e-01
3.000000000000000000e+00,1.100000000000000000e+01,3.508144771700171805e-01
3.000000000000000000e+00,1.200000000000000000e+01,3.508144771700171805e-01
3.000000000000000000e+00,1.300000000000000000e+01,3.482201028517999397e-01
3.000000000000000000e+00,1.400000000000000000e+01,3.459722767648432673e-01
3.000000000000000000e+00,1.500000000000000000e+01,3.459722767648432673e-01
3.000000000000000000e+00,1.600000000000000000e+01,3.417755649057191980e-01
3.000000000000000000e+00,1.700000000000000000e+01,3.417755649057191980e-01
3.000000000000000000e+00,1.800000000000000000e+01,3.417755649057191980e-01
3.000000000000000000e+00,1.900000000000000000e+01,3.417755649057191980e-01
3.000000000000000000e+00,2.000000000000000000e+01,3.417755649057191980e-01
3.000000000000000000e+00,2.100000000000000000e+01,3.417755649057191980e-01
3.000000000000000000e+00,2.200000000000000000e+01,3.417755649057191980e-01
3.000000000000000000e+00,2.300000000000000000e+01,3.417755649057191980e-01
3.000000000000000000e+00,2.400000000000000000e+01,3.417755649057191980e-01
3.000000000000000000e+00,2.500000000000000000e+01,3.417755649057191980e-01
3.000000000000000000e+00,2.600000000000000000e+01,3.417755649057191980e-01
3.000000000000000000e+00,2.700000000000000000e+01,3.417755649057191980e-01
3.000000000000000000e+00,2.800000000000000000e+01,3.417755649057191980e-01
3.000000000000000000e+00,2.900000000000000000e+01,3.417755649057191980e-01
3.000000000000000000e+00,3.000000000000000000e+01,3.417755649057191980e-01
3.000000000000000000e+00,3.100000000000000000e+01,3.417755649057191980e-01
3.000000000000000000e+00,3.200000000000000000e+01,3.417755649057191980e-01
3.000000000000000000e+00,3.300000000000000000e+01,3.417755649057191980e-01
3.000000000000000000e+00,3.400000000000000000e+01,3.417755649057191980e-01
3.000000000000000000e+00,3.500000000000000000e+01,3.417755649057191980e-01
3.000000000000000000e+00,3.600000000000000000e+01,3.417755649057191980e-01
3.000000000000000000e+00,3.700000000000000000e+01,3.417755649057191980e-01
3.000000000000000000e+00,3.800000000000000000e+01,3.417755649057191980e-01
3.000000000000000000e+00,3.900000000000000000e+01,3.417755649057191980e-01
3.000000000000000000e+00,4.000000000000000000e+01,3.417755649057191980e-01
3.000000000000000000e+00,4.100000000000000000e+01,3.417755649057191980e-01
3.000000000000000000e+00,4.200000000000000000e+01,3.417755649057191980e-01
3.000000000000000000e+00,4.300000000000000000e+01,3.417755649057191980e-01
3.000000000000000000e+00,4.400000000000000000e+01,3.417755649057191980e-01
3.000000000000000000e+00,4.500000000000000000e+01,3.382732585320242791e-01
3.000000000000000000e+00,4.600000000000000000e+01,3.382732585320242791e-01
3.000000000000000000e+00,4.700000000000000000e+01,3.361210846189808255e-01
3.000000000000000000e+00,4.800000000000000000e+01,3.361210846189808255e-01
3.000000000000000000e+00,4.900000000000000000e+01,3.361210846189808255e-01
3.000000000000000000e+00,5.000000000000000000e+01,3.359297802711546099e-01
3.000000000000000000e+00,5.100000000000000000e+01,3.359297802711546099e-01
3.000000000000000000e+00,5.200000000000000000e+01,3.359297802711546099e-01
3.000000000000000000e+00,5.300000000000000000e+01,3.359297802711546099e-01
3.000000000000000000e+00,5.400000000000000000e+01,3.359297802711546099e-01
3.000000000000000000e+00,5.500000000000000000e+01,3.359297802711546099e-01
3.000000000000000000e+00,5.600000000000000000e+01,3.314940470624901936e-01
3.000000000000000000e+00,5.700000000000000000e+01,3.314940470624901936e-01
3.000000000000000000e+00,5.800000000000000000e+01,3.314940470624901936e-01
3.000000000000000000e+00,5.900000000000000000e+01,3.314940470624901936e-01
3.000000000000000000e+00,6.000000000000000000e+01,3.314940470624901936e-01
3.000000000000000000e+00,6.100000000000000000e+01,3.314940470624901936e-01
3.000000000000000000e+00,6.200000000000000000e+01,3.314940470624901936e-01
3.000000000000000000e+00,6.300000000000000000e+01,3.314940470624901936e-01
3.000000000000000000e+00,6.400000000000000000e+01,3.314940470624901936e-01
3.000000000000000000e+00,6.500000000000000000e+01,3.314940470624901936e-01
3.000000000000000000e+00,6.600000000000000000e+01,3.314940470624901936e-01
3.000000000000000000e+00,6.700000000000000000e+01,3.314940470624901936e-01
3.000000000000000000e+00,6.800000000000000000e+01,3.310637213651239086e-01
3.000000000000000000e+00,6.900000000000000000e+01,3.310637213651239086e-01
3.000000000000000000e+00,7.000000000000000000e+01,3.310637213651239086e-01
3.000000000000000000e+00,7.100000000000000000e+01,3.310637213651239086e-01
3.000000000000000000e+00,7.200000000000000000e+01,3.310637213651239086e-01
3.000000000000000000e+00,7.300000000000000000e+01,3.310637213651239086e-01
3.000000000000000000e+00,7.400000000000000000e+01,3.310637213651239086e-01
3.000000000000000000e+00,7.500000000000000000e+01,3.310637213651239086e-01
3.000000000000000000e+00,7.600000000000000000e+01,3.310637213651239086e-01
3.000000000000000000e+00,7.700000000000000000e+01,3.310637213651239086e-01
3.000000000000000000e+00,7.800000000000000000e+01,3.310040205703599914e-01
3.000000000000000000e+00,7.900000000000000000e+01,3.310040205703599914e-01
3.000000000000000000e+00,8.000000000000000000e+01,3.268431510051424960e-01
3.000000000000000000e+00,8.100000000000000000e+01,3.268431510051424960e-01
3.000000000000000000e+00,8.200000000000000000e+01,3.268431510051424960e-01
3.000000000000000000e+00,8.300000000000000000e+01,3.268431510051424960e-01
3.000000000000000000e+00,8.400000000000000000e+01,3.268431510051424960e-01
3.000000000000000000e+00,8.500000000000000000e+01,3.268431510051424960e-01
3.000000000000000000e+00,8.600000000000000000e+01,3.268431510051424960e-01
3.000000000000000000e+00,8.700000000000000000e+01,3.268431510051424960e-01
3.000000000000000000e+00,8.800000000000000000e+01,3.268431510051424960e-01
3.000000000000000000e+00,8.900000000000000000e+01,3.268431510051424960e-01
3.000000000000000000e+00,9.000000000000000000e+01,3.268431510051424960e-01
3.000000000000000000e+00,9.100000000000000000e+01,3.268431510051424960e-01
3.000000000000000000e+00,9.200000000000000000e+01,3.268431510051424960e-01
3.000000000000000000e+00,9.300000000000000000e+01,3.268431510051424960e-01
3.000000000000000000e+00,9.400000000000000000e+01,3.268431510051424960e-01
3.000000000000000000e+00,9.500000000000000000e+01,3.268431510051424960e-01
3.000000000000000000e+00,9.600000000000000000e+01,3.268431510051424960e-01
3.000000000000000000e+00,9.700000000000000000e+01,3.268431510051424960e-01
3.000000000000000000e+00,9.800000000000000000e+01,3.268431510051424960e-01
3.000000000000000000e+00,9.900000000000000000e+01,3.268431510051424960e-01
3.000000000000000000e+00,1.000000000000000000e+02,3.268431510051424960e-01
4.000000000000000000e+00,0.000000000000000000e+00,3.686636278634876085e-01
4.000000000000000000e+00,1.000000000000000000e+00,3.686636278634876085e-01
4.000000000000000000e+00,2.000000000000000000e+00,3.686636278634876085e-01
4.000000000000000000e+00,3.000000000000000000e+00,3.686636278634876085e-01
4.000000000000000000e+00,4.000000000000000000e+00,3.686636278634876085e-01
4.000000000000000000e+00,5.000000000000000000e+00,3.686636278634876085e-01
4.000000000000000000e+00,6.000000000000000000e+00,3.686636278634876085e-01
4.000000000000000000e+00,7.000000000000000000e+00,3.686636278634876085e-01
4.000000000000000000e+00,8.000000000000000000e+00,3.531218949664952644e-01
4.000000000000000000e+00,9.000000000000000000e+00,3.531218949664952644e-01
4.000000000000000000e+00,1.000000000000000000e+01,3.531218949664952644e-01
4.000000000000000000e+00,1.100000000000000000e+01,3.531218949664952644e-01
4.000000000000000000e+00,1.200000000000000000e+01,3.531218949664952644e-01
4.000000000000000000e+00,1.300000000000000000e+01,3.531218949664952644e-01
4.000000000000000000e+00,1.400000000000000000e+01,3.531218949664952644e-01
4.000000000000000000e+00,1.500000000000000000e+01,3.531218949664952644e-01
4.000000000000000000e+00,1.600000000000000000e+01,3.531218949664952644e-01
4.000000000000000000e+00,1.700000000000000000e+01,3.531218949664952644e-01
4.000000000000000000e+00,1.800000000000000000e+01,3.507665419978182597e-01
4.000000000000000000e+00,1.900000000000000000e+01,3.507665419978182597e-01
4.000000000000000000e+00,2.000000000000000000e+01,3.507665419978182597e-01
4.000000000000000000e+00,2.100000000000000000e+01,3.507665419978182597e-01
4.000000000000000000e+00,2.200000000000000000e+01,3.507665419978182597e-01
4.000000000000000000e+00,2.300000000000000000e+01,3.507665419978182597e-01
4.000000000000000000e+00,2.400000000000000000e+01,3.507665419978182597e-01
4.000000000000000000e+00,2.500000000000000000e+01,3.507665419978182597e-01
4.000000000000000000e+00,2.600000000000000000e+01,3.507665419978182597e-01
4.000000000000000000e+00,2.700000000000000000e+01,3.507665419978182597e-01
4.000000000000000000e+00,2.800000000000000000e+01,3.507665419978182597e-01
4.000000000000000000e+00,2.900000000000000000e+01,3.507665419978182597e-01
4.000000000000000000e+00,3.000000000000000000e+01,3.507665419978182597e-01
4.000000000000000000e+00,3.100000000000000000e+01,3.457213807074956957e-01
4.000000000000000000e+00,3.200000000000000000e+01,3.457213807074956957e-01
4.000000000000000000e+00,3.300000000000000000e+01,3.457213807074956957e-01
4.000000000000000000e+00,3.400000000000000000e+01,3.435213807074956049e-01
4.000000000000000000e+00,3.500000000000000000e+01,3.435213807074956049e-01
4.000000000000000000e+00,3.600000000000000000e+01,3.435213807074956049e-01
4.000000000000000000e+00,3.700000000000000000e+01,3.435213807074956049e-01
4.000000000000000000e+00,3.800000000000000000e+01,3.435213807074956049e-01
4.000000000000000000e+00,3.900000000000000000e+01,3.431749415614772647e-01
4.000000000000000000e+00,4.000000000000000000e+01,3.431749415614772647e-01
4.000000000000000000e+00,4.100000000000000000e+01,3.431749415614772647e-01
4.000000000000000000e+00,4.200000000000000000e+01,3.389184198223468836e-01
4.000000000000000000e+00,4.300000000000000000e+01,3.389184198223468836e-01
4.000000000000000000e+00,4.400000000000000000e+01,3.389184198223468836e-01
4.000000000000000000e+00,4.500000000000000000e+01,3.366705937353903222e-01
4.000000000000000000e+00,4.600000000000000000e+01,3.366705937353903222e-01
4.000000000000000000e+00,4.700000000000000000e+01,3.366705937353903222e-01
4.000000000000000000e+00,4.800000000000000000e+01,3.366705937353903222e-01
4.000000000000000000e+00,4.900000000000000000e+01,3.366705937353903222e-01
4.000000000000000000e+00,5.000000000000000000e+01,3.366705937353903222e-01
4.000000000000000000e+00,5.100000000000000000e+01,3.366705937353903222e-01
4.000000000000000000e+00,5.200000000000000000e+01,3.337774972728689837e-01
4.000000000000000000e+00,5.300000000000000000e+01,3.337774972728689837e-01
4.000000000000000000e+00,5.400000000000000000e+01,3.317209755337384713e-01
4.000000000000000000e+00,5.500000000000000000e+01,3.317209755337384713e-01
4.000000000000000000e+00,5.600000000000000000e+01,3.317209755337384713e-01
4.000000000000000000e+00,5.700000000000000000e+01,3.317209755337384713e-01
4.000000000000000000e+00,5.800000000000000000e+01,3.317209755337384713e-01
4.000000000000000000e+00,5.900000000000000000e+01,3.291385850085709053e-01
4.000000000000000000e+00,6.000000000000000000e+01,3.291385850085709053e-01
4.000000000000000000e+00,6.100000000000000000e+01,3.291385850085709053e-01
4.000000000000000000e+00,6.200000000000000000e+01,3.291385850085709053e-01
4.000000000000000000e+00,6.300000000000000000e+01,3.291385850085709053e-01
4.000000000000000000e+00,6.400000000000000000e+01,3.291385850085709053e-01
4.000000000000000000e+00,6.500000000000000000e+01,3.291385850085709053e-01
4.000000000000000000e+00,6.600000000000000000e+01,3.291385850085709053e-01
4.000000000000000000e+00,6.700000000000000000e+01,3.291385850085709053e-01
4.000000000000000000e+00,6.800000000000000000e+01,3.291385850085709053e-01
4.000000000000000000e+00,6.900000000000000000e+01,3.291385850085709053e-01
4.000000000000000000e+00,7.000000000000000000e+01,3.291385850085709053e-01
4.000000000000000000e+00,7.100000000000000000e+01,3.291385850085709053e-01
4.000000000000000000e+00,7.200000000000000000e+01,3.291385850085709053e-01
4.000000000000000000e+00,7.300000000000000000e+01,3.291385850085709053e-01
4.000000000000000000e+00,7.400000000000000000e+01,3.291385850085709053e-01
4.000000000000000000e+00,7.500000000000000000e+01,3.291385850085709053e-01
4.000000000000000000e+00,7.600000000000000000e+01,3.291385850085709053e-01
4.000000000000000000e+00,7.700000000000000000e+01,3.291385850085709053e-01
4.000000000000000000e+00,7.800000000000000000e+01,3.291385850085709053e-01
4.000000000000000000e+00,7.900000000000000000e+01,3.291385850085709053e-01
4.000000000000000000e+00,8.000000000000000000e+01,3.291385850085709053e-01
4.000000000000000000e+00,8.100000000000000000e+01,3.291385850085709053e-01
4.000000000000000000e+00,8.200000000000000000e+01,3.291385850085709053e-01
4.000000000000000000e+00,8.300000000000000000e+01,3.291385850085709053e-01
4.000000000000000000e+00,8.400000000000000000e+01,3.291385850085709053e-01
4.000000000000000000e+00,8.500000000000000000e+01,3.291385850085709053e-01
4.000000000000000000e+00,8.600000000000000000e+01,3.291385850085709053e-01
4.000000000000000000e+00,8.700000000000000000e+01,3.291385850085709053e-01
4.000000000000000000e+00,8.800000000000000000e+01,3.291385850085709053e-01
4.000000000000000000e+00,8.900000000000000000e+01,3.291385850085709053e-01
4.000000000000000000e+00,9.000000000000000000e+01,3.291385850085709053e-01
4.000000000000000000e+00,9.100000000000000000e+01,3.291385850085709053e-01
4.000000000000000000e+00,9.200000000000000000e+01,3.291385850085709053e-01
4.000000000000000000e+00,9.300000000000000000e+01,3.291385850085709053e-01
4.000000000000000000e+00,9.400000000000000000e+01,3.291385850085709053e-01
4.000000000000000000e+00,9.500000000000000000e+01,3.291385850085709053e-01
4.000000000000000000e+00,9.600000000000000000e+01,3.291385850085709053e-01
4.000000000000000000e+00,9.700000000000000000e+01,3.291385850085709053e-01
4.000000000000000000e+00,9.800000000000000000e+01,3.291385850085709053e-01
4.000000000000000000e+00,9.900000000000000000e+01,3.291385850085709053e-01
4.000000000000000000e+00,1.000000000000000000e+02,3.291385850085709053e-01
5.000000000000000000e+00,0.000000000000000000e+00,3.834301231104876306e-01
5.000000000000000000e+00,1.000000000000000000e+00,3.786119993766557390e-01
5.000000000000000000e+00,2.000000000000000000e+00,3.739252610254012454e-01
5.000000000000000000e+00,3.000000000000000000e+00,3.720600436340968376e-01
5.000000000000000000e+00,4.000000000000000000e+00,3.551906186691599632e-01
5.000000000000000000e+00,5.000000000000000000e+00,3.551427925822034926e-01
5.000000000000000000e+00,6.000000000000000000e+00,3.527993143213338789e-01
5.000000000000000000e+00,7.000000000000000000e+00,3.454227676484339371e-01
5.000000000000000000e+00,8.000000000000000000e+00,3.404851332398316499e-01
5.000000000000000000e+00,9.000000000000000000e+00,3.404851332398316499e-01
5.000000000000000000e+00,1.000000000000000000e+01,3.362287205859435524e-01
5.000000000000000000e+00,1.100000000000000000e+01,3.362287205859435524e-01
5.000000000000000000e+00,1.200000000000000000e+01,3.362287205859435524e-01
5.000000000000000000e+00,1.300000000000000000e+01,3.334789932990493422e-01
5.000000000000000000e+00,1.400000000000000000e+01,3.333593735390368851e-01
5.000000000000000000e+00,1.500000000000000000e+01,3.333593735390368851e-01
5.000000000000000000e+00,1.600000000000000000e+01,3.333593735390368851e-01
5.000000000000000000e+00,1.700000000000000000e+01,3.245714664173288688e-01
5.000000000000000000e+00,1.800000000000000000e+01,3.245714664173288688e-01
5.000000000000000000e+00,1.900000000000000000e+01,3.245714664173288688e-01
5.000000000000000000e+00,2.000000000000000000e+01,3.181627707651550341e-01
5.000000000000000000e+00,2.100000000000000000e+01,3.181627707651550341e-01
5.000000000000000000e+00,2.200000000000000000e+01,3.181627707651550341e-01
5.000000000000000000e+00,2.300000000000000000e+01,3.178758142434158773e-01
5.000000000000000000e+00,2.400000000000000000e+01,3.178758142434158773e-01
5.000000000000000000e+00,2.500000000000000000e+01,3.178758142434158773e-01
5.000000000000000000e+00,2.600000000000000000e+01,3.178758142434158773e-01
5.000000000000000000e+00,2.700000000000000000e+01,3.178758142434158773e-01
5.000000000000000000e+00,2.800000000000000000e+01,3.178758142434158773e-01
5.000000000000000000e+00,2.900000000000000000e+01,3.178758142434158773e-01
5.000000000000000000e+00,3.000000000000000000e+01,3.178758142434158773e-01
5.000000000000000000e+00,3.100000000000000000e+01,3.178758142434158773e-01
5.000000000000000000e+00,3.200000000000000000e+01,3.178758142434158773e-01
5.000000000000000000e+00,3.300000000000000000e+01,3.178758142434158773e-01
5.000000000000000000e+00,3.400000000000000000e+01,3.178758142434158773e-01
5.000000000000000000e+00,3.500000000000000000e+01,3.178758142434158773e-01
5.000000000000000000e+00,3.600000000000000000e+01,3.178758142434158773e-01
5.000000000000000000e+00,3.700000000000000000e+01,3.178758142434158773e-01
5.000000000000000000e+00,3.800000000000000000e+01,3.157954340034285212e-01
5.000000000000000000e+00,3.900000000000000000e+01,3.157954340034285212e-01
5.000000000000000000e+00,4.000000000000000000e+01,3.157954340034285212e-01
5.000000000000000000e+00,4.100000000000000000e+01,3.157954340034285212e-01
5.000000000000000000e+00,4.200000000000000000e+01,3.157954340034285212e-01
5.000000000000000000e+00,4.300000000000000000e+01,3.112639395356084915e-01
5.000000000000000000e+00,4.400000000000000000e+01,3.112639395356084915e-01
5.000000000000000000e+00,4.500000000000000000e+01,3.112639395356084915e-01
5.000000000000000000e+00,4.600000000000000000e+01,3.112639395356084915e-01
5.000000000000000000e+00,4.700000000000000000e+01,3.112639395356084915e-01
5.000000000000000000e+00,4.800000000000000000e+01,3.112639395356084915e-01
5.000000000000000000e+00,4.900000000000000000e+01,3.112639395356084915e-01
5.000000000000000000e+00,5.000000000000000000e+01,3.112639395356084915e-01
5.000000000000000000e+00,5.100000000000000000e+01,3.112639395356084915e-01
5.000000000000000000e+00,5.200000000000000000e+01,3.112639395356084915e-01
5.000000000000000000e+00,5.300000000000000000e+01,3.112639395356084915e-01
5.000000000000000000e+00,5.400000000000000000e+01,3.112639395356084915e-01
5.000000000000000000e+00,5.500000000000000000e+01,3.112639395356084915e-01
5.000000000000000000e+00,5.600000000000000000e+01,3.112639395356084915e-01
5.000000000000000000e+00,5.700000000000000000e+01,3.112639395356084915e-01
5.000000000000000000e+00,5.800000000000000000e+01,3.112639395356084915e-01
5.000000000000000000e+00,5.900000000000000000e+01,3.112639395356084915e-01
5.000000000000000000e+00,6.000000000000000000e+01,3.112639395356084915e-01
5.000000000000000000e+00,6.100000000000000000e+01,3.112639395356084915e-01
5.000000000000000000e+00,6.200000000000000000e+01,3.112639395356084915e-01
5.000000000000000000e+00,6.300000000000000000e+01,3.112639395356084915e-01
5.000000000000000000e+00,6.400000000000000000e+01,3.112639395356084915e-01
5.000000000000000000e+00,6.500000000000000000e+01,3.112639395356084915e-01
5.000000000000000000e+00,6.600000000000000000e+01,3.112639395356084915e-01
5.000000000000000000e+00,6.700000000000000000e+01,3.112639395356084915e-01
5.000000000000000000e+00,6.800000000000000000e+01,3.112639395356084915e-01
5.000000000000000000e+00,6.900000000000000000e+01,3.112639395356084915e-01
5.000000000000000000e+00,7.000000000000000000e+01,3.112639395356084915e-01
5.000000000000000000e+00,7.100000000000000000e+01,3.112639395356084915e-01
5.000000000000000000e+00,7.200000000000000000e+01,3.112639395356084915e-01
5.000000000000000000e+00,7.300000000000000000e+01,3.112639395356084915e-01
5.000000000000000000e+00,7.400000000000000000e+01,3.112639395356084915e-01
5.000000000000000000e+00,7.500000000000000000e+01,3.112639395356084915e-01
5.000000000000000000e+00,7.600000000000000000e+01,3.112639395356084915e-01
5.000000000000000000e+00,7.700000000000000000e+01,3.112639395356084915e-01
5.000000000000000000e+00,7.800000000000000000e+01,3.112639395356084915e-01
5.000000000000000000e+00,7.900000000000000000e+01,3.112639395356084915e-01
5.000000000000000000e+00,8.000000000000000000e+01,3.112639395356084915e-01
5.000000000000000000e+00,8.100000000000000000e+01,3.112639395356084915e-01
5.000000000000000000e+00,8.200000000000000000e+01,3.112639395356084915e-01
5.000000000000000000e+00,8.300000000000000000e+01,3.112639395356084915e-01
5.000000000000000000e+00,8.400000000000000000e+01,3.112639395356084915e-01
5.000000000000000000e+00,8.500000000000000000e+01,3.112639395356084915e-01
5.000000000000000000e+00,8.600000000000000000e+01,3.112639395356084915e-01
5.000000000000000000e+00,8.700000000000000000e+01,3.112639395356084915e-01
5.000000000000000000e+00,8.800000000000000000e+01,3.112639395356084915e-01
5.000000000000000000e+00,8.900000000000000000e+01,3.112639395356084915e-01
5.000000000000000000e+00,9.000000000000000000e+01,3.112639395356084915e-01
5.000000000000000000e+00,9.100000000000000000e+01,3.112639395356084915e-01
5.000000000000000000e+00,9.200000000000000000e+01,3.112639395356084915e-01
5.000000000000000000e+00,9.300000000000000000e+01,3.112639395356084915e-01
5.000000000000000000e+00,9.400000000000000000e+01,3.112639395356084915e-01
5.000000000000000000e+00,9.500000000000000000e+01,3.112639395356084915e-01
5.000000000000000000e+00,9.600000000000000000e+01,3.112639395356084915e-01
5.000000000000000000e+00,9.700000000000000000e+01,3.112639395356084915e-01
5.000000000000000000e+00,9.800000000000000000e+01,3.112639395356084915e-01
5.000000000000000000e+00,9.900000000000000000e+01,3.112639395356084915e-01
5.000000000000000000e+00,1.000000000000000000e+02,3.112639395356084915e-01
6.000000000000000000e+00,0.000000000000000000e+00,3.789227053140096779e-01
6.000000000000000000e+00,1.000000000000000000e+00,3.728364812217546120e-01
6.000000000000000000e+00,2.000000000000000000e+00,3.573785257908680402e-01
6.000000000000000000e+00,3.000000000000000000e+00,3.502049400031166382e-01
6.000000000000000000e+00,4.000000000000000000e+00,3.438918965248557447e-01
6.000000000000000000e+00,5.000000000000000000e+00,3.281574411718872764e-01
6.000000000000000000e+00,6.000000000000000000e+00,3.281574411718872764e-01
6.000000000000000000e+00,7.000000000000000000e+00,3.257064360292971639e-01
6.000000000000000000e+00,8.000000000000000000e+00,3.257064360292971639e-01
6.000000000000000000e+00,9.000000000000000000e+00,3.227777154433534856e-01
6.000000000000000000e+00,1.000000000000000000e+01,3.191305127006388576e-01
6.000000000000000000e+00,1.100000000000000000e+01,3.186046439146017484e-01
6.000000000000000000e+00,1.200000000000000000e+01,3.186046439146017484e-01
6.000000000000000000e+00,1.300000000000000000e+01,3.186046439146017484e-01
6.000000000000000000e+00,1.400000000000000000e+01,3.186046439146017484e-01
6.000000000000000000e+00,1.500000000000000000e+01,3.186046439146017484e-01
6.000000000000000000e+00,1.600000000000000000e+01,3.186046439146017484e-01
6.000000000000000000e+00,1.700000000000000000e+01,3.186046439146017484e-01
6.000000000000000000e+00,1.800000000000000000e+01,3.186046439146017484e-01
6.000000000000000000e+00,1.900000000000000000e+01,3.186046439146017484e-01
6.000000000000000000e+00,2.000000000000000000e+01,3.186046439146017484e-01
6.000000000000000000e+00,2.100000000000000000e+01,3.186046439146017484e-01
6.000000000000000000e+00,2.200000000000000000e+01,3.185807854137446826e-01
6.000000000000000000e+00,2.300000000000000000e+01,3.185807854137446826e-01
6.000000000000000000e+00,2.400000000000000000e+01,3.185807854137446826e-01
6.000000000000000000e+00,2.500000000000000000e+01,3.185807854137446826e-01
6.000000000000000000e+00,2.600000000000000000e+01,3.160221443041919542e-01
6.000000000000000000e+00,2.700000000000000000e+01,3.160221443041919542e-01
6.000000000000000000e+00,2.800000000000000000e+01,3.142047529998440170e-01
6.000000000000000000e+00,2.900000000000000000e+01,3.140134486520179125e-01
6.000000000000000000e+00,3.000000000000000000e+01,3.140134486520179125e-01
6.000000000000000000e+00,3.100000000000000000e+01,3.140134486520179125e-01
6.000000000000000000e+00,3.200000000000000000e+01,3.140134486520179125e-01
6.000000000000000000e+00,3.300000000000000000e+01,3.140134486520179125e-01
6.000000000000000000e+00,3.400000000000000000e+01,3.140134486520179125e-01
6.000000000000000000e+00,3.500000000000000000e+01,3.140134486520179125e-01
6.000000000000000000e+00,3.600000000000000000e+01,3.140134486520179125e-01
6.000000000000000000e+00,3.700000000000000000e+01,3.140134486520179125e-01
6.000000000000000000e+00,3.800000000000000000e+01,3.140134486520179125e-01
6.000000000000000000e+00,3.900000000000000000e+01,3.140134486520179125e-01
6.000000000000000000e+00,4.000000000000000000e+01,3.140134486520179125e-01
6.000000000000000000e+00,4.100000000000000000e+01,3.140134486520179125e-01
6.000000000000000000e+00,4.200000000000000000e+01,3.140134486520179125e-01
6.000000000000000000e+00,4.300000000000000000e+01,3.119569269128875666e-01
6.000000000000000000e+00,4.400000000000000000e+01,3.119569269128875666e-01
6.000000000000000000e+00,4.500000000000000000e+01,3.119569269128875666e-01
6.000000000000000000e+00,4.600000000000000000e+01,3.119569269128875666e-01
6.000000000000000000e+00,4.700000000000000000e+01,3.119569269128875666e-01
6.000000000000000000e+00,4.800000000000000000e+01,3.119569269128875666e-01
6.000000000000000000e+00,4.900000000000000000e+01,3.119569269128875666e-01
6.000000000000000000e+00,5.000000000000000000e+01,3.119569269128875666e-01
6.000000000000000000e+00,5.100000000000000000e+01,3.119569269128875666e-01
6.000000000000000000e+00,5.200000000000000000e+01,3.119569269128875666e-01
6.000000000000000000e+00,5.300000000000000000e+01,3.119569269128875666e-01
6.000000000000000000e+00,5.400000000000000000e+01,3.119569269128875666e-01
6.000000000000000000e+00,5.500000000000000000e+01,3.119569269128875666e-01
6.000000000000000000e+00,5.600000000000000000e+01,3.119569269128875666e-01
6.000000000000000000e+00,5.700000000000000000e+01,3.119569269128875666e-01
6.000000000000000000e+00,5.800000000000000000e+01,3.119569269128875666e-01
6.000000000000000000e+00,5.900000000000000000e+01,3.119569269128875666e-01
6.000000000000000000e+00,6.000000000000000000e+01,3.119569269128875666e-01
6.000000000000000000e+00,6.100000000000000000e+01,3.119569269128875666e-01
6.000000000000000000e+00,6.200000000000000000e+01,3.119569269128875666e-01
6.000000000000000000e+00,6.300000000000000000e+01,3.119569269128875666e-01
6.000000000000000000e+00,6.400000000000000000e+01,3.119569269128875666e-01
6.000000000000000000e+00,6.500000000000000000e+01,3.119569269128875666e-01
6.000000000000000000e+00,6.600000000000000000e+01,3.119569269128875666e-01
6.000000000000000000e+00,6.700000000000000000e+01,3.119569269128875666e-01
6.000000000000000000e+00,6.800000000000000000e+01,3.119569269128875666e-01
6.000000000000000000e+00,6.900000000000000000e+01,3.119569269128875666e-01
6.000000000000000000e+00,7.000000000000000000e+01,3.119569269128875666e-01
6.000000000000000000e+00,7.100000000000000000e+01,3.119569269128875666e-01
6.000000000000000000e+00,7.200000000000000000e+01,3.119569269128875666e-01
6.000000000000000000e+00,7.300000000000000000e+01,3.119569269128875666e-01
6.000000000000000000e+00,7.400000000000000000e+01,3.119569269128875666e-01
6.000000000000000000e+00,7.500000000000000000e+01,3.119569269128875666e-01
6.000000000000000000e+00,7.600000000000000000e+01,3.119569269128875666e-01
6.000000000000000000e+00,7.700000000000000000e+01,3.119569269128875666e-01
6.000000000000000000e+00,7.800000000000000000e+01,3.119569269128875666e-01
6.000000000000000000e+00,7.900000000000000000e+01,3.119569269128875666e-01
6.000000000000000000e+00,8.000000000000000000e+01,3.119569269128875666e-01
6.000000000000000000e+00,8.100000000000000000e+01,3.119569269128875666e-01
6.000000000000000000e+00,8.200000000000000000e+01,3.119569269128875666e-01
6.000000000000000000e+00,8.300000000000000000e+01,3.119569269128875666e-01
6.000000000000000000e+00,8.400000000000000000e+01,3.119569269128875666e-01
6.000000000000000000e+00,8.500000000000000000e+01,3.119569269128875666e-01
6.000000000000000000e+00,8.600000000000000000e+01,3.119569269128875666e-01
6.000000000000000000e+00,8.700000000000000000e+01,3.119569269128875666e-01
6.000000000000000000e+00,8.800000000000000000e+01,3.119569269128875666e-01
6.000000000000000000e+00,8.900000000000000000e+01,3.119569269128875666e-01
6.000000000000000000e+00,9.000000000000000000e+01,3.119569269128875666e-01
6.000000000000000000e+00,9.100000000000000000e+01,3.119569269128875666e-01
6.000000000000000000e+00,9.200000000000000000e+01,3.119569269128875666e-01
6.000000000000000000e+00,9.300000000000000000e+01,3.119569269128875666e-01
6.000000000000000000e+00,9.400000000000000000e+01,3.119569269128875666e-01
6.000000000000000000e+00,9.500000000000000000e+01,3.119569269128875666e-01
6.000000000000000000e+00,9.600000000000000000e+01,3.119569269128875666e-01
6.000000000000000000e+00,9.700000000000000000e+01,3.119569269128875666e-01
6.000000000000000000e+00,9.800000000000000000e+01,3.119569269128875666e-01
6.000000000000000000e+00,9.900000000000000000e+01,3.119569269128875666e-01
6.000000000000000000e+00,1.000000000000000000e+02,3.119569269128875666e-01
7.000000000000000000e+00,0.000000000000000000e+00,3.645145239208352761e-01
7.000000000000000000e+00,1.000000000000000000e+00,3.617769985974753633e-01
7.000000000000000000e+00,2.000000000000000000e+00,3.505856942496493045e-01
7.000000000000000000e+00,3.000000000000000000e+00,3.505856942496493045e-01
7.000000000000000000e+00,4.000000000000000000e+00,3.505618357487922387e-01
7.000000000000000000e+00,5.000000000000000000e+00,3.461259934548853168e-01
7.000000000000000000e+00,6.000000000000000000e+00,3.461259934548853168e-01
7.000000000000000000e+00,7.000000000000000000e+00,3.461259934548853168e-01
7.000000000000000000e+00,8.000000000000000000e+00,3.461259934548853168e-01
7.000000000000000000e+00,9.000000000000000000e+00,3.461259934548853168e-01
7.000000000000000000e+00,1.000000000000000000e+01,3.461259934548853168e-01
7.000000000000000000e+00,1.100000000000000000e+01,3.461259934548853168e-01
7.000000000000000000e+00,1.200000000000000000e+01,3.461259934548853168e-01
7.000000000000000000e+00,1.300000000000000000e+01,3.461259934548853168e-01
7.000000000000000000e+00,1.400000000000000000e+01,3.461259934548853168e-01
7.000000000000000000e+00,1.500000000000000000e+01,3.461259934548853168e-01
7.000000000000000000e+00,1.600000000000000000e+01,3.461259934548853168e-01
7.000000000000000000e+00,1.700000000000000000e+01,3.461259934548853168e-01
7.000000000000000000e+00,1.800000000000000000e+01,3.403161601994701968e-01
7.000000000000000000e+00,1.900000000000000000e+01,3.403161601994701968e-01
7.000000000000000000e+00,2.000000000000000000e+01,3.361074645472962308e-01
7.000000000000000000e+00,2.100000000000000000e+01,3.361074645472962308e-01
7.000000000000000000e+00,2.200000000000000000e+01,3.361074645472962308e-01
7.000000000000000000e+00,2.300000000000000000e+01,3.361074645472962308e-01
7.000000000000000000e+00,2.400000000000000000e+01,3.361074645472962308e-01
7.000000000000000000e+00,2.500000000000000000e+01,3.335726819386005126e-01
7.000000000000000000e+00,2.600000000000000000e+01,3.335726819386005126e-01
7.000000000000000000e+00,2.700000000000000000e+01,3.335726819386005126e-01
7.000000000000000000e+00,2.800000000000000000e+01,3.335726819386005126e-01
7.000000000000000000e+00,2.900000000000000000e+01,3.335726819386005126e-01
7.000000000000000000e+00,3.000000000000000000e+01,3.335726819386005126e-01
7.000000000000000000e+00,3.100000000000000000e+01,3.335726819386005126e-01
7.000000000000000000e+00,3.200000000000000000e+01,3.335726819386005126e-01
7.000000000000000000e+00,3.300000000000000000e+01,3.331786348761102690e-01
7.000000000000000000e+00,3.400000000000000000e+01,3.331786348761102690e-01
7.000000000000000000e+00,3.500000000000000000e+01,3.331786348761102690e-01
7.000000000000000000e+00,3.600000000000000000e+01,3.331786348761102690e-01
7.000000000000000000e+00,3.700000000000000000e+01,3.331786348761102690e-01
7.000000000000000000e+00,3.800000000000000000e+01,3.331786348761102690e-01
7.000000000000000000e+00,3.900000000000000000e+01,3.331786348761102690e-01
7.000000000000000000e+00,4.000000000000000000e+01,3.331786348761102690e-01
7.000000000000000000e+00,4.100000000000000000e+01,3.331786348761102690e-01
7.000000000000000000e+00,4.200000000000000000e+01,3.331786348761102690e-01
7.000000000000000000e+00,4.300000000000000000e+01,3.331786348761102690e-01
7.000000000000000000e+00,4.400000000000000000e+01,3.331786348761102690e-01
7.000000000000000000e+00,4.500000000000000000e+01,3.331786348761102690e-01
7.000000000000000000e+00,4.600000000000000000e+01,3.331786348761102690e-01
7.000000000000000000e+00,4.700000000000000000e+01,3.331786348761102690e-01
7.000000000000000000e+00,4.800000000000000000e+01,3.331786348761102690e-01
7.000000000000000000e+00,4.900000000000000000e+01,3.321033660589059466e-01
7.000000000000000000e+00,5.000000000000000000e+01,3.321033660589059466e-01
7.000000000000000000e+00,5.100000000000000000e+01,3.321033660589059466e-01
7.000000000000000000e+00,5.200000000000000000e+01,3.321033660589059466e-01
7.000000000000000000e+00,5.300000000000000000e+01,3.321033660589059466e-01
7.000000000000000000e+00,5.400000000000000000e+01,3.321033660589059466e-01
7.000000000000000000e+00,5.500000000000000000e+01,3.272492909459248644e-01
7.000000000000000000e+00,5.600000000000000000e+01,3.184135577372603776e-01
7.000000000000000000e+00,5.700000000000000000e+01,3.184135577372603776e-01
7.000000000000000000e+00,5.800000000000000000e+01,3.184135577372603776e-01
7.000000000000000000e+00,5.900000000000000000e+01,3.184135577372603776e-01
7.000000000000000000e+00,6.000000000000000000e+01,3.184135577372603776e-01
7.000000000000000000e+00,6.100000000000000000e+01,3.183658407355462461e-01
7.000000000000000000e+00,6.200000000000000000e+01,3.094223624746766377e-01
7.000000000000000000e+00,6.300000000000000000e+01,3.094223624746766377e-01
7.000000000000000000e+00,6.400000000000000000e+01,3.094223624746766377e-01
7.000000000000000000e+00,6.500000000000000000e+01,3.094223624746766377e-01
7.000000000000000000e+00,6.600000000000000000e+01,3.094223624746766377e-01
7.000000000000000000e+00,6.700000000000000000e+01,3.094223624746766377e-01
7.000000000000000000e+00,6.800000000000000000e+01,3.094223624746766377e-01
7.000000000000000000e+00,6.900000000000000000e+01,3.051658407355462566e-01
7.000000000000000000e+00,7.000000000000000000e+01,3.051658407355462566e-01
7.000000000000000000e+00,7.100000000000000000e+01,3.051658407355462566e-01
7.000000000000000000e+00,7.200000000000000000e+01,3.051658407355462566e-01
7.000000000000000000e+00,7.300000000000000000e+01,3.051658407355462566e-01
7.000000000000000000e+00,7.400000000000000000e+01,3.051658407355462566e-01
7.000000000000000000e+00,7.500000000000000000e+01,3.051658407355462566e-01
7.000000000000000000e+00,7.600000000000000000e+01,3.051658407355462566e-01
7.000000000000000000e+00,7.700000000000000000e+01,3.051658407355462566e-01
7.000000000000000000e+00,7.800000000000000000e+01,3.051658407355462566e-01
7.000000000000000000e+00,7.900000000000000000e+01,3.051658407355462566e-01
7.000000000000000000e+00,8.000000000000000000e+01,3.051658407355462566e-01
7.000000000000000000e+00,8.100000000000000000e+01,3.051658407355462566e-01
7.000000000000000000e+00,8.200000000000000000e+01,3.051658407355462566e-01
7.000000000000000000e+00,8.300000000000000000e+01,3.051658407355462566e-01
7.000000000000000000e+00,8.400000000000000000e+01,3.051658407355462566e-01
7.000000000000000000e+00,8.500000000000000000e+01,3.051658407355462566e-01
7.000000000000000000e+00,8.600000000000000000e+01,3.051658407355462566e-01
7.000000000000000000e+00,8.700000000000000000e+01,3.051658407355462566e-01
7.000000000000000000e+00,8.800000000000000000e+01,3.051658407355462566e-01
7.000000000000000000e+00,8.900000000000000000e+01,3.051658407355462566e-01
7.000000000000000000e+00,9.000000000000000000e+01,3.051658407355462566e-01
7.000000000000000000e+00,9.100000000000000000e+01,3.051658407355462566e-01
7.000000000000000000e+00,9.200000000000000000e+01,3.051658407355462566e-01
7.000000000000000000e+00,9.300000000000000000e+01,3.051658407355462566e-01
7.000000000000000000e+00,9.400000000000000000e+01,3.051658407355462566e-01
7.000000000000000000e+00,9.500000000000000000e+01,3.051658407355462566e-01
7.000000000000000000e+00,9.600000000000000000e+01,3.051658407355462566e-01
7.000000000000000000e+00,9.700000000000000000e+01,3.051658407355462566e-01
7.000000000000000000e+00,9.800000000000000000e+01,3.051658407355462566e-01
7.000000000000000000e+00,9.900000000000000000e+01,3.051658407355462566e-01
7.000000000000000000e+00,1.000000000000000000e+02,3.051658407355462566e-01
8.000000000000000000e+00,0.000000000000000000e+00,3.701225962287671978e-01
8.000000000000000000e+00,1.000000000000000000e+00,3.701225962287671978e-01
8.000000000000000000e+00,2.000000000000000000e+00,3.683052049244195381e-01
8.000000000000000000e+00,3.000000000000000000e+00,3.683052049244195381e-01
8.000000000000000000e+00,4.000000000000000000e+00,3.660708898239052322e-01
8.000000000000000000e+00,5.000000000000000000e+00,3.660708898239052322e-01
8.000000000000000000e+00,6.000000000000000000e+00,3.627718715910861480e-01
8.000000000000000000e+00,7.000000000000000000e+00,3.627718715910861480e-01
8.000000000000000000e+00,8.000000000000000000e+00,3.518196976780426088e-01
8.000000000000000000e+00,9.000000000000000000e+00,3.518196976780426088e-01
8.000000000000000000e+00,1.000000000000000000e+01,3.518196976780426088e-01
8.000000000000000000e+00,1.100000000000000000e+01,3.518196976780426088e-01
8.000000000000000000e+00,1.200000000000000000e+01,3.511267103007634782e-01
8.000000000000000000e+00,1.300000000000000000e+01,3.446701885616331729e-01
8.000000000000000000e+00,1.400000000000000000e+01,3.446701885616331729e-01
8.000000000000000000e+00,1.500000000000000000e+01,3.445506778868630549e-01
8.000000000000000000e+00,1.600000000000000000e+01,3.445506778868630549e-01
8.000000000000000000e+00,1.700000000000000000e+01,3.376637213651238478e-01
8.000000000000000000e+00,1.800000000000000000e+01,3.376637213651238478e-01
8.000000000000000000e+00,1.900000000000000000e+01,3.376637213651238478e-01
8.000000000000000000e+00,2.000000000000000000e+01,3.376637213651238478e-01
8.000000000000000000e+00,2.100000000000000000e+01,3.376637213651238478e-01
8.000000000000000000e+00,2.200000000000000000e+01,3.376637213651238478e-01
8.000000000000000000e+00,2.300000000000000000e+01,3.376637213651238478e-01
8.000000000000000000e+00,2.400000000000000000e+01,3.376637213651238478e-01
8.000000000000000000e+00,2.500000000000000000e+01,3.376637213651238478e-01
8.000000000000000000e+00,2.600000000000000000e+01,3.376637213651238478e-01
8.000000000000000000e+00,2.700000000000000000e+01,3.376637213651238478e-01
8.000000000000000000e+00,2.800000000000000000e+01,3.376637213651238478e-01
8.000000000000000000e+00,2.900000000000000000e+01,3.376637213651238478e-01
8.000000000000000000e+00,3.000000000000000000e+01,3.376637213651238478e-01
8.000000000000000000e+00,3.100000000000000000e+01,3.376637213651238478e-01
8.000000000000000000e+00,3.200000000000000000e+01,3.376637213651238478e-01
8.000000000000000000e+00,3.300000000000000000e+01,3.376637213651238478e-01
8.000000000000000000e+00,3.400000000000000000e+01,3.376637213651238478e-01
8.000000000000000000e+00,3.500000000000000000e+01,3.376637213651238478e-01
8.000000000000000000e+00,3.600000000000000000e+01,3.376637213651238478e-01
8.000000000000000000e+00,3.700000000000000000e+01,3.376637213651238478e-01
8.000000000000000000e+00,3.800000000000000000e+01,3.376637213651238478e-01
8.000000000000000000e+00,3.900000000000000000e+01,3.376637213651238478e-01
8.000000000000000000e+00,4.000000000000000000e+01,3.376637213651238478e-01
8.000000000000000000e+00,4.100000000000000000e+01,3.376637213651238478e-01
8.000000000000000000e+00,4.200000000000000000e+01,3.376637213651238478e-01
8.000000000000000000e+00,4.300000000000000000e+01,3.376637213651238478e-01
8.000000000000000000e+00,4.400000000000000000e+01,3.376637213651238478e-01
8.000000000000000000e+00,4.500000000000000000e+01,3.376637213651238478e-01
8.000000000000000000e+00,4.600000000000000000e+01,3.376637213651238478e-01
8.000000000000000000e+00,4.700000000000000000e+01,3.376637213651238478e-01
8.000000000000000000e+00,4.800000000000000000e+01,3.376637213651238478e-01
8.000000000000000000e+00,4.900000000000000000e+01,3.376637213651238478e-01
8.000000000000000000e+00,5.000000000000000000e+01,3.376637213651238478e-01
8.000000000000000000e+00,5.100000000000000000e+01,3.376637213651238478e-01
8.000000000000000000e+00,5.200000000000000000e+01,3.376637213651238478e-01
8.000000000000000000e+00,5.300000000000000000e+01,3.376637213651238478e-01
8.000000000000000000e+00,5.400000000000000000e+01,3.376637213651238478e-01
8.000000000000000000e+00,5.500000000000000000e+01,3.376637213651238478e-01
8.000000000000000000e+00,5.600000000000000000e+01,3.376637213651238478e-01
8.000000000000000000e+00,5.700000000000000000e+01,3.376637213651238478e-01
8.000000000000000000e+00,5.800000000000000000e+01,3.376637213651238478e-01
8.000000000000000000e+00,5.900000000000000000e+01,3.376637213651238478e-01
8.000000000000000000e+00,6.000000000000000000e+01,3.376637213651238478e-01
8.000000000000000000e+00,6.100000000000000000e+01,3.376637213651238478e-01
8.000000000000000000e+00,6.200000000000000000e+01,3.376637213651238478e-01
8.000000000000000000e+00,6.300000000000000000e+01,3.376637213651238478e-01
8.000000000000000000e+00,6.400000000000000000e+01,3.376637213651238478e-01
8.000000000000000000e+00,6.500000000000000000e+01,3.376637213651238478e-01
8.000000000000000000e+00,6.600000000000000000e+01,3.376637213651238478e-01
8.000000000000000000e+00,6.700000000000000000e+01,3.376637213651238478e-01
8.000000000000000000e+00,6.800000000000000000e+01,3.376637213651238478e-01
8.000000000000000000e+00,6.900000000000000000e+01,3.376637213651238478e-01
8.000000000000000000e+00,7.000000000000000000e+01,3.376637213651238478e-01
8.000000000000000000e+00,7.100000000000000000e+01,3.376637213651238478e-01
8.000000000000000000e+00,7.200000000000000000e+01,3.376637213651238478e-01
8.000000000000000000e+00,7.300000000000000000e+01,3.376637213651238478e-01
8.000000000000000000e+00,7.400000000000000000e+01,3.376637213651238478e-01
8.000000000000000000e+00,7.500000000000000000e+01,3.376637213651238478e-01
8.000000000000000000e+00,7.600000000000000000e+01,3.376637213651238478e-01
8.000000000000000000e+00,7.700000000000000000e+01,3.376637213651238478e-01
8.000000000000000000e+00,7.800000000000000000e+01,3.376637213651238478e-01
8.000000000000000000e+00,7.900000000000000000e+01,3.376637213651238478e-01
8.000000000000000000e+00,8.000000000000000000e+01,3.376637213651238478e-01
8.000000000000000000e+00,8.100000000000000000e+01,3.376637213651238478e-01
8.000000000000000000e+00,8.200000000000000000e+01,3.376637213651238478e-01
8.000000000000000000e+00,8.300000000000000000e+01,3.376637213651238478e-01
8.000000000000000000e+00,8.400000000000000000e+01,3.376637213651238478e-01
8.000000000000000000e+00,8.500000000000000000e+01,3.376637213651238478e-01
8.000000000000000000e+00,8.600000000000000000e+01,3.376637213651238478e-01
8.000000000000000000e+00,8.700000000000000000e+01,3.376637213651238478e-01
8.000000000000000000e+00,8.800000000000000000e+01,3.376637213651238478e-01
8.000000000000000000e+00,8.900000000000000000e+01,3.376637213651238478e-01
8.000000000000000000e+00,9.000000000000000000e+01,3.376637213651238478e-01
8.000000000000000000e+00,9.100000000000000000e+01,3.376637213651238478e-01
8.000000000000000000e+00,9.200000000000000000e+01,3.376637213651238478e-01
8.000000000000000000e+00,9.300000000000000000e+01,3.376637213651238478e-01
8.000000000000000000e+00,9.400000000000000000e+01,3.376637213651238478e-01
8.000000000000000000e+00,9.500000000000000000e+01,3.376637213651238478e-01
8.000000000000000000e+00,9.600000000000000000e+01,3.376637213651238478e-01
8.000000000000000000e+00,9.700000000000000000e+01,3.376637213651238478e-01
8.000000000000000000e+00,9.800000000000000000e+01,3.376637213651238478e-01
8.000000000000000000e+00,9.900000000000000000e+01,3.376637213651238478e-01
8.000000000000000000e+00,1.000000000000000000e+02,3.376637213651238478e-01
9.000000000000000000e+00,0.000000000000000000e+00,3.707082748948106188e-01
9.000000000000000000e+00,1.000000000000000000e+00,3.685082748948106945e-01
9.000000000000000000e+00,2.000000000000000000e+00,3.564927068723702241e-01
9.000000000000000000e+00,3.000000000000000000e+00,3.531576281751596103e-01
9.000000000000000000e+00,4.000000000000000000e+00,3.515908056724324493e-01
9.000000000000000000e+00,5.000000000000000000e+00,3.515908056724324493e-01
9.000000000000000000e+00,6.000000000000000000e+00,3.515908056724324493e-01
9.000000000000000000e+00,7.000000000000000000e+00,3.515908056724324493e-01
9.000000000000000000e+00,8.000000000000000000e+00,3.455901044101604147e-01
9.000000000000000000e+00,9.000000000000000000e+00,3.341959482624278222e-01
9.000000000000000000e+00,1.000000000000000000e+01,3.317568178276451563e-01
9.000000000000000000e+00,1.100000000000000000e+01,3.317568178276451563e-01
9.000000000000000000e+00,1.200000000000000000e+01,3.317568178276451563e-01
9.000000000000000000e+00,1.300000000000000000e+01,3.317568178276451563e-01
9.000000000000000000e+00,1.400000000000000000e+01,3.317568178276451563e-01
9.000000000000000000e+00,1.500000000000000000e+01,3.317568178276451563e-01
9.000000000000000000e+00,1.600000000000000000e+01,3.317568178276451563e-01
9.000000000000000000e+00,1.700000000000000000e+01,3.317568178276451563e-01
9.000000000000000000e+00,1.800000000000000000e+01,3.317568178276451563e-01
9.000000000000000000e+00,1.900000000000000000e+01,3.296524700015583953e-01
9.000000000000000000e+00,2.000000000000000000e+01,3.296524700015583953e-01
9.000000000000000000e+00,2.100000000000000000e+01,3.296524700015583953e-01
9.000000000000000000e+00,2.200000000000000000e+01,3.296524700015583953e-01
9.000000000000000000e+00,2.300000000000000000e+01,3.296524700015583953e-01
9.000000000000000000e+00,2.400000000000000000e+01,3.296524700015583953e-01
9.000000000000000000e+00,2.500000000000000000e+01,3.296524700015583953e-01
9.000000000000000000e+00,2.600000000000000000e+01,3.296524700015583953e-01
9.000000000000000000e+00,2.700000000000000000e+01,3.207808944989870015e-01
9.000000000000000000e+00,2.800000000000000000e+01,3.207808944989870015e-01
9.000000000000000000e+00,2.900000000000000000e+01,3.207808944989870015e-01
9.000000000000000000e+00,3.000000000000000000e+01,3.207808944989870015e-01
9.000000000000000000e+00,3.100000000000000000e+01,3.207808944989870015e-01
9.000000000000000000e+00,3.200000000000000000e+01,3.207808944989870015e-01
9.000000000000000000e+00,3.300000000000000000e+01,3.207808944989870015e-01
9.000000000000000000e+00,3.400000000000000000e+01,3.207808944989870015e-01
9.000000000000000000e+00,3.500000000000000000e+01,3.207808944989870015e-01
9.000000000000000000e+00,3.600000000000000000e+01,3.207808944989870015e-01
9.000000000000000000e+00,3.700000000000000000e+01,3.207808944989870015e-01
9.000000000000000000e+00,3.800000000000000000e+01,3.207808944989870015e-01
9.000000000000000000e+00,3.900000000000000000e+01,3.207808944989870015e-01
9.000000000000000000e+00,4.000000000000000000e+01,3.207808944989870015e-01
9.000000000000000000e+00,4.100000000000000000e+01,3.207808944989870015e-01
9.000000000000000000e+00,4.200000000000000000e+01,3.207808944989870015e-01
9.000000000000000000e+00,4.300000000000000000e+01,3.207808944989870015e-01
9.000000000000000000e+00,4.400000000000000000e+01,3.207808944989870015e-01
9.000000000000000000e+00,4.500000000000000000e+01,3.207808944989870015e-01
9.000000000000000000e+00,4.600000000000000000e+01,3.207808944989870015e-01
9.000000000000000000e+00,4.700000000000000000e+01,3.207808944989870015e-01
9.000000000000000000e+00,4.800000000000000000e+01,3.207808944989870015e-01
9.000000000000000000e+00,4.900000000000000000e+01,3.207808944989870015e-01
9.000000000000000000e+00,5.000000000000000000e+01,3.207808944989870015e-01
9.000000000000000000e+00,5.100000000000000000e+01,3.207808944989870015e-01
9.000000000000000000e+00,5.200000000000000000e+01,3.207808944989870015e-01
9.000000000000000000e+00,5.300000000000000000e+01,3.207808944989870015e-01
9.000000000000000000e+00,5.400000000000000000e+01,3.207808944989870015e-01
9.000000000000000000e+00,5.500000000000000000e+01,3.207808944989870015e-01
9.000000000000000000e+00,5.600000000000000000e+01,3.207808944989870015e-01
9.000000000000000000e+00,5.700000000000000000e+01,3.207808944989870015e-01
9.000000000000000000e+00,5.800000000000000000e+01,3.207808944989870015e-01
9.000000000000000000e+00,5.900000000000000000e+01,3.207808944989870015e-01
9.000000000000000000e+00,6.000000000000000000e+01,3.207808944989870015e-01
9.000000000000000000e+00,6.100000000000000000e+01,3.207808944989870015e-01
9.000000000000000000e+00,6.200000000000000000e+01,3.207808944989870015e-01
9.000000000000000000e+00,6.300000000000000000e+01,3.207808944989870015e-01
9.000000000000000000e+00,6.400000000000000000e+01,3.207808944989870015e-01
9.000000000000000000e+00,6.500000000000000000e+01,3.207808944989870015e-01
9.000000000000000000e+00,6.600000000000000000e+01,3.207808944989870015e-01
9.000000000000000000e+00,6.700000000000000000e+01,3.207808944989870015e-01
9.000000000000000000e+00,6.800000000000000000e+01,3.207808944989870015e-01
9.000000000000000000e+00,6.900000000000000000e+01,3.207808944989870015e-01
9.000000000000000000e+00,7.000000000000000000e+01,3.207808944989870015e-01
9.000000000000000000e+00,7.100000000000000000e+01,3.207808944989870015e-01
9.000000000000000000e+00,7.200000000000000000e+01,3.207808944989870015e-01
9.000000000000000000e+00,7.300000000000000000e+01,3.207808944989870015e-01
9.000000000000000000e+00,7.400000000000000000e+01,3.207808944989870015e-01
9.000000000000000000e+00,7.500000000000000000e+01,3.207808944989870015e-01
9.000000000000000000e+00,7.600000000000000000e+01,3.207808944989870015e-01
9.000000000000000000e+00,7.700000000000000000e+01,3.207808944989870015e-01
9.000000000000000000e+00,7.800000000000000000e+01,3.207808944989870015e-01
9.000000000000000000e+00,7.900000000000000000e+01,3.207808944989870015e-01
9.000000000000000000e+00,8.000000000000000000e+01,3.207808944989870015e-01
9.000000000000000000e+00,8.100000000000000000e+01,3.207808944989870015e-01
9.000000000000000000e+00,8.200000000000000000e+01,3.207808944989870015e-01
9.000000000000000000e+00,8.300000000000000000e+01,3.207808944989870015e-01
9.000000000000000000e+00,8.400000000000000000e+01,3.207808944989870015e-01
9.000000000000000000e+00,8.500000000000000000e+01,3.207808944989870015e-01
9.000000000000000000e+00,8.600000000000000000e+01,3.207808944989870015e-01
9.000000000000000000e+00,8.700000000000000000e+01,3.207808944989870015e-01
9.000000000000000000e+00,8.800000000000000000e+01,3.207808944989870015e-01
9.000000000000000000e+00,8.900000000000000000e+01,3.207808944989870015e-01
9.000000000000000000e+00,9.000000000000000000e+01,3.207808944989870015e-01
9.000000000000000000e+00,9.100000000000000000e+01,3.203506778868630001e-01
9.000000000000000000e+00,9.200000000000000000e+01,3.203506778868630001e-01
9.000000000000000000e+00,9.300000000000000000e+01,3.203506778868630001e-01
9.000000000000000000e+00,9.400000000000000000e+01,3.203506778868630001e-01
9.000000000000000000e+00,9.500000000000000000e+01,3.203506778868630001e-01
9.000000000000000000e+00,9.600000000000000000e+01,3.203506778868630001e-01
9.000000000000000000e+00,9.700000000000000000e+01,3.203506778868630001e-01
9.000000000000000000e+00,9.800000000000000000e+01,3.203506778868630001e-01
9.000000000000000000e+00,9.900000000000000000e+01,3.202071996259933662e-01
9.000000000000000000e+00,1.000000000000000000e+02,3.202071996259933662e-01
1.000000000000000000e+01,0.000000000000000000e+00,3.863949041608226720e-01
1.000000000000000000e+01,1.000000000000000000e+00,3.744152875175315587e-01
1.000000000000000000e+01,2.000000000000000000e+00,3.716179523141655006e-01
1.000000000000000000e+01,3.000000000000000000e+00,3.619697210534517651e-01
1.000000000000000000e+01,4.000000000000000000e+00,3.485305906186691449e-01
1.000000000000000000e+01,5.000000000000000000e+00,3.485305906186691449e-01
1.000000000000000000e+01,6.000000000000000000e+00,3.281693158796945564e-01
1.000000000000000000e+01,7.000000000000000000e+00,3.281693158796945564e-01
1.000000000000000000e+01,8.000000000000000000e+00,3.281693158796945564e-01
1.000000000000000000e+01,9.000000000000000000e+00,3.281693158796945564e-01
1.000000000000000000e+01,1.000000000000000000e+01,3.281693158796945564e-01
1.000000000000000000e+01,1.100000000000000000e+01,3.281693158796945564e-01
1.000000000000000000e+01,1.200000000000000000e+01,3.277750506467198011e-01
1.000000000000000000e+01,1.300000000000000000e+01,3.277750506467198011e-01
1.000000000000000000e+01,1.400000000000000000e+01,3.277750506467198011e-01
1.000000000000000000e+01,1.500000000000000000e+01,3.277750506467198011e-01
1.000000000000000000e+01,1.600000000000000000e+01,3.274404862085085743e-01
1.000000000000000000e+01,1.700000000000000000e+01,3.253481221754713215e-01
1.000000000000000000e+01,1.800000000000000000e+01,3.253481221754713215e-01
1.000000000000000000e+01,1.900000000000000000e+01,3.253481221754713215e-01
1.000000000000000000e+01,2.000000000000000000e+01,3.253481221754713215e-01
1.000000000000000000e+01,2.100000000000000000e+01,3.253481221754713215e-01
1.000000000000000000e+01,2.200000000000000000e+01,3.253481221754713215e-01
1.000000000000000000e+01,2.300000000000000000e+01,3.253481221754713215e-01
1.000000000000000000e+01,2.400000000000000000e+01,3.253481221754713215e-01
1.000000000000000000e+01,2.500000000000000000e+01,3.253481221754713215e-01
1.000000000000000000e+01,2.600000000000000000e+01,3.253481221754713215e-01
1.000000000000000000e+01,2.700000000000000000e+01,3.253481221754713215e-01
1.000000000000000000e+01,2.800000000000000000e+01,3.253481221754713215e-01
1.000000000000000000e+01,2.900000000000000000e+01,3.253481221754713215e-01
1.000000000000000000e+01,3.000000000000000000e+01,3.253481221754713215e-01
1.000000000000000000e+01,3.100000000000000000e+01,3.253481221754713215e-01
1.000000000000000000e+01,3.200000000000000000e+01,3.253481221754713215e-01
1.000000000000000000e+01,3.300000000000000000e+01,3.253481221754713215e-01
1.000000000000000000e+01,3.400000000000000000e+01,3.253481221754713215e-01
1.000000000000000000e+01,3.500000000000000000e+01,3.253481221754713215e-01
1.000000000000000000e+01,3.600000000000000000e+01,3.253481221754713215e-01
1.000000000000000000e+01,3.700000000000000000e+01,3.253481221754713215e-01
1.000000000000000000e+01,3.800000000000000000e+01,3.253481221754713215e-01
1.000000000000000000e+01,3.900000000000000000e+01,3.253481221754713215e-01
1.000000000000000000e+01,4.000000000000000000e+01,3.253481221754713215e-01
1.000000000000000000e+01,4.100000000000000000e+01,3.253481221754713215e-01
1.000000000000000000e+01,4.200000000000000000e+01,3.253481221754713215e-01
1.000000000000000000e+01,4.300000000000000000e+01,3.253481221754713215e-01
1.000000000000000000e+01,4.400000000000000000e+01,3.253481221754713215e-01
1.000000000000000000e+01,4.500000000000000000e+01,3.253481221754713215e-01
1.000000000000000000e+01,4.600000000000000000e+01,3.253481221754713215e-01
1.000000000000000000e+01,4.700000000000000000e+01,3.253481221754713215e-01
1.000000000000000000e+01,4.800000000000000000e+01,3.253481221754713215e-01
1.000000000000000000e+01,4.900000000000000000e+01,3.244399719495089651e-01
1.000000000000000000e+01,5.000000000000000000e+01,3.244399719495089651e-01
1.000000000000000000e+01,5.100000000000000000e+01,3.244399719495089651e-01
1.000000000000000000e+01,5.200000000000000000e+01,3.244399719495089651e-01
1.000000000000000000e+01,5.300000000000000000e+01,3.244399719495089651e-01
1.000000000000000000e+01,5.400000000000000000e+01,3.244399719495089651e-01
1.000000000000000000e+01,5.500000000000000000e+01,3.244399719495089651e-01
1.000000000000000000e+01,5.600000000000000000e+01,3.244399719495089651e-01
1.000000000000000000e+01,5.700000000000000000e+01,3.244399719495089651e-01
1.000000000000000000e+01,5.800000000000000000e+01,3.244399719495089651e-01
1.000000000000000000e+01,5.900000000000000000e+01,3.244399719495089651e-01
1.000000000000000000e+01,6.000000000000000000e+01,3.244399719495089651e-01
1.000000000000000000e+01,6.100000000000000000e+01,3.244399719495089651e-01
1.000000000000000000e+01,6.200000000000000000e+01,3.242966027738817258e-01
1.000000000000000000e+01,6.300000000000000000e+01,3.176009505999687899e-01
1.000000000000000000e+01,6.400000000000000000e+01,3.176009505999687899e-01
1.000000000000000000e+01,6.500000000000000000e+01,3.176009505999687899e-01
1.000000000000000000e+01,6.600000000000000000e+01,3.176009505999687899e-01
1.000000000000000000e+01,6.700000000000000000e+01,3.176009505999687899e-01
1.000000000000000000e+01,6.800000000000000000e+01,3.176009505999687899e-01
1.000000000000000000e+01,6.900000000000000000e+01,3.176009505999687899e-01
1.000000000000000000e+01,7.000000000000000000e+01,3.176009505999687899e-01
1.000000000000000000e+01,7.100000000000000000e+01,3.176009505999687899e-01
1.000000000000000000e+01,7.200000000000000000e+01,3.176009505999687899e-01
1.000000000000000000e+01,7.300000000000000000e+01,3.176009505999687899e-01
1.000000000000000000e+01,7.400000000000000000e+01,3.176009505999687899e-01
1.000000000000000000e+01,7.500000000000000000e+01,3.176009505999687899e-01
1.000000000000000000e+01,7.600000000000000000e+01,3.176009505999687899e-01
1.000000000000000000e+01,7.700000000000000000e+01,3.176009505999687899e-01
1.000000000000000000e+01,7.800000000000000000e+01,3.176009505999687899e-01
1.000000000000000000e+01,7.900000000000000000e+01,3.176009505999687899e-01
1.000000000000000000e+01,8.000000000000000000e+01,3.176009505999687899e-01
1.000000000000000000e+01,8.100000000000000000e+01,3.176009505999687899e-01
1.000000000000000000e+01,8.200000000000000000e+01,3.176009505999687899e-01
1.000000000000000000e+01,8.300000000000000000e+01,3.176009505999687899e-01
1.000000000000000000e+01,8.400000000000000000e+01,3.176009505999687899e-01
1.000000000000000000e+01,8.500000000000000000e+01,3.176009505999687899e-01
1.000000000000000000e+01,8.600000000000000000e+01,3.176009505999687899e-01
1.000000000000000000e+01,8.700000000000000000e+01,3.176009505999687899e-01
1.000000000000000000e+01,8.800000000000000000e+01,3.176009505999687899e-01
1.000000000000000000e+01,8.900000000000000000e+01,3.176009505999687899e-01
1.000000000000000000e+01,9.000000000000000000e+01,3.176009505999687899e-01
1.000000000000000000e+01,9.100000000000000000e+01,3.176009505999687899e-01
1.000000000000000000e+01,9.200000000000000000e+01,3.176009505999687899e-01
1.000000000000000000e+01,9.300000000000000000e+01,3.176009505999687899e-01
1.000000000000000000e+01,9.400000000000000000e+01,3.176009505999687899e-01
1.000000000000000000e+01,9.500000000000000000e+01,3.176009505999687899e-01
1.000000000000000000e+01,9.600000000000000000e+01,3.176009505999687899e-01
1.000000000000000000e+01,9.700000000000000000e+01,3.176009505999687899e-01
1.000000000000000000e+01,9.800000000000000000e+01,3.176009505999687899e-01
1.000000000000000000e+01,9.900000000000000000e+01,3.176009505999687899e-01
1.000000000000000000e+01,1.000000000000000000e+02,3.176009505999687899e-01
