1.000000000000000000e+00,0.000000000000000000e+00,2.122585714285713521e-01
1.000000000000000000e+00,1.000000000000000000e+00,2.092864285714285955e-01
1.000000000000000000e+00,2.000000000000000000e+00,1.767535714285714543e-01
1.000000000000000000e+00,3.000000000000000000e+00,1.599435714285714072e-01
1.000000000000000000e+00,4.000000000000000000e+00,1.577264285714285452e-01
1.000000000000000000e+00,5.000000000000000000e+00,1.317078571428572376e-01
1.000000000000000000e+00,6.000000000000000000e+00,1.317078571428572376e-01
1.000000000000000000e+00,7.000000000000000000e+00,1.317078571428572376e-01
1.000000000000000000e+00,8.000000000000000000e+00,1.317078571428572376e-01
1.000000000000000000e+00,9.000000000000000000e+00,1.317078571428572376e-01
1.000000000000000000e+00,1.000000000000000000e+01,1.317078571428572376e-01
1.000000000000000000e+00,1.100000000000000000e+01,1.317078571428572376e-01
1.000000000000000000e+00,1.200000000000000000e+01,1.317078571428572376e-01
1.000000000000000000e+00,1.300000000000000000e+01,1.302928571428572380e-01
1.000000000000000000e+00,1.400000000000000000e+01,1.302128571428572135e-01
1.000000000000000000e+00,1.500000000000000000e+01,1.302128571428572135e-01
1.000000000000000000e+00,1.600000000000000000e+01,1.302128571428572135e-01
1.000000000000000000e+00,1.700000000000000000e+01,1.302128571428572135e-01
1.000000000000000000e+00,1.800000000000000000e+01,1.302128571428572135e-01
1.000000000000000000e+00,1.900000000000000000e+01,1.302128571428572135e-01
1.000000000000000000e+00,2.000000000000000000e+01,1.302128571428572135e-01
1.000000000000000000e+00,2.100000000000000000e+01,1.302128571428572135e-01
1.000000000000000000e+00,2.200000000000000000e+01,1.302128571428572135e-01
1.000000000000000000e+00,2.300000000000000000e+01,1.302128571428572135e-01
1.000000000000000000e+00,2.400000000000000000e+01,1.302128571428572135e-01
1.000000000000000000e+00,2.500000000000000000e+01,1.302128571428572135e-01
1.000000000000000000e+00,2.600000000000000000e+01,1.302128571428572135e-01
1.000000000000000000e+00,2.700000000000000000e+01,1.302128571428572135e-01
1.000000000000000000e+00,2.800000000000000000e+01,1.302128571428572135e-01
1.000000000000000000e+00,2.900000000000000000e+01,1.250435714285713096e-01
1.000000000000000000e+00,3.000000000000000000e+01,1.132578571428572989e-01
1.000000000000000000e+00,3.100000000000000000e+01,1.109007142857142275e-01
1.000000000000000000e+00,3.200000000000000000e+01,1.085435714285712672e-01
1.000000000000000000e+00,3.300000000000000000e+01,9.672785714285712932e-02
1.000000000000000000e+00,3.400000000000000000e+01,8.022785714285718406e-02
1.000000000000000000e+00,3.500000000000000000e+01,8.022785714285718406e-02
1.000000000000000000e+00,3.600000000000000000e+01,8.022785714285718406e-02
1.000000000000000000e+00,3.700000000000000000e+01,8.022785714285707304e-02
1.000000000000000000e+00,3.800000000000000000e+01,8.022785714285707304e-02
1.000000000000000000e+00,3.900000000000000000e+01,8.022785714285707304e-02
1.000000000000000000e+00,4.000000000000000000e+01,8.022785714285707304e-02
1.000000000000000000e+00,4.100000000000000000e+01,8.022785714285707304e-02
1.000000000000000000e+00,4.200000000000000000e+01,7.787071428571422371e-02
1.000000000000000000e+00,4.300000000000000000e+01,7.787071428571422371e-02
1.000000000000000000e+00,4.400000000000000000e+01,7.787071428571422371e-02
1.000000000000000000e+00,4.500000000000000000e+01,7.787071428571422371e-02
1.000000000000000000e+00,4.600000000000000000e+01,7.787071428571422371e-02
1.000000000000000000e+00,4.700000000000000000e+01,7.787071428571422371e-02
1.000000000000000000e+00,4.800000000000000000e+01,7.787071428571422371e-02
1.000000000000000000e+00,4.900000000000000000e+01,7.787071428571422371e-02
1.000000000000000000e+00,5.000000000000000000e+01,7.787071428571422371e-02
1.000000000000000000e+00,5.100000000000000000e+01,7.787071428571422371e-02
1.000000000000000000e+00,5.200000000000000000e+01,6.137071428571429232e-02
1.000000000000000000e+00,5.300000000000000000e+01,6.137071428571429232e-02
1.000000000000000000e+00,5.400000000000000000e+01,6.137071428571429232e-02
1.000000000000000000e+00,5.500000000000000000e+01,6.137071428571429232e-02
1.000000000000000000e+00,5.600000000000000000e+01,6.137071428571429232e-02
1.000000000000000000e+00,5.700000000000000000e+01,6.137071428571429232e-02
1.000000000000000000e+00,5.800000000000000000e+01,6.137071428571429232e-02
1.000000000000000000e+00,5.900000000000000000e+01,6.137071428571429232e-02
1.000000000000000000e+00,6.000000000000000000e+01,6.137071428571429232e-02
1.000000000000000000e+00,6.100000000000000000e+01,6.137071428571429232e-02
1.000000000000000000e+00,6.200000000000000000e+01,6.137071428571429232e-02
1.000000000000000000e+00,6.300000000000000000e+01,6.137071428571429232e-02
1.000000000000000000e+00,6.400000000000000000e+01,6.137071428571429232e-02
1.000000000000000000e+00,6.500000000000000000e+01,6.137071428571429232e-02
1.000000000000000000e+00,6.600000000000000000e+01,6.137071428571429232e-02
1.000000000000000000e+00,6.700000000000000000e+01,6.137071428571429232e-02
1.000000000000000000e+00,6.800000000000000000e+01,6.137071428571429232e-02
1.000000000000000000e+00,6.900000000000000000e+01,6.137071428571429232e-02
1.000000000000000000e+00,7.000000000000000000e+01,6.137071428571429232e-02
1.000000000000000000e+00,7.100000000000000000e+01,6.137071428571429232e-02
1.000000000000000000e+00,7.200000000000000000e+01,6.137071428571429232e-02
1.000000000000000000e+00,7.300000000000000000e+01,6.137071428571429232e-02
1.000000000000000000e+00,7.400000000000000000e+01,6.137071428571429232e-02
1.000000000000000000e+00,7.500000000000000000e+01,6.137071428571429232e-02
1.000000000000000000e+00,7.600000000000000000e+01,6.137071428571429232e-02
1.000000000000000000e+00,7.700000000000000000e+01,6.137071428571429232e-02
1.000000000000000000e+00,7.800000000000000000e+01,6.137071428571429232e-02
1.000000000000000000e+00,7.900000000000000000e+01,6.137071428571429232e-02
1.000000000000000000e+00,8.000000000000000000e+01,6.137071428571429232e-02
1.000000000000000000e+00,8.100000000000000000e+01,6.137071428571429232e-02
1.000000000000000000e+00,8.200000000000000000e+01,6.137071428571429232e-02
1.000000000000000000e+00,8.300000000000000000e+01,6.137071428571429232e-02
1.000000000000000000e+00,8.400000000000000000e+01,6.137071428571429232e-02
1.000000000000000000e+00,8.500000000000000000e+01,6.137071428571429232e-02
1.000000000000000000e+00,8.600000000000000000e+01,6.137071428571429232e-02
1.000000000000000000e+00,8.700000000000000000e+01,6.137071428571429232e-02
1.000000000000000000e+00,8.800000000000000000e+01,6.137071428571429232e-02
1.000000000000000000e+00,8.900000000000000000e+01,6.137071428571429232e-02
1.000000000000000000e+00,9.000000000000000000e+01,6.137071428571429232e-02
1.000000000000000000e+00,9.100000000000000000e+01,6.137071428571429232e-02
1.000000000000000000e+00,9.200000000000000000e+01,6.137071428571429232e-02
1.000000000000000000e+00,9.300000000000000000e+01,6.137071428571429232e-02
1.000000000000000000e+00,9.400000000000000000e+01,6.137071428571429232e-02
1.000000000000000000e+00,9.500000000000000000e+01,6.137071428571429232e-02
1.000000000000000000e+00,9.600000000000000000e+01,6.137071428571429232e-02
1.000000000000000000e+00,9.700000000000000000e+01,6.137071428571429232e-02
1.000000000000000000e+00,9.800000000000000000e+01,6.137071428571429232e-02
1.000000000000000000e+00,9.900000000000000000e+01,6.137071428571429232e-02
1.000000000000000000e+00,1.000000000000000000e+02,6.137071428571429232e-02
2.000000000000000000e+00,0.000000000000000000e+00,2.146657142857141820e-01
2.000000000000000000e+00,1.000000000000000000e+00,1.764714285714285014e-01
2.000000000000000000e+00,2.000000000000000000e+00,1.764714285714285014e-01
2.000000000000000000e+00,3.000000000000000000e+00,1.502100000000000102e-01
2.000000000000000000e+00,4.000000000000000000e+00,1.264035714285715317e-01
2.000000000000000000e+00,5.000000000000000000e+00,1.264035714285715317e-01
2.000000000000000000e+00,6.000000000000000000e+00,1.256085714285715138e-01
2.000000000000000000e+00,7.000000000000000000e+00,1.091085714285713743e-01
2.000000000000000000e+00,8.000000000000000000e+00,1.091085714285713743e-01
2.000000000000000000e+00,9.000000000000000000e+00,1.091085714285713743e-01
2.000000000000000000e+00,1.000000000000000000e+01,1.091085714285713743e-01
2.000000000000000000e+00,1.100000000000000000e+01,1.091085714285713743e-01
2.000000000000000000e+00,1.200000000000000000e+01,1.091085714285713743e-01
2.000000000000000000e+00,1.300000000000000000e+01,1.091085714285713743e-01
2.000000000000000000e+00,1.400000000000000000e+01,1.091085714285713743e-01
2.000000000000000000e+00,1.500000000000000000e+01,1.091085714285713743e-01
2.000000000000000000e+00,1.600000000000000000e+01,1.088535714285713690e-01
2.000000000000000000e+00,1.700000000000000000e+01,1.088535714285713690e-01
2.000000000000000000e+00,1.800000000000000000e+01,6.640499999999999181e-02
2.000000000000000000e+00,1.900000000000000000e+01,6.640499999999999181e-02
2.000000000000000000e+00,2.000000000000000000e+01,6.640499999999999181e-02
2.000000000000000000e+00,2.100000000000000000e+01,6.640499999999999181e-02
2.000000000000000000e+00,2.200000000000000000e+01,6.640499999999999181e-02
2.000000000000000000e+00,2.300000000000000000e+01,6.640499999999999181e-02
2.000000000000000000e+00,2.400000000000000000e+01,6.165571428571429285e-02
2.000000000000000000e+00,2.500000000000000000e+01,6.165571428571429285e-02
2.000000000000000000e+00,2.600000000000000000e+01,6.165571428571429285e-02
2.000000000000000000e+00,2.700000000000000000e+01,6.165571428571429285e-02
2.000000000000000000e+00,2.800000000000000000e+01,6.165571428571429285e-02
2.000000000000000000e+00,2.900000000000000000e+01,6.165571428571429285e-02
2.000000000000000000e+00,3.000000000000000000e+01,6.165571428571429285e-02
2.000000000000000000e+00,3.100000000000000000e+01,6.165571428571429285e-02
2.000000000000000000e+00,3.200000000000000000e+01,6.165571428571429285e-02
2.000000000000000000e+00,3.300000000000000000e+01,6.165571428571429285e-02
2.000000000000000000e+00,3.400000000000000000e+01,6.165571428571429285e-02
2.000000000000000000e+00,3.500000000000000000e+01,6.165571428571429285e-02
2.000000000000000000e+00,3.600000000000000000e+01,6.165571428571429285e-02
2.000000000000000000e+00,3.700000000000000000e+01,6.165571428571429285e-02
2.000000000000000000e+00,3.800000000000000000e+01,6.165571428571429285e-02
2.000000000000000000e+00,3.900000000000000000e+01,6.165571428571429285e-02
2.000000000000000000e+00,4.000000000000000000e+01,6.165571428571429285e-02
2.000000000000000000e+00,4.100000000000000000e+01,6.165571428571429285e-02
2.000000000000000000e+00,4.200000000000000000e+01,6.165571428571429285e-02
2.000000000000000000e+00,4.300000000000000000e+01,6.165571428571429285e-02
2.000000000000000000e+00,4.400000000000000000e+01,6.165571428571429285e-02
2.000000000000000000e+00,4.500000000000000000e+01,6.165571428571429285e-02
2.000000000000000000e+00,4.600000000000000000e+01,6.165571428571429285e-02
2.000000000000000000e+00,4.700000000000000000e+01,6.165571428571429285e-02
2.000000000000000000e+00,4.800000000000000000e+01,6.165571428571429285e-02
2.000000000000000000e+00,4.900000000000000000e+01,6.165571428571429285e-02
2.000000000000000000e+00,5.000000000000000000e+01,6.165571428571429285e-02
2.000000000000000000e+00,5.100000000000000000e+01,6.165571428571429285e-02
2.000000000000000000e+00,5.200000000000000000e+01,6.165571428571429285e-02
2.000000000000000000e+00,5.300000000000000000e+01,6.165571428571429285e-02
2.000000000000000000e+00,5.400000000000000000e+01,6.165571428571429285e-02
2.000000000000000000e+00,5.500000000000000000e+01,6.165571428571429285e-02
2.000000000000000000e+00,5.600000000000000000e+01,6.165571428571429285e-02
2.000000000000000000e+00,5.700000000000000000e+01,6.165571428571429285e-02
2.000000000000000000e+00,5.800000000000000000e+01,6.165571428571429285e-02
2.000000000000000000e+00,5.900000000000000000e+01,6.165571428571429285e-02
2.000000000000000000e+00,6.000000000000000000e+01,6.165571428571429285e-02
2.000000000000000000e+00,6.100000000000000000e+01,6.165571428571429285e-02
2.000000000000000000e+00,6.200000000000000000e+01,6.165571428571429285e-02
2.000000000000000000e+00,6.300000000000000000e+01,6.165571428571429285e-02
2.000000000000000000e+00,6.400000000000000000e+01,6.165571428571429285e-02
2.000000000000000000e+00,6.500000000000000000e+01,6.165571428571429285e-02
2.000000000000000000e+00,6.600000000000000000e+01,6.165571428571429285e-02
2.000000000000000000e+00,6.700000000000000000e+01,6.165571428571429285e-02
2.000000000000000000e+00,6.800000000000000000e+01,6.165571428571429285e-02
2.000000000000000000e+00,6.900000000000000000e+01,6.165571428571429285e-02
2.000000000000000000e+00,7.000000000000000000e+01,6.165571428571429285e-02
2.000000000000000000e+00,7.100000000000000000e+01,6.165571428571429285e-02
2.000000000000000000e+00,7.200000000000000000e+01,6.165571428571429285e-02
2.000000000000000000e+00,7.300000000000000000e+01,6.165571428571429285e-02
2.000000000000000000e+00,7.400000000000000000e+01,6.165571428571429285e-02
2.000000000000000000e+00,7.500000000000000000e+01,6.137571428571429039e-02
2.000000000000000000e+00,7.600000000000000000e+01,6.137571428571429039e-02
2.000000000000000000e+00,7.700000000000000000e+01,6.137571428571429039e-02
2.000000000000000000e+00,7.800000000000000000e+01,6.137571428571429039e-02
2.000000000000000000e+00,7.900000000000000000e+01,5.901857142857144106e-02
2.000000000000000000e+00,8.000000000000000000e+01,5.901857142857144106e-02
2.000000000000000000e+00,8.100000000000000000e+01,5.901857142857144106e-02
2.000000000000000000e+00,8.200000000000000000e+01,5.901857142857144106e-02
2.000000000000000000e+00,8.300000000000000000e+01,5.901857142857144106e-02
2.000000000000000000e+00,8.400000000000000000e+01,5.901857142857144106e-02
2.000000000000000000e+00,8.500000000000000000e+01,5.901857142857144106e-02
2.000000000000000000e+00,8.600000000000000000e+01,5.901857142857144106e-02
2.000000000000000000e+00,8.700000000000000000e+01,5.901857142857144106e-02
2.000000000000000000e+00,8.800000000000000000e+01,5.901857142857144106e-02
2.000000000000000000e+00,8.900000000000000000e+01,5.901857142857144106e-02
2.000000000000000000e+00,9.000000000000000000e+01,5.901857142857144106e-02
2.000000000000000000e+00,9.100000000000000000e+01,5.901857142857144106e-02
2.000000000000000000e+00,9.200000000000000000e+01,5.901857142857144106e-02
2.000000000000000000e+00,9.300000000000000000e+01,5.901857142857144106e-02
2.000000000000000000e+00,9.400000000000000000e+01,5.901857142857144106e-02
2.000000000000000000e+00,9.500000000000000000e+01,5.901857142857144106e-02
2.000000000000000000e+00,9.600000000000000000e+01,5.901857142857144106e-02
2.000000000000000000e+00,9.700000000000000000e+01,5.901857142857144106e-02
2.000000000000000000e+00,9.800000000000000000e+01,4.723285714285719444e-02
2.000000000000000000e+00,9.900000000000000000e+01,4.723285714285719444e-02
2.000000000000000000e+00,1.000000000000000000e+02,4.723285714285719444e-02
3.000000000000000000e+00,0.000000000000000000e+00,2.078242857142857669e-01
3.000000000000000000e+00,1.000000000000000000e+00,2.078242857142857669e-01
3.000000000000000000e+00,2.000000000000000000e+00,2.078242857142857669e-01
3.000000000000000000e+00,3.000000000000000000e+00,1.575714285714285567e-01
3.000000000000000000e+00,4.000000000000000000e+00,1.575714285714285567e-01
3.000000000000000000e+00,5.000000000000000000e+00,1.575714285714285567e-01
3.000000000000000000e+00,6.000000000000000000e+00,1.138728571428570674e-01
3.000000000000000000e+00,7.000000000000000000e+00,1.090285714285712665e-01
3.000000000000000000e+00,8.000000000000000000e+00,1.090285714285712665e-01
3.000000000000000000e+00,9.000000000000000000e+00,1.090285714285712665e-01
3.000000000000000000e+00,1.000000000000000000e+01,9.482571428571427707e-02
3.000000000000000000e+00,1.100000000000000000e+01,9.482571428571427707e-02
3.000000000000000000e+00,1.200000000000000000e+01,9.482571428571427707e-02
3.000000000000000000e+00,1.300000000000000000e+01,9.482571428571427707e-02
3.000000000000000000e+00,1.400000000000000000e+01,9.482571428571427707e-02
3.000000000000000000e+00,1.500000000000000000e+01,9.482571428571427707e-02
3.000000000000000000e+00,1.600000000000000000e+01,9.482571428571427707e-02
3.000000000000000000e+00,1.700000000000000000e+01,9.218357142857143416e-02
3.000000000000000000e+00,1.800000000000000000e+01,9.218357142857143416e-02
3.000000000000000000e+00,1.900000000000000000e+01,9.218357142857143416e-02
3.000000000000000000e+00,2.000000000000000000e+01,6.615999999999998271e-02
3.000000000000000000e+00,2.100000000000000000e+01,6.615999999999998271e-02
3.000000000000000000e+00,2.200000000000000000e+01,6.615999999999998271e-02
3.000000000000000000e+00,2.300000000000000000e+01,6.615999999999998271e-02
3.000000000000000000e+00,2.400000000000000000e+01,6.615999999999998271e-02
3.000000000000000000e+00,2.500000000000000000e+01,6.615999999999998271e-02
3.000000000000000000e+00,2.600000000000000000e+01,6.615999999999998271e-02
3.000000000000000000e+00,2.700000000000000000e+01,6.615999999999998271e-02
3.000000000000000000e+00,2.800000000000000000e+01,6.615999999999998271e-02
3.000000000000000000e+00,2.900000000000000000e+01,6.615999999999998271e-02
3.000000000000000000e+00,3.000000000000000000e+01,6.615999999999998271e-02
3.000000000000000000e+00,3.100000000000000000e+01,6.615999999999998271e-02
3.000000000000000000e+00,3.200000000000000000e+01,6.615999999999998271e-02
3.000000000000000000e+00,3.300000000000000000e+01,6.615999999999998271e-02
3.000000000000000000e+00,3.400000000000000000e+01,6.615999999999998271e-02
3.000000000000000000e+00,3.500000000000000000e+01,6.615999999999998271e-02
3.000000000000000000e+00,3.600000000000000000e+01,6.615999999999998271e-02
3.000000000000000000e+00,3.700000000000000000e+01,6.615999999999998271e-02
3.000000000000000000e+00,3.800000000000000000e+01,6.615999999999998271e-02
3.000000000000000000e+00,3.900000000000000000e+01,6.615999999999998271e-02
3.000000000000000000e+00,4.000000000000000000e+01,6.615999999999998271e-02
3.000000000000000000e+00,4.100000000000000000e+01,6.615999999999998271e-02
3.000000000000000000e+00,4.200000000000000000e+01,6.615999999999998271e-02
3.000000000000000000e+00,4.300000000000000000e+01,6.615999999999998271e-02
3.000000000000000000e+00,4.400000000000000000e+01,6.615999999999998271e-02
3.000000000000000000e+00,4.500000000000000000e+01,6.615999999999998271e-02
3.000000000000000000e+00,4.600000000000000000e+01,6.615999999999998271e-02
3.000000000000000000e+00,4.700000000000000000e+01,6.615999999999998271e-02
3.000000000000000000e+00,4.800000000000000000e+01,6.615999999999998271e-02
3.000000000000000000e+00,4.900000000000000000e+01,6.615999999999998271e-02
3.000000000000000000e+00,5.000000000000000000e+01,6.615999999999998271e-02
3.000000000000000000e+00,5.100000000000000000e+01,6.615999999999998271e-02
3.000000000000000000e+00,5.200000000000000000e+01,6.615999999999998271e-02
3.000000000000000000e+00,5.300000000000000000e+01,6.615999999999998271e-02
3.000000000000000000e+00,5.400000000000000000e+01,6.615999999999998271e-02
3.000000000000000000e+00,5.500000000000000000e+01,6.615999999999998271e-02
3.000000000000000000e+00,5.600000000000000000e+01,6.615999999999998271e-02
3.000000000000000000e+00,5.700000000000000000e+01,6.615999999999998271e-02
3.000000000000000000e+00,5.800000000000000000e+01,6.615999999999998271e-02
3.000000000000000000e+00,5.900000000000000000e+01,6.615999999999998271e-02
3.000000000000000000e+00,6.000000000000000000e+01,6.615999999999998271e-02
3.000000000000000000e+00,6.100000000000000000e+01,6.615999999999998271e-02
3.000000000000000000e+00,6.200000000000000000e+01,6.615999999999998271e-02
3.000000000000000000e+00,6.300000000000000000e+01,6.615999999999998271e-02
3.000000000000000000e+00,6.400000000000000000e+01,6.615999999999998271e-02
3.000000000000000000e+00,6.500000000000000000e+01,6.615999999999998271e-02
3.000000000000000000e+00,6.600000000000000000e+01,6.615999999999998271e-02
3.000000000000000000e+00,6.700000000000000000e+01,6.615999999999998271e-02
3.000000000000000000e+00,6.800000000000000000e+01,6.615999999999998271e-02
3.000000000000000000e+00,6.900000000000000000e+01,6.615999999999998271e-02
3.000000000000000000e+00,7.000000000000000000e+01,6.615999999999998271e-02
3.000000000000000000e+00,7.100000000000000000e+01,6.615999999999998271e-02
3.000000000000000000e+00,7.200000000000000000e+01,6.615999999999998271e-02
3.000000000000000000e+00,7.300000000000000000e+01,6.615999999999998271e-02
3.000000000000000000e+00,7.400000000000000000e+01,6.615999999999998271e-02
3.000000000000000000e+00,7.500000000000000000e+01,6.615999999999998271e-02
3.000000000000000000e+00,7.600000000000000000e+01,6.615999999999998271e-02
3.000000000000000000e+00,7.700000000000000000e+01,6.615999999999998271e-02
3.000000000000000000e+00,7.800000000000000000e+01,6.615999999999998271e-02
3.000000000000000000e+00,7.900000000000000000e+01,6.615999999999998271e-02
3.000000000000000000e+00,8.000000000000000000e+01,6.615999999999998271e-02
3.000000000000000000e+00,8.100000000000000000e+01,6.615999999999998271e-02
3.000000000000000000e+00,8.200000000000000000e+01,6.615999999999998271e-02
3.000000000000000000e+00,8.300000000000000000e+01,6.615999999999998271e-02
3.000000000000000000e+00,8.400000000000000000e+01,6.615999999999998271e-02
3.000000000000000000e+00,8.500000000000000000e+01,6.615999999999998271e-02
3.000000000000000000e+00,8.600000000000000000e+01,6.615999999999998271e-02
3.000000000000000000e+00,8.700000000000000000e+01,6.615999999999998271e-02
3.000000000000000000e+00,8.800000000000000000e+01,6.615999999999998271e-02
3.000000000000000000e+00,8.900000000000000000e+01,6.615999999999998271e-02
3.000000000000000000e+00,9.000000000000000000e+01,6.615999999999998271e-02
3.000000000000000000e+00,9.100000000000000000e+01,6.615999999999998271e-02
3.000000000000000000e+00,9.200000000000000000e+01,6.615999999999998271e-02
3.000000000000000000e+00,9.300000000000000000e+01,6.615999999999998271e-02
3.000000000000000000e+00,9.400000000000000000e+01,6.615999999999998271e-02
3.000000000000000000e+00,9.500000000000000000e+01,6.615999999999998271e-02
3.000000000000000000e+00,9.600000000000000000e+01,6.615999999999998271e-02
3.000000000000000000e+00,9.700000000000000000e+01,6.615999999999998271e-02
3.000000000000000000e+00,9.800000000000000000e+01,6.615999999999998271e-02
3.000000000000000000e+00,9.900000000000000000e+01,6.615999999999998271e-02
3.000000000000000000e+00,1.000000000000000000e+02,6.615999999999998271e-02
4.000000000000000000e+00,0.000000000000000000e+00,2.125135714285714683e-01
4.000000000000000000e+00,1.000000000000000000e+00,1.999578571428573259e-01
4.000000000000000000e+00,2.000000000000000000e+00,1.999578571428573259e-01
4.000000000000000000e+00,3.000000000000000000e+00,1.911764285714285527e-01
4.000000000000000000e+00,4.000000000000000000e+00,1.903514285714285603e-01
4.000000000000000000e+00,5.000000000000000000e+00,1.551592857142857218e-01
4.000000000000000000e+00,6.000000000000000000e+00,1.480628571428571905e-01
4.000000000000000000e+00,7.000000000000000000e+00,1.480628571428571905e-01
4.000000000000000000e+00,8.000000000000000000e+00,1.480628571428571905e-01
4.000000000000000000e+00,9.000000000000000000e+00,1.480628571428571905e-01
4.000000000000000000e+00,1.000000000000000000e+01,1.480628571428571905e-01
4.000000000000000000e+00,1.100000000000000000e+01,1.480628571428571905e-01
4.000000000000000000e+00,1.200000000000000000e+01,1.480628571428571905e-01
4.000000000000000000e+00,1.300000000000000000e+01,1.480628571428571905e-01
4.000000000000000000e+00,1.400000000000000000e+01,1.480628571428571905e-01
4.000000000000000000e+00,1.500000000000000000e+01,1.480628571428571905e-01
4.000000000000000000e+00,1.600000000000000000e+01,1.480628571428571905e-01
4.000000000000000000e+00,1.700000000000000000e+01,1.480628571428571905e-01
4.000000000000000000e+00,1.800000000000000000e+01,1.480628571428571905e-01
4.000000000000000000e+00,1.900000000000000000e+01,1.440257142857143124e-01
4.000000000000000000e+00,2.000000000000000000e+01,1.440257142857143124e-01
4.000000000000000000e+00,2.100000000000000000e+01,1.440257142857143124e-01
4.000000000000000000e+00,2.200000000000000000e+01,1.440257142857143124e-01
4.000000000000000000e+00,2.300000000000000000e+01,1.440257142857143124e-01
4.000000000000000000e+00,2.400000000000000000e+01,1.440257142857143124e-01
4.000000000000000000e+00,2.500000000000000000e+01,1.440257142857143124e-01
4.000000000000000000e+00,2.600000000000000000e+01,1.415885714285714803e-01
4.000000000000000000e+00,2.700000000000000000e+01,1.415885714285714803e-01
4.000000000000000000e+00,2.800000000000000000e+01,1.415885714285714803e-01
4.000000000000000000e+00,2.900000000000000000e+01,1.415885714285714803e-01
4.000000000000000000e+00,3.000000000000000000e+01,1.415885714285714803e-01
4.000000000000000000e+00,3.100000000000000000e+01,1.415885714285714803e-01
4.000000000000000000e+00,3.200000000000000000e+01,1.297178571428572180e-01
4.000000000000000000e+00,3.300000000000000000e+01,1.297178571428572180e-01
4.000000000000000000e+00,3.400000000000000000e+01,1.297178571428572180e-01
4.000000000000000000e+00,3.500000000000000000e+01,1.202892857142858346e-01
4.000000000000000000e+00,3.600000000000000000e+01,1.202892857142858346e-01
4.000000000000000000e+00,3.700000000000000000e+01,1.108607142857142291e-01
4.000000000000000000e+00,3.800000000000000000e+01,1.108607142857142291e-01
4.000000000000000000e+00,3.900000000000000000e+01,1.108607142857142291e-01
4.000000000000000000e+00,4.000000000000000000e+01,1.108607142857142291e-01
4.000000000000000000e+00,4.100000000000000000e+01,1.108607142857142291e-01
4.000000000000000000e+00,4.200000000000000000e+01,1.108607142857142291e-01
4.000000000000000000e+00,4.300000000000000000e+01,1.108607142857142291e-01
4.000000000000000000e+00,4.400000000000000000e+01,1.108607142857142291e-01
4.000000000000000000e+00,4.500000000000000000e+01,1.108607142857142291e-01
4.000000000000000000e+00,4.600000000000000000e+01,1.108607142857142291e-01
4.000000000000000000e+00,4.700000000000000000e+01,1.108607142857142291e-01
4.000000000000000000e+00,4.800000000000000000e+01,1.108607142857142291e-01
4.000000000000000000e+00,4.900000000000000000e+01,1.108607142857142291e-01
4.000000000000000000e+00,5.000000000000000000e+01,1.108607142857142291e-01
4.000000000000000000e+00,5.100000000000000000e+01,1.108607142857142291e-01
4.000000000000000000e+00,5.200000000000000000e+01,1.108607142857142291e-01
4.000000000000000000e+00,5.300000000000000000e+01,1.108607142857142291e-01
4.000000000000000000e+00,5.400000000000000000e+01,1.108607142857142291e-01
4.000000000000000000e+00,5.500000000000000000e+01,1.108607142857142291e-01
4.000000000000000000e+00,5.600000000000000000e+01,1.108607142857142291e-01
4.000000000000000000e+00,5.700000000000000000e+01,1.108607142857142291e-01
4.000000000000000000e+00,5.800000000000000000e+01,1.108607142857142291e-01
4.000000000000000000e+00,5.900000000000000000e+01,1.108607142857142291e-01
4.000000000000000000e+00,6.000000000000000000e+01,1.108607142857142291e-01
4.000000000000000000e+00,6.100000000000000000e+01,1.108607142857142291e-01
4.000000000000000000e+00,6.200000000000000000e+01,1.108607142857142291e-01
4.000000000000000000e+00,6.300000000000000000e+01,1.108607142857142291e-01
4.000000000000000000e+00,6.400000000000000000e+01,1.108607142857142291e-01
4.000000000000000000e+00,6.500000000000000000e+01,1.108607142857142291e-01
4.000000000000000000e+00,6.600000000000000000e+01,1.108607142857142291e-01
4.000000000000000000e+00,6.700000000000000000e+01,1.108607142857142291e-01
4.000000000000000000e+00,6.800000000000000000e+01,1.108607142857142291e-01
4.000000000000000000e+00,6.900000000000000000e+01,1.108607142857142291e-01
4.000000000000000000e+00,7.000000000000000000e+01,1.108607142857142291e-01
4.000000000000000000e+00,7.100000000000000000e+01,1.108607142857142291e-01
4.000000000000000000e+00,7.200000000000000000e+01,1.108607142857142291e-01
4.000000000000000000e+00,7.300000000000000000e+01,1.108607142857142291e-01
4.000000000000000000e+00,7.400000000000000000e+01,1.108607142857142291e-01
4.000000000000000000e+00,7.500000000000000000e+01,1.108607142857142291e-01
4.000000000000000000e+00,7.600000000000000000e+01,1.108607142857142291e-01
4.000000000000000000e+00,7.700000000000000000e+01,1.108607142857142291e-01
4.000000000000000000e+00,7.800000000000000000e+01,1.108607142857142291e-01
4.000000000000000000e+00,7.900000000000000000e+01,1.108607142857142291e-01
4.000000000000000000e+00,8.000000000000000000e+01,1.108607142857142291e-01
4.000000000000000000e+00,8.100000000000000000e+01,1.108607142857142291e-01
4.000000000000000000e+00,8.200000000000000000e+01,1.108607142857142291e-01
4.000000000000000000e+00,8.300000000000000000e+01,1.108607142857142291e-01
4.000000000000000000e+00,8.400000000000000000e+01,1.108607142857142291e-01
4.000000000000000000e+00,8.500000000000000000e+01,1.108607142857142291e-01
4.000000000000000000e+00,8.600000000000000000e+01,1.108607142857142291e-01
4.000000000000000000e+00,8.700000000000000000e+01,1.108607142857142291e-01
4.000000000000000000e+00,8.800000000000000000e+01,1.108607142857142291e-01
4.000000000000000000e+00,8.900000000000000000e+01,1.108607142857142291e-01
4.000000000000000000e+00,9.000000000000000000e+01,1.108607142857142291e-01
4.000000000000000000e+00,9.100000000000000000e+01,1.108607142857142291e-01
4.000000000000000000e+00,9.200000000000000000e+01,1.108607142857142291e-01
4.000000000000000000e+00,9.300000000000000000e+01,1.108607142857142291e-01
4.000000000000000000e+00,9.400000000000000000e+01,1.108607142857142291e-01
4.000000000000000000e+00,9.500000000000000000e+01,1.108607142857142291e-01
4.000000000000000000e+00,9.600000000000000000e+01,1.108607142857142291e-01
4.000000000000000000e+00,9.700000000000000000e+01,1.108607142857142291e-01
4.000000000000000000e+00,9.800000000000000000e+01,1.108607142857142291e-01
4.000000000000000000e+00,9.900000000000000000e+01,1.108607142857142291e-01
4.000000000000000000e+00,1.000000000000000000e+02,1.108607142857142291e-01
5.000000000000000000e+00,0.000000000000000000e+00,2.101014285714286056e-01
5.000000000000000000e+00,1.000000000000000000e+00,1.804807142857142166e-01
5.000000000000000000e+00,2.000000000000000000e+00,1.804807142857142166e-01
5.000000000000000000e+00,3.000000000000000000e+00,1.804807142857142166e-01
5.000000000000000000e+00,4.000000000000000000e+00,1.570964285714285535e-01
5.000000000000000000e+00,5.000000000000000000e+00,1.218292857142858343e-01
5.000000000000000000e+00,6.000000000000000000e+00,1.218292857142858343e-01
5.000000000000000000e+00,7.000000000000000000e+00,1.218292857142858343e-01
5.000000000000000000e+00,8.000000000000000000e+00,1.218292857142858343e-01
5.000000000000000000e+00,9.000000000000000000e+00,1.218292857142858343e-01
5.000000000000000000e+00,1.000000000000000000e+01,1.218292857142858343e-01
5.000000000000000000e+00,1.100000000000000000e+01,1.218292857142858343e-01
5.000000000000000000e+00,1.200000000000000000e+01,1.218292857142858343e-01
5.000000000000000000e+00,1.300000000000000000e+01,1.218292857142858343e-01
5.000000000000000000e+00,1.400000000000000000e+01,1.218292857142858343e-01
5.000000000000000000e+00,1.500000000000000000e+01,1.218292857142858343e-01
5.000000000000000000e+00,1.600000000000000000e+01,1.218292857142858343e-01
5.000000000000000000e+00,1.700000000000000000e+01,1.218292857142858343e-01
5.000000000000000000e+00,1.800000000000000000e+01,1.218292857142858343e-01
5.000000000000000000e+00,1.900000000000000000e+01,1.218292857142858343e-01
5.000000000000000000e+00,2.000000000000000000e+01,1.218292857142858343e-01
5.000000000000000000e+00,2.100000000000000000e+01,1.218292857142858343e-01
5.000000000000000000e+00,2.200000000000000000e+01,1.218292857142858343e-01
5.000000000000000000e+00,2.300000000000000000e+01,1.218292857142858343e-01
5.000000000000000000e+00,2.400000000000000000e+01,1.218292857142858343e-01
5.000000000000000000e+00,2.500000000000000000e+01,1.218292857142858343e-01
5.000000000000000000e+00,2.600000000000000000e+01,1.218292857142858343e-01
5.000000000000000000e+00,2.700000000000000000e+01,9.700285714285712679e-02
5.000000000000000000e+00,2.800000000000000000e+01,9.700285714285712679e-02
5.000000000000000000e+00,2.900000000000000000e+01,9.458071428571417083e-02
5.000000000000000000e+00,3.000000000000000000e+01,9.457071428571427185e-02
5.000000000000000000e+00,3.100000000000000000e+01,9.457071428571427185e-02
5.000000000000000000e+00,3.200000000000000000e+01,9.457071428571427185e-02
5.000000000000000000e+00,3.300000000000000000e+01,7.807071428571421556e-02
5.000000000000000000e+00,3.400000000000000000e+01,7.807071428571421556e-02
5.000000000000000000e+00,3.500000000000000000e+01,7.807071428571421556e-02
5.000000000000000000e+00,3.600000000000000000e+01,7.807071428571421556e-02
5.000000000000000000e+00,3.700000000000000000e+01,7.807071428571421556e-02
5.000000000000000000e+00,3.800000000000000000e+01,7.807071428571421556e-02
5.000000000000000000e+00,3.900000000000000000e+01,7.807071428571421556e-02
5.000000000000000000e+00,4.000000000000000000e+01,7.807071428571421556e-02
5.000000000000000000e+00,4.100000000000000000e+01,7.807071428571421556e-02
5.000000000000000000e+00,4.200000000000000000e+01,7.807071428571421556e-02
5.000000000000000000e+00,4.300000000000000000e+01,7.570857142857138899e-02
5.000000000000000000e+00,4.400000000000000000e+01,7.570857142857138899e-02
5.000000000000000000e+00,4.500000000000000000e+01,7.570857142857138899e-02
5.000000000000000000e+00,4.600000000000000000e+01,7.570857142857138899e-02
5.000000000000000000e+00,4.700000000000000000e+01,7.570857142857138899e-02
5.000000000000000000e+00,4.800000000000000000e+01,7.570857142857138899e-02
5.000000000000000000e+00,4.900000000000000000e+01,7.570857142857138899e-02
5.000000000000000000e+00,5.000000000000000000e+01,7.570857142857138899e-02
5.000000000000000000e+00,5.100000000000000000e+01,7.570857142857138899e-02
5.000000000000000000e+00,5.200000000000000000e+01,7.570857142857138899e-02
5.000000000000000000e+00,5.300000000000000000e+01,7.570857142857138899e-02
5.000000000000000000e+00,5.400000000000000000e+01,7.570857142857138899e-02
5.000000000000000000e+00,5.500000000000000000e+01,7.570857142857138899e-02
5.000000000000000000e+00,5.600000000000000000e+01,7.570857142857138899e-02
5.000000000000000000e+00,5.700000000000000000e+01,7.570857142857138899e-02
5.000000000000000000e+00,5.800000000000000000e+01,7.570857142857138899e-02
5.000000000000000000e+00,5.900000000000000000e+01,7.570857142857138899e-02
5.000000000000000000e+00,6.000000000000000000e+01,7.570857142857138899e-02
5.000000000000000000e+00,6.100000000000000000e+01,7.570857142857138899e-02
5.000000000000000000e+00,6.200000000000000000e+01,7.570857142857138899e-02
5.000000000000000000e+00,6.300000000000000000e+01,7.570857142857138899e-02
5.000000000000000000e+00,6.400000000000000000e+01,7.570857142857138899e-02
5.000000000000000000e+00,6.500000000000000000e+01,7.570857142857138899e-02
5.000000000000000000e+00,6.600000000000000000e+01,7.570857142857138899e-02
5.000000000000000000e+00,6.700000000000000000e+01,7.570857142857138899e-02
5.000000000000000000e+00,6.800000000000000000e+01,7.570857142857138899e-02
5.000000000000000000e+00,6.900000000000000000e+01,7.570857142857138899e-02
5.000000000000000000e+00,7.000000000000000000e+01,7.570857142857138899e-02
5.000000000000000000e+00,7.100000000000000000e+01,7.570857142857138899e-02
5.000000000000000000e+00,7.200000000000000000e+01,7.570857142857138899e-02
5.000000000000000000e+00,7.300000000000000000e+01,7.570857142857138899e-02
5.000000000000000000e+00,7.400000000000000000e+01,7.570857142857138899e-02
5.000000000000000000e+00,7.500000000000000000e+01,7.570857142857138899e-02
5.000000000000000000e+00,7.600000000000000000e+01,7.570857142857138899e-02
5.000000000000000000e+00,7.700000000000000000e+01,7.570857142857138899e-02
5.000000000000000000e+00,7.800000000000000000e+01,7.570857142857138899e-02
5.000000000000000000e+00,7.900000000000000000e+01,7.570857142857138899e-02
5.000000000000000000e+00,8.000000000000000000e+01,7.570857142857138899e-02
5.000000000000000000e+00,8.100000000000000000e+01,7.570857142857138899e-02
5.000000000000000000e+00,8.200000000000000000e+01,7.570857142857138899e-02
5.000000000000000000e+00,8.300000000000000000e+01,7.570857142857138899e-02
5.000000000000000000e+00,8.400000000000000000e+01,7.570857142857138899e-02
5.000000000000000000e+00,8.500000000000000000e+01,7.570857142857138899e-02
5.000000000000000000e+00,8.600000000000000000e+01,7.570857142857138899e-02
5.000000000000000000e+00,8.700000000000000000e+01,7.570857142857138899e-02
5.000000000000000000e+00,8.800000000000000000e+01,7.570857142857138899e-02
5.000000000000000000e+00,8.900000000000000000e+01,7.570857142857138899e-02
5.000000000000000000e+00,9.000000000000000000e+01,7.570857142857138899e-02
5.000000000000000000e+00,9.100000000000000000e+01,7.570857142857138899e-02
5.000000000000000000e+00,9.200000000000000000e+01,7.570857142857138899e-02
5.000000000000000000e+00,9.300000000000000000e+01,7.570857142857138899e-02
5.000000000000000000e+00,9.400000000000000000e+01,7.570857142857138899e-02
5.000000000000000000e+00,9.500000000000000000e+01,7.570857142857138899e-02
5.000000000000000000e+00,9.600000000000000000e+01,7.570857142857138899e-02
5.000000000000000000e+00,9.700000000000000000e+01,7.570857142857138899e-02
5.000000000000000000e+00,9.800000000000000000e+01,7.570857142857138899e-02
5.000000000000000000e+00,9.900000000000000000e+01,7.570857142857138899e-02
5.000000000000000000e+00,1.000000000000000000e+02,7.570857142857138899e-02
6.000000000000000000e+00,0.000000000000000000e+00,1.958835714285714069e-01
6.000000000000000000e+00,1.000000000000000000e+00,1.670028571428571196e-01
6.000000000000000000e+00,2.000000000000000000e+00,1.642528571428571171e-01
6.000000000000000000e+00,3.000000000000000000e+00,1.642528571428571171e-01
6.000000000000000000e+00,4.000000000000000000e+00,1.642528571428571171e-01
6.000000000000000000e+00,5.000000000000000000e+00,1.399714285714286355e-01
6.000000000000000000e+00,6.000000000000000000e+00,1.399714285714286355e-01
6.000000000000000000e+00,7.000000000000000000e+00,1.279007142857141732e-01
6.000000000000000000e+00,8.000000000000000000e+00,1.279007142857141732e-01
6.000000000000000000e+00,9.000000000000000000e+00,1.253785714285713115e-01
6.000000000000000000e+00,1.000000000000000000e+01,1.253785714285713115e-01
6.000000000000000000e+00,1.100000000000000000e+01,1.112107142857144404e-01
6.000000000000000000e+00,1.200000000000000000e+01,1.088335714285713768e-01
6.000000000000000000e+00,1.300000000000000000e+01,8.034285714285707702e-02
6.000000000000000000e+00,1.400000000000000000e+01,8.034285714285707702e-02
6.000000000000000000e+00,1.500000000000000000e+01,7.798571428571422770e-02
6.000000000000000000e+00,1.600000000000000000e+01,7.798571428571422770e-02
6.000000000000000000e+00,1.700000000000000000e+01,7.798571428571422770e-02
6.000000000000000000e+00,1.800000000000000000e+01,7.798571428571422770e-02
6.000000000000000000e+00,1.900000000000000000e+01,7.798571428571422770e-02
6.000000000000000000e+00,2.000000000000000000e+01,6.378285714285714114e-02
6.000000000000000000e+00,2.100000000000000000e+01,6.378285714285714114e-02
6.000000000000000000e+00,2.200000000000000000e+01,6.142571428571429182e-02
6.000000000000000000e+00,2.300000000000000000e+01,6.142571428571429182e-02
6.000000000000000000e+00,2.400000000000000000e+01,6.142571428571429182e-02
6.000000000000000000e+00,2.500000000000000000e+01,5.906857142857144249e-02
6.000000000000000000e+00,2.600000000000000000e+01,5.906857142857144249e-02
6.000000000000000000e+00,2.700000000000000000e+01,5.906857142857144249e-02
6.000000000000000000e+00,2.800000000000000000e+01,5.906857142857144249e-02
6.000000000000000000e+00,2.900000000000000000e+01,5.906857142857144249e-02
6.000000000000000000e+00,3.000000000000000000e+01,5.906857142857144249e-02
6.000000000000000000e+00,3.100000000000000000e+01,5.906857142857144249e-02
6.000000000000000000e+00,3.200000000000000000e+01,5.906857142857144249e-02
6.000000000000000000e+00,3.300000000000000000e+01,5.906857142857144249e-02
6.000000000000000000e+00,3.400000000000000000e+01,5.906857142857144249e-02
6.000000000000000000e+00,3.500000000000000000e+01,5.906857142857144249e-02
6.000000000000000000e+00,3.600000000000000000e+01,5.906857142857144249e-02
6.000000000000000000e+00,3.700000000000000000e+01,5.906857142857144249e-02
6.000000000000000000e+00,3.800000000000000000e+01,5.906857142857144249e-02
6.000000000000000000e+00,3.900000000000000000e+01,5.906857142857144249e-02
6.000000000000000000e+00,4.000000000000000000e+01,5.906857142857144249e-02
6.000000000000000000e+00,4.100000000000000000e+01,5.906857142857144249e-02
6.000000000000000000e+00,4.200000000000000000e+01,5.906857142857144249e-02
6.000000000000000000e+00,4.300000000000000000e+01,5.906857142857144249e-02
6.000000000000000000e+00,4.400000000000000000e+01,5.906857142857144249e-02
6.000000000000000000e+00,4.500000000000000000e+01,5.906857142857144249e-02
6.000000000000000000e+00,4.600000000000000000e+01,5.906857142857144249e-02
6.000000000000000000e+00,4.700000000000000000e+01,5.906857142857144249e-02
6.000000000000000000e+00,4.800000000000000000e+01,5.906857142857144249e-02
6.000000000000000000e+00,4.900000000000000000e+01,5.906857142857144249e-02
6.000000000000000000e+00,5.000000000000000000e+01,5.906857142857144249e-02
6.000000000000000000e+00,5.100000000000000000e+01,5.906857142857144249e-02
6.000000000000000000e+00,5.200000000000000000e+01,5.906857142857144249e-02
6.000000000000000000e+00,5.300000000000000000e+01,5.906857142857144249e-02
6.000000000000000000e+00,5.400000000000000000e+01,5.906857142857144249e-02
6.000000000000000000e+00,5.500000000000000000e+01,5.906857142857144249e-02
6.000000000000000000e+00,5.600000000000000000e+01,5.906857142857144249e-02
6.000000000000000000e+00,5.700000000000000000e+01,5.906857142857144249e-02
6.000000000000000000e+00,5.800000000000000000e+01,5.906857142857144249e-02
6.000000000000000000e+00,5.900000000000000000e+01,5.906857142857144249e-02
6.000000000000000000e+00,6.000000000000000000e+01,5.906857142857144249e-02
6.000000000000000000e+00,6.100000000000000000e+01,5.906857142857144249e-02
6.000000000000000000e+00,6.200000000000000000e+01,5.906857142857144249e-02
6.000000000000000000e+00,6.300000000000000000e+01,5.906857142857144249e-02
6.000000000000000000e+00,6.400000000000000000e+01,5.906857142857144249e-02
6.000000000000000000e+00,6.500000000000000000e+01,5.906857142857144249e-02
6.000000000000000000e+00,6.600000000000000000e+01,5.906857142857144249e-02
6.000000000000000000e+00,6.700000000000000000e+01,5.906857142857144249e-02
6.000000000000000000e+00,6.800000000000000000e+01,5.906857142857144249e-02
6.000000000000000000e+00,6.900000000000000000e+01,5.906857142857144249e-02
6.000000000000000000e+00,7.000000000000000000e+01,5.906857142857144249e-02
6.000000000000000000e+00,7.100000000000000000e+01,5.906857142857144249e-02
6.000000000000000000e+00,7.200000000000000000e+01,5.906857142857144249e-02
6.000000000000000000e+00,7.300000000000000000e+01,5.906857142857144249e-02
6.000000000000000000e+00,7.400000000000000000e+01,5.906857142857144249e-02
6.000000000000000000e+00,7.500000000000000000e+01,5.906857142857144249e-02
6.000000000000000000e+00,7.600000000000000000e+01,5.906857142857144249e-02
6.000000000000000000e+00,7.700000000000000000e+01,5.906857142857144249e-02
6.000000000000000000e+00,7.800000000000000000e+01,5.906857142857144249e-02
6.000000000000000000e+00,7.900000000000000000e+01,5.906857142857144249e-02
6.000000000000000000e+00,8.000000000000000000e+01,5.906857142857144249e-02
6.000000000000000000e+00,8.100000000000000000e+01,5.906857142857144249e-02
6.000000000000000000e+00,8.200000000000000000e+01,5.906857142857144249e-02
6.000000000000000000e+00,8.300000000000000000e+01,5.906857142857144249e-02
6.000000000000000000e+00,8.400000000000000000e+01,5.906857142857144249e-02
6.000000000000000000e+00,8.500000000000000000e+01,5.906857142857144249e-02
6.000000000000000000e+00,8.600000000000000000e+01,5.906857142857144249e-02
6.000000000000000000e+00,8.700000000000000000e+01,5.906857142857144249e-02
6.000000000000000000e+00,8.800000000000000000e+01,5.906857142857144249e-02
6.000000000000000000e+00,8.900000000000000000e+01,5.906857142857144249e-02
6.000000000000000000e+00,9.000000000000000000e+01,5.906857142857144249e-02
6.000000000000000000e+00,9.100000000000000000e+01,5.906857142857144249e-02
6.000000000000000000e+00,9.200000000000000000e+01,5.906857142857144249e-02
6.000000000000000000e+00,9.300000000000000000e+01,5.906857142857144249e-02
6.000000000000000000e+00,9.400000000000000000e+01,5.906857142857144249e-02
6.000000000000000000e+00,9.500000000000000000e+01,5.906857142857144249e-02
6.000000000000000000e+00,9.600000000000000000e+01,5.906857142857144249e-02
6.000000000000000000e+00,9.700000000000000000e+01,5.906857142857144249e-02
6.000000000000000000e+00,9.800000000000000000e+01,5.906857142857144249e-02
6.000000000000000000e+00,9.900000000000000000e+01,5.906857142857144249e-02
6.000000000000000000e+00,1.000000000000000000e+02,5.906857142857144249e-02
7.000000000000000000e+00,0.000000000000000000e+00,2.004578571428571321e-01
7.000000000000000000e+00,1.000000000000000000e+00,2.004578571428571321e-01
7.000000000000000000e+00,2.000000000000000000e+00,1.953957142857142559e-01
7.000000000000000000e+00,3.000000000000000000e+00,1.951157142857142535e-01
7.000000000000000000e+00,4.000000000000000000e+00,1.951157142857142535e-01
7.000000000000000000e+00,5.000000000000000000e+00,1.873992857142857127e-01
7.000000000000000000e+00,6.000000000000000000e+00,1.775507142857143117e-01
7.000000000000000000e+00,7.000000000000000000e+00,1.774307142857142194e-01
7.000000000000000000e+00,8.000000000000000000e+00,1.725264285714286361e-01
7.000000000000000000e+00,9.000000000000000000e+00,1.607507142857142468e-01
7.000000000000000000e+00,1.000000000000000000e+01,1.607507142857142468e-01
7.000000000000000000e+00,1.100000000000000000e+01,1.607507142857142468e-01
7.000000000000000000e+00,1.200000000000000000e+01,1.607507142857142468e-01
7.000000000000000000e+00,1.300000000000000000e+01,1.607507142857142468e-01
7.000000000000000000e+00,1.400000000000000000e+01,1.607507142857142468e-01
7.000000000000000000e+00,1.500000000000000000e+01,1.607507142857142468e-01
7.000000000000000000e+00,1.600000000000000000e+01,1.607507142857142468e-01
7.000000000000000000e+00,1.700000000000000000e+01,1.607507142857142468e-01
7.000000000000000000e+00,1.800000000000000000e+01,1.607507142857142468e-01
7.000000000000000000e+00,1.900000000000000000e+01,1.557614285714285507e-01
7.000000000000000000e+00,2.000000000000000000e+01,1.557614285714285507e-01
7.000000000000000000e+00,2.100000000000000000e+01,1.557614285714285507e-01
7.000000000000000000e+00,2.200000000000000000e+01,1.534042857142857152e-01
7.000000000000000000e+00,2.300000000000000000e+01,1.463328571428571812e-01
7.000000000000000000e+00,2.400000000000000000e+01,1.463328571428571812e-01
7.000000000000000000e+00,2.500000000000000000e+01,1.463328571428571812e-01
7.000000000000000000e+00,2.600000000000000000e+01,1.463328571428571812e-01
7.000000000000000000e+00,2.700000000000000000e+01,1.463328571428571812e-01
7.000000000000000000e+00,2.800000000000000000e+01,1.463328571428571812e-01
7.000000000000000000e+00,2.900000000000000000e+01,1.439707142857143130e-01
7.000000000000000000e+00,3.000000000000000000e+01,1.439707142857143130e-01
7.000000000000000000e+00,3.100000000000000000e+01,1.439707142857143130e-01
7.000000000000000000e+00,3.200000000000000000e+01,1.439707142857143130e-01
7.000000000000000000e+00,3.300000000000000000e+01,1.439707142857143130e-01
7.000000000000000000e+00,3.400000000000000000e+01,1.415935714285714853e-01
7.000000000000000000e+00,3.500000000000000000e+01,1.415935714285714853e-01
7.000000000000000000e+00,3.600000000000000000e+01,1.415935714285714853e-01
7.000000000000000000e+00,3.700000000000000000e+01,1.274407142857143793e-01
7.000000000000000000e+00,3.800000000000000000e+01,1.274407142857143793e-01
7.000000000000000000e+00,3.900000000000000000e+01,1.274407142857143793e-01
7.000000000000000000e+00,4.000000000000000000e+01,1.274407142857143793e-01
7.000000000000000000e+00,4.100000000000000000e+01,1.202742857142858335e-01
7.000000000000000000e+00,4.200000000000000000e+01,1.132028571428570773e-01
7.000000000000000000e+00,4.300000000000000000e+01,1.132028571428570773e-01
7.000000000000000000e+00,4.400000000000000000e+01,1.108457142857142280e-01
7.000000000000000000e+00,4.500000000000000000e+01,1.108457142857142280e-01
7.000000000000000000e+00,4.600000000000000000e+01,1.084885714285713787e-01
7.000000000000000000e+00,4.700000000000000000e+01,1.084885714285713787e-01
7.000000000000000000e+00,4.800000000000000000e+01,1.084885714285713787e-01
7.000000000000000000e+00,4.900000000000000000e+01,1.084885714285713787e-01
7.000000000000000000e+00,5.000000000000000000e+01,1.084885714285713787e-01
7.000000000000000000e+00,5.100000000000000000e+01,1.084885714285713787e-01
7.000000000000000000e+00,5.200000000000000000e+01,1.061164285714285282e-01
7.000000000000000000e+00,5.300000000000000000e+01,1.061164285714285282e-01
7.000000000000000000e+00,5.400000000000000000e+01,1.061164285714285282e-01
7.000000000000000000e+00,5.500000000000000000e+01,1.061064285714285182e-01
7.000000000000000000e+00,5.600000000000000000e+01,1.061064285714285182e-01
7.000000000000000000e+00,5.700000000000000000e+01,1.061064285714285182e-01
7.000000000000000000e+00,5.800000000000000000e+01,1.061064285714285182e-01
7.000000000000000000e+00,5.900000000000000000e+01,1.061064285714285182e-01
7.000000000000000000e+00,6.000000000000000000e+01,1.061064285714285182e-01
7.000000000000000000e+00,6.100000000000000000e+01,1.061064285714285182e-01
7.000000000000000000e+00,6.200000000000000000e+01,1.061064285714285182e-01
7.000000000000000000e+00,6.300000000000000000e+01,1.061064285714285182e-01
7.000000000000000000e+00,6.400000000000000000e+01,1.061064285714285182e-01
7.000000000000000000e+00,6.500000000000000000e+01,1.061064285714285182e-01
7.000000000000000000e+00,6.600000000000000000e+01,1.061064285714285182e-01
7.000000000000000000e+00,6.700000000000000000e+01,1.061064285714285182e-01
7.000000000000000000e+00,6.800000000000000000e+01,1.061064285714285182e-01
7.000000000000000000e+00,6.900000000000000000e+01,1.061064285714285182e-01
7.000000000000000000e+00,7.000000000000000000e+01,1.061064285714285182e-01
7.000000000000000000e+00,7.100000000000000000e+01,1.061064285714285182e-01
7.000000000000000000e+00,7.200000000000000000e+01,1.061064285714285182e-01
7.000000000000000000e+00,7.300000000000000000e+01,1.061064285714285182e-01
7.000000000000000000e+00,7.400000000000000000e+01,1.061064285714285182e-01
7.000000000000000000e+00,7.500000000000000000e+01,1.061064285714285182e-01
7.000000000000000000e+00,7.600000000000000000e+01,9.667785714285712095e-02
7.000000000000000000e+00,7.700000000000000000e+01,9.667785714285712095e-02
7.000000000000000000e+00,7.800000000000000000e+01,9.667785714285712095e-02
7.000000000000000000e+00,7.900000000000000000e+01,9.667785714285712095e-02
7.000000000000000000e+00,8.000000000000000000e+01,9.667785714285712095e-02
7.000000000000000000e+00,8.100000000000000000e+01,9.667785714285712095e-02
7.000000000000000000e+00,8.200000000000000000e+01,9.667785714285712095e-02
7.000000000000000000e+00,8.300000000000000000e+01,9.667785714285712095e-02
7.000000000000000000e+00,8.400000000000000000e+01,9.667785714285712095e-02
7.000000000000000000e+00,8.500000000000000000e+01,9.667785714285712095e-02
7.000000000000000000e+00,8.600000000000000000e+01,9.667785714285712095e-02
7.000000000000000000e+00,8.700000000000000000e+01,9.667785714285712095e-02
7.000000000000000000e+00,8.800000000000000000e+01,9.667785714285712095e-02
7.000000000000000000e+00,8.900000000000000000e+01,9.667785714285712095e-02
7.000000000000000000e+00,9.000000000000000000e+01,9.667785714285712095e-02
7.000000000000000000e+00,9.100000000000000000e+01,9.667785714285712095e-02
7.000000000000000000e+00,9.200000000000000000e+01,9.667785714285712095e-02
7.000000000000000000e+00,9.300000000000000000e+01,9.430571428571428438e-02
7.000000000000000000e+00,9.400000000000000000e+01,9.430571428571428438e-02
7.000000000000000000e+00,9.500000000000000000e+01,9.430571428571428438e-02
7.000000000000000000e+00,9.600000000000000000e+01,9.430571428571428438e-02
7.000000000000000000e+00,9.700000000000000000e+01,9.430571428571428438e-02
7.000000000000000000e+00,9.800000000000000000e+01,9.430571428571428438e-02
7.000000000000000000e+00,9.900000000000000000e+01,9.430571428571428438e-02
7.000000000000000000e+00,1.000000000000000000e+02,9.430571428571428438e-02
8.000000000000000000e+00,0.000000000000000000e+00,1.981607142857142456e-01
8.000000000000000000e+00,1.000000000000000000e+00,1.930964285714285578e-01
8.000000000000000000e+00,2.000000000000000000e+00,1.912764285714285695e-01
8.000000000000000000e+00,3.000000000000000000e+00,1.912764285714285695e-01
8.000000000000000000e+00,4.000000000000000000e+00,1.912764285714285695e-01
8.000000000000000000e+00,5.000000000000000000e+00,1.734814285714285087e-01
8.000000000000000000e+00,6.000000000000000000e+00,1.734814285714285087e-01
8.000000000000000000e+00,7.000000000000000000e+00,1.734814285714285087e-01
8.000000000000000000e+00,8.000000000000000000e+00,1.734814285714285087e-01
8.000000000000000000e+00,9.000000000000000000e+00,1.734814285714285087e-01
8.000000000000000000e+00,1.000000000000000000e+01,1.466628571428571781e-01
8.000000000000000000e+00,1.100000000000000000e+01,1.466628571428571781e-01
8.000000000000000000e+00,1.200000000000000000e+01,1.466628571428571781e-01
8.000000000000000000e+00,1.300000000000000000e+01,1.466628571428571781e-01
8.000000000000000000e+00,1.400000000000000000e+01,1.463578571428571784e-01
8.000000000000000000e+00,1.500000000000000000e+01,1.463578571428571784e-01
8.000000000000000000e+00,1.600000000000000000e+01,1.463578571428571784e-01
8.000000000000000000e+00,1.700000000000000000e+01,1.463578571428571784e-01
8.000000000000000000e+00,1.800000000000000000e+01,1.463578571428571784e-01
8.000000000000000000e+00,1.900000000000000000e+01,1.463578571428571784e-01
8.000000000000000000e+00,2.000000000000000000e+01,1.463578571428571784e-01
8.000000000000000000e+00,2.100000000000000000e+01,1.463578571428571784e-01
8.000000000000000000e+00,2.200000000000000000e+01,1.463578571428571784e-01
8.000000000000000000e+00,2.300000000000000000e+01,1.463578571428571784e-01
8.000000000000000000e+00,2.400000000000000000e+01,1.463578571428571784e-01
8.000000000000000000e+00,2.500000000000000000e+01,1.463578571428571784e-01
8.000000000000000000e+00,2.600000000000000000e+01,1.463578571428571784e-01
8.000000000000000000e+00,2.700000000000000000e+01,1.463578571428571784e-01
8.000000000000000000e+00,2.800000000000000000e+01,1.463578571428571784e-01
8.000000000000000000e+00,2.900000000000000000e+01,1.463578571428571784e-01
8.000000000000000000e+00,3.000000000000000000e+01,1.463578571428571784e-01
8.000000000000000000e+00,3.100000000000000000e+01,1.463578571428571784e-01
8.000000000000000000e+00,3.200000000000000000e+01,1.463578571428571784e-01
8.000000000000000000e+00,3.300000000000000000e+01,1.463578571428571784e-01
8.000000000000000000e+00,3.400000000000000000e+01,1.463578571428571784e-01
8.000000000000000000e+00,3.500000000000000000e+01,1.391414285714286103e-01
8.000000000000000000e+00,3.600000000000000000e+01,1.391414285714286103e-01
8.000000000000000000e+00,3.700000000000000000e+01,1.391414285714286103e-01
8.000000000000000000e+00,3.800000000000000000e+01,1.391414285714286103e-01
8.000000000000000000e+00,3.900000000000000000e+01,1.391414285714286103e-01
8.000000000000000000e+00,4.000000000000000000e+01,1.391414285714286103e-01
8.000000000000000000e+00,4.100000000000000000e+01,1.391414285714286103e-01
8.000000000000000000e+00,4.200000000000000000e+01,1.391414285714286103e-01
8.000000000000000000e+00,4.300000000000000000e+01,1.391414285714286103e-01
8.000000000000000000e+00,4.400000000000000000e+01,1.391414285714286103e-01
8.000000000000000000e+00,4.500000000000000000e+01,1.391414285714286103e-01
8.000000000000000000e+00,4.600000000000000000e+01,1.391414285714286103e-01
8.000000000000000000e+00,4.700000000000000000e+01,1.391414285714286103e-01
8.000000000000000000e+00,4.800000000000000000e+01,1.391414285714286103e-01
8.000000000000000000e+00,4.900000000000000000e+01,1.391414285714286103e-01
8.000000000000000000e+00,5.000000000000000000e+01,1.391314285714286281e-01
8.000000000000000000e+00,5.100000000000000000e+01,1.391314285714286281e-01
8.000000000000000000e+00,5.200000000000000000e+01,1.391314285714286281e-01
8.000000000000000000e+00,5.300000000000000000e+01,1.391314285714286281e-01
8.000000000000000000e+00,5.400000000000000000e+01,1.391314285714286281e-01
8.000000000000000000e+00,5.500000000000000000e+01,1.391314285714286281e-01
8.000000000000000000e+00,5.600000000000000000e+01,1.391314285714286281e-01
8.000000000000000000e+00,5.700000000000000000e+01,1.391314285714286281e-01
8.000000000000000000e+00,5.800000000000000000e+01,1.391314285714286281e-01
8.000000000000000000e+00,5.900000000000000000e+01,1.391314285714286281e-01
8.000000000000000000e+00,6.000000000000000000e+01,1.391314285714286281e-01
8.000000000000000000e+00,6.100000000000000000e+01,1.391314285714286281e-01
8.000000000000000000e+00,6.200000000000000000e+01,1.391314285714286281e-01
8.000000000000000000e+00,6.300000000000000000e+01,1.391314285714286281e-01
8.000000000000000000e+00,6.400000000000000000e+01,1.391314285714286281e-01
8.000000000000000000e+00,6.500000000000000000e+01,1.391314285714286281e-01
8.000000000000000000e+00,6.600000000000000000e+01,1.391314285714286281e-01
8.000000000000000000e+00,6.700000000000000000e+01,1.391314285714286281e-01
8.000000000000000000e+00,6.800000000000000000e+01,1.391314285714286281e-01
8.000000000000000000e+00,6.900000000000000000e+01,1.391314285714286281e-01
8.000000000000000000e+00,7.000000000000000000e+01,1.391314285714286281e-01
8.000000000000000000e+00,7.100000000000000000e+01,1.391314285714286281e-01
8.000000000000000000e+00,7.200000000000000000e+01,1.391314285714286281e-01
8.000000000000000000e+00,7.300000000000000000e+01,1.391314285714286281e-01
8.000000000000000000e+00,7.400000000000000000e+01,1.391314285714286281e-01
8.000000000000000000e+00,7.500000000000000000e+01,1.391314285714286281e-01
8.000000000000000000e+00,7.600000000000000000e+01,1.391314285714286281e-01
8.000000000000000000e+00,7.700000000000000000e+01,1.391314285714286281e-01
8.000000000000000000e+00,7.800000000000000000e+01,1.391314285714286281e-01
8.000000000000000000e+00,7.900000000000000000e+01,1.391314285714286281e-01
8.000000000000000000e+00,8.000000000000000000e+01,1.391314285714286281e-01
8.000000000000000000e+00,8.100000000000000000e+01,1.391314285714286281e-01
8.000000000000000000e+00,8.200000000000000000e+01,1.391314285714286281e-01
8.000000000000000000e+00,8.300000000000000000e+01,1.391314285714286281e-01
8.000000000000000000e+00,8.400000000000000000e+01,1.391314285714286281e-01
8.000000000000000000e+00,8.500000000000000000e+01,1.391314285714286281e-01
8.000000000000000000e+00,8.600000000000000000e+01,1.391314285714286281e-01
8.000000000000000000e+00,8.700000000000000000e+01,1.391314285714286281e-01
8.000000000000000000e+00,8.800000000000000000e+01,1.391314285714286281e-01
8.000000000000000000e+00,8.900000000000000000e+01,1.391314285714286281e-01
8.000000000000000000e+00,9.000000000000000000e+01,1.391314285714286281e-01
8.000000000000000000e+00,9.100000000000000000e+01,1.391314285714286281e-01
8.000000000000000000e+00,9.200000000000000000e+01,1.391314285714286281e-01
8.000000000000000000e+00,9.300000000000000000e+01,1.391314285714286281e-01
8.000000000000000000e+00,9.400000000000000000e+01,1.391314285714286281e-01
8.000000000000000000e+00,9.500000000000000000e+01,1.391314285714286281e-01
8.000000000000000000e+00,9.600000000000000000e+01,1.391314285714286281e-01
8.000000000000000000e+00,9.700000000000000000e+01,1.391314285714286281e-01
8.000000000000000000e+00,9.800000000000000000e+01,1.391314285714286281e-01
8.000000000000000000e+00,9.900000000000000000e+01,1.391314285714286281e-01
8.000000000000000000e+00,1.000000000000000000e+02,1.391314285714286281e-01
9.000000000000000000e+00,0.000000000000000000e+00,2.007978571428571113e-01
9.000000000000000000e+00,1.000000000000000000e+00,2.007978571428571113e-01
9.000000000000000000e+00,2.000000000000000000e+00,1.639457142857142502e-01
9.000000000000000000e+00,3.000000000000000000e+00,1.639457142857142502e-01
9.000000000000000000e+00,4.000000000000000000e+00,1.639457142857142502e-01
9.000000000000000000e+00,5.000000000000000000e+00,1.639457142857142502e-01
9.000000000000000000e+00,6.000000000000000000e+00,1.456307142857143355e-01
9.000000000000000000e+00,7.000000000000000000e+00,1.456307142857143355e-01
9.000000000000000000e+00,8.000000000000000000e+00,1.456307142857143355e-01
9.000000000000000000e+00,9.000000000000000000e+00,1.424785714285714822e-01
9.000000000000000000e+00,1.000000000000000000e+01,1.116757142857142254e-01
9.000000000000000000e+00,1.100000000000000000e+01,1.112507142857142167e-01
9.000000000000000000e+00,1.200000000000000000e+01,1.112507142857142167e-01
9.000000000000000000e+00,1.300000000000000000e+01,9.710785714285712078e-02
9.000000000000000000e+00,1.400000000000000000e+01,9.710785714285712078e-02
9.000000000000000000e+00,1.500000000000000000e+01,9.710785714285712078e-02
9.000000000000000000e+00,1.600000000000000000e+01,9.710785714285712078e-02
9.000000000000000000e+00,1.700000000000000000e+01,9.710785714285712078e-02
9.000000000000000000e+00,1.800000000000000000e+01,9.710785714285712078e-02
9.000000000000000000e+00,1.900000000000000000e+01,9.710785714285712078e-02
9.000000000000000000e+00,2.000000000000000000e+01,9.710785714285712078e-02
9.000000000000000000e+00,2.100000000000000000e+01,9.710785714285712078e-02
9.000000000000000000e+00,2.200000000000000000e+01,9.675785714285713157e-02
9.000000000000000000e+00,2.300000000000000000e+01,9.438071428571416510e-02
9.000000000000000000e+00,2.400000000000000000e+01,6.609499999999998709e-02
9.000000000000000000e+00,2.500000000000000000e+01,6.609499999999998709e-02
9.000000000000000000e+00,2.600000000000000000e+01,6.138071428571428845e-02
9.000000000000000000e+00,2.700000000000000000e+01,6.138071428571428845e-02
9.000000000000000000e+00,2.800000000000000000e+01,6.138071428571428845e-02
9.000000000000000000e+00,2.900000000000000000e+01,6.138071428571428845e-02
9.000000000000000000e+00,3.000000000000000000e+01,6.138071428571428845e-02
9.000000000000000000e+00,3.100000000000000000e+01,6.138071428571428845e-02
9.000000000000000000e+00,3.200000000000000000e+01,6.138071428571428845e-02
9.000000000000000000e+00,3.300000000000000000e+01,6.138071428571428845e-02
9.000000000000000000e+00,3.400000000000000000e+01,6.138071428571428845e-02
9.000000000000000000e+00,3.500000000000000000e+01,6.138071428571428845e-02
9.000000000000000000e+00,3.600000000000000000e+01,6.138071428571428845e-02
9.000000000000000000e+00,3.700000000000000000e+01,6.138071428571428845e-02
9.000000000000000000e+00,3.800000000000000000e+01,6.138071428571428845e-02
9.000000000000000000e+00,3.900000000000000000e+01,6.138071428571428845e-02
9.000000000000000000e+00,4.000000000000000000e+01,6.138071428571428845e-02
9.000000000000000000e+00,4.100000000000000000e+01,6.138071428571428845e-02
9.000000000000000000e+00,4.200000000000000000e+01,6.138071428571428845e-02
9.000000000000000000e+00,4.300000000000000000e+01,6.138071428571428845e-02
9.000000000000000000e+00,4.400000000000000000e+01,6.138071428571428845e-02
9.000000000000000000e+00,4.500000000000000000e+01,6.138071428571428845e-02
9.000000000000000000e+00,4.600000000000000000e+01,6.138071428571428845e-02
9.000000000000000000e+00,4.700000000000000000e+01,6.138071428571428845e-02
9.000000000000000000e+00,4.800000000000000000e+01,6.138071428571428845e-02
9.000000000000000000e+00,4.900000000000000000e+01,6.138071428571428845e-02
9.000000000000000000e+00,5.000000000000000000e+01,6.138071428571428845e-02
9.000000000000000000e+00,5.100000000000000000e+01,6.138071428571428845e-02
9.000000000000000000e+00,5.200000000000000000e+01,6.138071428571428845e-02
9.000000000000000000e+00,5.300000000000000000e+01,6.138071428571428845e-02
9.000000000000000000e+00,5.400000000000000000e+01,6.138071428571428845e-02
9.000000000000000000e+00,5.500000000000000000e+01,6.138071428571428845e-02
9.000000000000000000e+00,5.600000000000000000e+01,6.138071428571428845e-02
9.000000000000000000e+00,5.700000000000000000e+01,6.138071428571428845e-02
9.000000000000000000e+00,5.800000000000000000e+01,6.138071428571428845e-02
9.000000000000000000e+00,5.900000000000000000e+01,6.138071428571428845e-02
9.000000000000000000e+00,6.000000000000000000e+01,6.138071428571428845e-02
9.000000000000000000e+00,6.100000000000000000e+01,6.138071428571428845e-02
9.000000000000000000e+00,6.200000000000000000e+01,6.138071428571428845e-02
9.000000000000000000e+00,6.300000000000000000e+01,6.138071428571428845e-02
9.000000000000000000e+00,6.400000000000000000e+01,6.138071428571428845e-02
9.000000000000000000e+00,6.500000000000000000e+01,6.138071428571428845e-02
9.000000000000000000e+00,6.600000000000000000e+01,6.138071428571428845e-02
9.000000000000000000e+00,6.700000000000000000e+01,6.138071428571428845e-02
9.000000000000000000e+00,6.800000000000000000e+01,6.138071428571428845e-02
9.000000000000000000e+00,6.900000000000000000e+01,6.138071428571428845e-02
9.000000000000000000e+00,7.000000000000000000e+01,6.138071428571428845e-02
9.000000000000000000e+00,7.100000000000000000e+01,6.138071428571428845e-02
9.000000000000000000e+00,7.200000000000000000e+01,6.138071428571428845e-02
9.000000000000000000e+00,7.300000000000000000e+01,6.138071428571428845e-02
9.000000000000000000e+00,7.400000000000000000e+01,6.138071428571428845e-02
9.000000000000000000e+00,7.500000000000000000e+01,6.138071428571428845e-02
9.000000000000000000e+00,7.600000000000000000e+01,6.138071428571428845e-02
9.000000000000000000e+00,7.700000000000000000e+01,6.138071428571428845e-02
9.000000000000000000e+00,7.800000000000000000e+01,6.138071428571428845e-02
9.000000000000000000e+00,7.900000000000000000e+01,6.138071428571428845e-02
9.000000000000000000e+00,8.000000000000000000e+01,6.138071428571428845e-02
9.000000000000000000e+00,8.100000000000000000e+01,6.138071428571428845e-02
9.000000000000000000e+00,8.200000000000000000e+01,6.138071428571428845e-02
9.000000000000000000e+00,8.300000000000000000e+01,6.138071428571428845e-02
9.000000000000000000e+00,8.400000000000000000e+01,6.138071428571428845e-02
9.000000000000000000e+00,8.500000000000000000e+01,6.138071428571428845e-02
9.000000000000000000e+00,8.600000000000000000e+01,6.138071428571428845e-02
9.000000000000000000e+00,8.700000000000000000e+01,6.138071428571428845e-02
9.000000000000000000e+00,8.800000000000000000e+01,6.138071428571428845e-02
9.000000000000000000e+00,8.900000000000000000e+01,6.138071428571428845e-02
9.000000000000000000e+00,9.000000000000000000e+01,6.138071428571428845e-02
9.000000000000000000e+00,9.100000000000000000e+01,6.138071428571428845e-02
9.000000000000000000e+00,9.200000000000000000e+01,6.138071428571428845e-02
9.000000000000000000e+00,9.300000000000000000e+01,6.138071428571428845e-02
9.000000000000000000e+00,9.400000000000000000e+01,6.138071428571428845e-02
9.000000000000000000e+00,9.500000000000000000e+01,6.138071428571428845e-02
9.000000000000000000e+00,9.600000000000000000e+01,6.138071428571428845e-02
9.000000000000000000e+00,9.700000000000000000e+01,6.138071428571428845e-02
9.000000000000000000e+00,9.800000000000000000e+01,6.138071428571428845e-02
9.000000000000000000e+00,9.900000000000000000e+01,6.138071428571428845e-02
9.000000000000000000e+00,1.000000000000000000e+02,6.133571428571429202e-02
1.000000000000000000e+01,0.000000000000000000e+00,2.076392857142857762e-01
1.000000000000000000e+01,1.000000000000000000e+00,1.975757142857142434e-01
1.000000000000000000e+01,2.000000000000000000e+00,1.800007142857142084e-01
1.000000000000000000e+01,3.000000000000000000e+00,1.558342857142857307e-01
1.000000000000000000e+01,4.000000000000000000e+00,1.558342857142857307e-01
1.000000000000000000e+01,5.000000000000000000e+00,1.558342857142857307e-01
1.000000000000000000e+01,6.000000000000000000e+00,1.558342857142857307e-01
1.000000000000000000e+01,7.000000000000000000e+00,1.558342857142857307e-01
1.000000000000000000e+01,8.000000000000000000e+00,1.558342857142857307e-01
1.000000000000000000e+01,9.000000000000000000e+00,1.136928571428570678e-01
1.000000000000000000e+01,1.000000000000000000e+01,1.136928571428570678e-01
1.000000000000000000e+01,1.100000000000000000e+01,1.086635714285713733e-01
1.000000000000000000e+01,1.200000000000000000e+01,1.062464285714285195e-01
1.000000000000000000e+01,1.300000000000000000e+01,1.062464285714285195e-01
1.000000000000000000e+01,1.400000000000000000e+01,1.062314285714285184e-01
1.000000000000000000e+01,1.500000000000000000e+01,1.062314285714285184e-01
1.000000000000000000e+01,1.600000000000000000e+01,1.062314285714285184e-01
1.000000000000000000e+01,1.700000000000000000e+01,9.911499999999998090e-02
1.000000000000000000e+01,1.800000000000000000e+01,9.675285714285712657e-02
1.000000000000000000e+01,1.900000000000000000e+01,8.968142857142857860e-02
1.000000000000000000e+01,2.000000000000000000e+01,8.968142857142857860e-02
1.000000000000000000e+01,2.100000000000000000e+01,8.968142857142857860e-02
1.000000000000000000e+01,2.200000000000000000e+01,8.968142857142857860e-02
1.000000000000000000e+01,2.300000000000000000e+01,8.968142857142857860e-02
1.000000000000000000e+01,2.400000000000000000e+01,8.261000000000003063e-02
1.000000000000000000e+01,2.500000000000000000e+01,8.261000000000003063e-02
1.000000000000000000e+01,2.600000000000000000e+01,8.261000000000003063e-02
1.000000000000000000e+01,2.700000000000000000e+01,8.261000000000003063e-02
1.000000000000000000e+01,2.800000000000000000e+01,8.261000000000003063e-02
1.000000000000000000e+01,2.900000000000000000e+01,8.261000000000003063e-02
1.000000000000000000e+01,3.000000000000000000e+01,8.261000000000003063e-02
1.000000000000000000e+01,3.100000000000000000e+01,8.261000000000003063e-02
1.000000000000000000e+01,3.200000000000000000e+01,8.261000000000003063e-02
1.000000000000000000e+01,3.300000000000000000e+01,7.789571428571422096e-02
1.000000000000000000e+01,3.400000000000000000e+01,7.789571428571422096e-02
1.000000000000000000e+01,3.500000000000000000e+01,7.789571428571422096e-02
1.000000000000000000e+01,3.600000000000000000e+01,7.789571428571422096e-02
1.000000000000000000e+01,3.700000000000000000e+01,7.789571428571422096e-02
1.000000000000000000e+01,3.800000000000000000e+01,7.789571428571422096e-02
1.000000000000000000e+01,3.900000000000000000e+01,7.789571428571422096e-02
1.000000000000000000e+01,4.000000000000000000e+01,7.789571428571422096e-02
1.000000000000000000e+01,4.100000000000000000e+01,7.789571428571422096e-02
1.000000000000000000e+01,4.200000000000000000e+01,7.789571428571422096e-02
1.000000000000000000e+01,4.300000000000000000e+01,7.789571428571422096e-02
1.000000000000000000e+01,4.400000000000000000e+01,7.789571428571422096e-02
1.000000000000000000e+01,4.500000000000000000e+01,7.789571428571422096e-02
1.000000000000000000e+01,4.600000000000000000e+01,7.789571428571422096e-02
1.000000000000000000e+01,4.700000000000000000e+01,7.789571428571422096e-02
1.000000000000000000e+01,4.800000000000000000e+01,7.789571428571422096e-02
1.000000000000000000e+01,4.900000000000000000e+01,7.789571428571422096e-02
1.000000000000000000e+01,5.000000000000000000e+01,7.789571428571422096e-02
1.000000000000000000e+01,5.100000000000000000e+01,7.789571428571422096e-02
1.000000000000000000e+01,5.200000000000000000e+01,7.789571428571422096e-02
1.000000000000000000e+01,5.300000000000000000e+01,7.789571428571422096e-02
1.000000000000000000e+01,5.400000000000000000e+01,7.789571428571422096e-02
1.000000000000000000e+01,5.500000000000000000e+01,7.789571428571422096e-02
1.000000000000000000e+01,5.600000000000000000e+01,7.789571428571422096e-02
1.000000000000000000e+01,5.700000000000000000e+01,7.789571428571422096e-02
1.000000000000000000e+01,5.800000000000000000e+01,7.789571428571422096e-02
1.000000000000000000e+01,5.900000000000000000e+01,7.789571428571422096e-02
1.000000000000000000e+01,6.000000000000000000e+01,7.789571428571422096e-02
1.000000000000000000e+01,6.100000000000000000e+01,7.789571428571422096e-02
1.000000000000000000e+01,6.200000000000000000e+01,7.789571428571422096e-02
1.000000000000000000e+01,6.300000000000000000e+01,7.789571428571422096e-02
1.000000000000000000e+01,6.400000000000000000e+01,7.789571428571422096e-02
1.000000000000000000e+01,6.500000000000000000e+01,7.789571428571422096e-02
1.000000000000000000e+01,6.600000000000000000e+01,7.789571428571422096e-02
1.000000000000000000e+01,6.700000000000000000e+01,7.789571428571422096e-02
1.000000000000000000e+01,6.800000000000000000e+01,7.789571428571422096e-02
1.000000000000000000e+01,6.900000000000000000e+01,7.789571428571422096e-02
1.000000000000000000e+01,7.000000000000000000e+01,7.789571428571422096e-02
1.000000000000000000e+01,7.100000000000000000e+01,7.789571428571422096e-02
1.000000000000000000e+01,7.200000000000000000e+01,7.789571428571422096e-02
1.000000000000000000e+01,7.300000000000000000e+01,7.789571428571422096e-02
1.000000000000000000e+01,7.400000000000000000e+01,7.789571428571422096e-02
1.000000000000000000e+01,7.500000000000000000e+01,7.789571428571422096e-02
1.000000000000000000e+01,7.600000000000000000e+01,7.786571428571421871e-02
1.000000000000000000e+01,7.700000000000000000e+01,7.786571428571421871e-02
1.000000000000000000e+01,7.800000000000000000e+01,7.786571428571421871e-02
1.000000000000000000e+01,7.900000000000000000e+01,7.786571428571421871e-02
1.000000000000000000e+01,8.000000000000000000e+01,7.786571428571421871e-02
1.000000000000000000e+01,8.100000000000000000e+01,7.786571428571421871e-02
1.000000000000000000e+01,8.200000000000000000e+01,7.786571428571421871e-02
1.000000000000000000e+01,8.300000000000000000e+01,7.786571428571421871e-02
1.000000000000000000e+01,8.400000000000000000e+01,7.786571428571421871e-02
1.000000000000000000e+01,8.500000000000000000e+01,7.786571428571421871e-02
1.000000000000000000e+01,8.600000000000000000e+01,7.786571428571421871e-02
1.000000000000000000e+01,8.700000000000000000e+01,7.786571428571421871e-02
1.000000000000000000e+01,8.800000000000000000e+01,7.786571428571421871e-02
1.000000000000000000e+01,8.900000000000000000e+01,7.786571428571421871e-02
1.000000000000000000e+01,9.000000000000000000e+01,7.786571428571421871e-02
1.000000000000000000e+01,9.100000000000000000e+01,7.786571428571421871e-02
1.000000000000000000e+01,9.200000000000000000e+01,7.786571428571421871e-02
1.000000000000000000e+01,9.300000000000000000e+01,7.783071428571422534e-02
1.000000000000000000e+01,9.400000000000000000e+01,7.782571428571422034e-02
1.000000000000000000e+01,9.500000000000000000e+01,6.603999999999998760e-02
1.000000000000000000e+01,9.600000000000000000e+01,6.603999999999998760e-02
1.000000000000000000e+01,9.700000000000000000e+01,6.603999999999998760e-02
1.000000000000000000e+01,9.800000000000000000e+01,6.132571428571428895e-02
1.000000000000000000e+01,9.900000000000000000e+01,6.132571428571428895e-02
1.000000000000000000e+01,1.000000000000000000e+02,5.896857142857143963e-02
