1.000000000000000000e+00,0.000000000000000000e+00,1.466480836236934426e-01
1.000000000000000000e+00,1.000000000000000000e+00,1.461114982578397836e-01
1.000000000000000000e+00,2.000000000000000000e+00,1.461114982578397836e-01
1.000000000000000000e+00,3.000000000000000000e+00,1.448919860627178313e-01
1.000000000000000000e+00,4.000000000000000000e+00,1.301149825783973202e-01
1.000000000000000000e+00,5.000000000000000000e+00,1.288954703832753679e-01
1.000000000000000000e+00,6.000000000000000000e+00,1.288954703832753679e-01
1.000000000000000000e+00,7.000000000000000000e+00,1.288954703832753679e-01
1.000000000000000000e+00,8.000000000000000000e+00,1.288954703832753679e-01
1.000000000000000000e+00,9.000000000000000000e+00,1.144111498257839032e-01
1.000000000000000000e+00,1.000000000000000000e+01,1.144111498257839032e-01
1.000000000000000000e+00,1.100000000000000000e+01,1.144111498257839032e-01
1.000000000000000000e+00,1.200000000000000000e+01,1.143623693379790252e-01
1.000000000000000000e+00,1.300000000000000000e+01,1.143623693379790252e-01
1.000000000000000000e+00,1.400000000000000000e+01,1.143623693379790252e-01
1.000000000000000000e+00,1.500000000000000000e+01,1.143623693379790252e-01
1.000000000000000000e+00,1.600000000000000000e+01,1.143623693379790252e-01
1.000000000000000000e+00,1.700000000000000000e+01,1.143623693379790252e-01
1.000000000000000000e+00,1.800000000000000000e+01,1.143623693379790252e-01
1.000000000000000000e+00,1.900000000000000000e+01,1.143623693379790252e-01
1.000000000000000000e+00,2.000000000000000000e+01,1.143623693379790252e-01
1.000000000000000000e+00,2.100000000000000000e+01,1.143623693379790252e-01
1.000000000000000000e+00,2.200000000000000000e+01,1.143623693379790252e-01
1.000000000000000000e+00,2.300000000000000000e+01,1.143623693379790252e-01
1.000000000000000000e+00,2.400000000000000000e+01,1.143623693379790252e-01
1.000000000000000000e+00,2.500000000000000000e+01,1.143135888501741471e-01
1.000000000000000000e+00,2.600000000000000000e+01,1.143135888501741471e-01
1.000000000000000000e+00,2.700000000000000000e+01,1.143135888501741471e-01
1.000000000000000000e+00,2.800000000000000000e+01,1.143135888501741471e-01
1.000000000000000000e+00,2.900000000000000000e+01,1.141184668989546347e-01
1.000000000000000000e+00,3.000000000000000000e+01,1.141184668989546347e-01
1.000000000000000000e+00,3.100000000000000000e+01,1.141184668989546347e-01
1.000000000000000000e+00,3.200000000000000000e+01,1.141184668989546347e-01
1.000000000000000000e+00,3.300000000000000000e+01,1.141184668989546347e-01
1.000000000000000000e+00,3.400000000000000000e+01,1.141184668989546347e-01
1.000000000000000000e+00,3.500000000000000000e+01,1.141184668989546347e-01
1.000000000000000000e+00,3.600000000000000000e+01,1.141184668989546347e-01
1.000000000000000000e+00,3.700000000000000000e+01,1.141184668989546347e-01
1.000000000000000000e+00,3.800000000000000000e+01,1.141184668989546347e-01
1.000000000000000000e+00,3.900000000000000000e+01,1.141184668989546347e-01
1.000000000000000000e+00,4.000000000000000000e+01,1.141184668989546347e-01
1.000000000000000000e+00,4.100000000000000000e+01,1.139721254355400004e-01
1.000000000000000000e+00,4.200000000000000000e+01,1.139721254355400004e-01
1.000000000000000000e+00,4.300000000000000000e+01,1.139721254355400004e-01
1.000000000000000000e+00,4.400000000000000000e+01,1.139721254355400004e-01
1.000000000000000000e+00,4.500000000000000000e+01,1.139721254355400004e-01
1.000000000000000000e+00,4.600000000000000000e+01,1.139721254355400004e-01
1.000000000000000000e+00,4.700000000000000000e+01,1.139233449477351223e-01
1.000000000000000000e+00,4.800000000000000000e+01,1.139233449477351223e-01
1.000000000000000000e+00,4.900000000000000000e+01,1.139233449477351223e-01
1.000000000000000000e+00,5.000000000000000000e+01,1.139233449477351223e-01
1.000000000000000000e+00,5.100000000000000000e+01,1.139233449477351223e-01
1.000000000000000000e+00,5.200000000000000000e+01,1.139233449477351223e-01
1.000000000000000000e+00,5.300000000000000000e+01,1.139233449477351223e-01
1.000000000000000000e+00,5.400000000000000000e+01,1.139233449477351223e-01
1.000000000000000000e+00,5.500000000000000000e+01,1.139233449477351223e-01
1.000000000000000000e+00,5.600000000000000000e+01,1.139233449477351223e-01
1.000000000000000000e+00,5.700000000000000000e+01,1.139233449477351223e-01
1.000000000000000000e+00,5.800000000000000000e+01,1.139233449477351223e-01
1.000000000000000000e+00,5.900000000000000000e+01,1.139233449477351223e-01
1.000000000000000000e+00,6.000000000000000000e+01,1.139233449477351223e-01
1.000000000000000000e+00,6.100000000000000000e+01,1.139233449477351223e-01
1.000000000000000000e+00,6.200000000000000000e+01,1.139233449477351223e-01
1.000000000000000000e+00,6.300000000000000000e+01,1.139233449477351223e-01
1.000000000000000000e+00,6.400000000000000000e+01,1.139233449477351223e-01
1.000000000000000000e+00,6.500000000000000000e+01,1.139233449477351223e-01
1.000000000000000000e+00,6.600000000000000000e+01,1.139233449477351223e-01
1.000000000000000000e+00,6.700000000000000000e+01,1.139233449477351223e-01
1.000000000000000000e+00,6.800000000000000000e+01,1.139233449477351223e-01
1.000000000000000000e+00,6.900000000000000000e+01,1.139233449477351223e-01
1.000000000000000000e+00,7.000000000000000000e+01,1.139233449477351223e-01
1.000000000000000000e+00,7.100000000000000000e+01,1.139233449477351223e-01
1.000000000000000000e+00,7.200000000000000000e+01,1.139233449477351223e-01
1.000000000000000000e+00,7.300000000000000000e+01,1.139233449477351223e-01
1.000000000000000000e+00,7.400000000000000000e+01,1.139233449477351223e-01
1.000000000000000000e+00,7.500000000000000000e+01,1.139233449477351223e-01
1.000000000000000000e+00,7.600000000000000000e+01,1.139233449477351223e-01
1.000000000000000000e+00,7.700000000000000000e+01,1.139233449477351223e-01
1.000000000000000000e+00,7.800000000000000000e+01,1.139233449477351223e-01
1.000000000000000000e+00,7.900000000000000000e+01,1.139233449477351223e-01
1.000000000000000000e+00,8.000000000000000000e+01,1.139233449477351223e-01
1.000000000000000000e+00,8.100000000000000000e+01,1.139233449477351223e-01
1.000000000000000000e+00,8.200000000000000000e+01,1.139233449477351223e-01
1.000000000000000000e+00,8.300000000000000000e+01,1.139233449477351223e-01
1.000000000000000000e+00,8.400000000000000000e+01,1.139233449477351223e-01
1.000000000000000000e+00,8.500000000000000000e+01,1.139233449477351223e-01
1.000000000000000000e+00,8.600000000000000000e+01,1.139233449477351223e-01
1.000000000000000000e+00,8.700000000000000000e+01,1.139233449477351223e-01
1.000000000000000000e+00,8.800000000000000000e+01,1.139233449477351223e-01
1.000000000000000000e+00,8.900000000000000000e+01,1.139233449477351223e-01
1.000000000000000000e+00,9.000000000000000000e+01,1.139233449477351223e-01
1.000000000000000000e+00,9.100000000000000000e+01,1.139233449477351223e-01
1.000000000000000000e+00,9.200000000000000000e+01,1.139233449477351223e-01
1.000000000000000000e+00,9.300000000000000000e+01,1.139233449477351223e-01
1.000000000000000000e+00,9.400000000000000000e+01,1.139233449477351223e-01
1.000000000000000000e+00,9.500000000000000000e+01,1.139233449477351223e-01
1.000000000000000000e+00,9.600000000000000000e+01,1.139233449477351223e-01
1.000000000000000000e+00,9.700000000000000000e+01,1.139233449477351223e-01
1.000000000000000000e+00,9.800000000000000000e+01,1.139233449477351223e-01
1.000000000000000000e+00,9.900000000000000000e+01,1.139233449477351223e-01
1.000000000000000000e+00,1.000000000000000000e+02,1.139233449477351223e-01
2.000000000000000000e+00,0.000000000000000000e+00,1.604982578397212423e-01
2.000000000000000000e+00,1.000000000000000000e+00,1.597665505226480709e-01
2.000000000000000000e+00,2.000000000000000000e+00,1.597665505226480709e-01
2.000000000000000000e+00,3.000000000000000000e+00,1.583031358885017281e-01
2.000000000000000000e+00,4.000000000000000000e+00,1.440627177700349038e-01
2.000000000000000000e+00,5.000000000000000000e+00,1.440139372822300257e-01
2.000000000000000000e+00,6.000000000000000000e+00,1.439651567944251476e-01
2.000000000000000000e+00,7.000000000000000000e+00,1.439651567944251476e-01
2.000000000000000000e+00,8.000000000000000000e+00,1.438188153310105133e-01
2.000000000000000000e+00,9.000000000000000000e+00,1.438188153310105133e-01
2.000000000000000000e+00,1.000000000000000000e+01,1.438188153310105133e-01
2.000000000000000000e+00,1.100000000000000000e+01,1.438188153310105133e-01
2.000000000000000000e+00,1.200000000000000000e+01,1.438188153310105133e-01
2.000000000000000000e+00,1.300000000000000000e+01,1.430871080139373419e-01
2.000000000000000000e+00,1.400000000000000000e+01,1.425993031358885610e-01
2.000000000000000000e+00,1.500000000000000000e+01,1.425993031358885610e-01
2.000000000000000000e+00,1.600000000000000000e+01,1.425993031358885610e-01
2.000000000000000000e+00,1.700000000000000000e+01,1.425993031358885610e-01
2.000000000000000000e+00,1.800000000000000000e+01,1.425993031358885610e-01
2.000000000000000000e+00,1.900000000000000000e+01,1.425993031358885610e-01
2.000000000000000000e+00,2.000000000000000000e+01,1.425993031358885610e-01
2.000000000000000000e+00,2.100000000000000000e+01,1.425993031358885610e-01
2.000000000000000000e+00,2.200000000000000000e+01,1.425993031358885610e-01
2.000000000000000000e+00,2.300000000000000000e+01,1.425993031358885610e-01
2.000000000000000000e+00,2.400000000000000000e+01,1.425993031358885610e-01
2.000000000000000000e+00,2.500000000000000000e+01,1.425993031358885610e-01
2.000000000000000000e+00,2.600000000000000000e+01,1.425993031358885610e-01
2.000000000000000000e+00,2.700000000000000000e+01,1.421114982578397801e-01
2.000000000000000000e+00,2.800000000000000000e+01,1.136794425087107319e-01
2.000000000000000000e+00,2.900000000000000000e+01,1.136306620209060758e-01
2.000000000000000000e+00,3.000000000000000000e+01,1.136306620209060758e-01
2.000000000000000000e+00,3.100000000000000000e+01,1.136306620209060758e-01
2.000000000000000000e+00,3.200000000000000000e+01,1.136306620209060758e-01
2.000000000000000000e+00,3.300000000000000000e+01,1.136306620209058538e-01
2.000000000000000000e+00,3.400000000000000000e+01,1.136306620209058538e-01
2.000000000000000000e+00,3.500000000000000000e+01,1.136306620209058538e-01
2.000000000000000000e+00,3.600000000000000000e+01,1.136306620209058538e-01
2.000000000000000000e+00,3.700000000000000000e+01,1.136306620209058538e-01
2.000000000000000000e+00,3.800000000000000000e+01,1.136306620209058538e-01
2.000000000000000000e+00,3.900000000000000000e+01,1.136306620209058538e-01
2.000000000000000000e+00,4.000000000000000000e+01,1.136306620209058538e-01
2.000000000000000000e+00,4.100000000000000000e+01,1.136306620209058538e-01
2.000000000000000000e+00,4.200000000000000000e+01,1.136306620209058538e-01
2.000000000000000000e+00,4.300000000000000000e+01,1.136306620209058538e-01
2.000000000000000000e+00,4.400000000000000000e+01,1.136306620209058538e-01
2.000000000000000000e+00,4.500000000000000000e+01,1.135818815331011977e-01
2.000000000000000000e+00,4.600000000000000000e+01,1.135818815331011977e-01
2.000000000000000000e+00,4.700000000000000000e+01,1.135818815331009757e-01
2.000000000000000000e+00,4.800000000000000000e+01,1.135818815331009757e-01
2.000000000000000000e+00,4.900000000000000000e+01,1.135818815331009757e-01
2.000000000000000000e+00,5.000000000000000000e+01,1.135818815331009757e-01
2.000000000000000000e+00,5.100000000000000000e+01,1.135818815331009757e-01
2.000000000000000000e+00,5.200000000000000000e+01,1.135818815331009757e-01
2.000000000000000000e+00,5.300000000000000000e+01,1.135818815331009757e-01
2.000000000000000000e+00,5.400000000000000000e+01,1.135818815331009757e-01
2.000000000000000000e+00,5.500000000000000000e+01,1.135331010452960976e-01
2.000000000000000000e+00,5.600000000000000000e+01,1.135331010452960976e-01
2.000000000000000000e+00,5.700000000000000000e+01,1.135331010452960976e-01
2.000000000000000000e+00,5.800000000000000000e+01,1.135331010452960976e-01
2.000000000000000000e+00,5.900000000000000000e+01,1.135331010452960976e-01
2.000000000000000000e+00,6.000000000000000000e+01,1.135331010452960976e-01
2.000000000000000000e+00,6.100000000000000000e+01,1.135331010452960976e-01
2.000000000000000000e+00,6.200000000000000000e+01,1.135331010452960976e-01
2.000000000000000000e+00,6.300000000000000000e+01,1.135331010452960976e-01
2.000000000000000000e+00,6.400000000000000000e+01,1.135331010452960976e-01
2.000000000000000000e+00,6.500000000000000000e+01,1.135331010452960976e-01
2.000000000000000000e+00,6.600000000000000000e+01,1.135331010452960976e-01
2.000000000000000000e+00,6.700000000000000000e+01,1.135331010452960976e-01
2.000000000000000000e+00,6.800000000000000000e+01,1.135331010452960976e-01
2.000000000000000000e+00,6.900000000000000000e+01,1.135331010452960976e-01
2.000000000000000000e+00,7.000000000000000000e+01,1.135331010452960976e-01
2.000000000000000000e+00,7.100000000000000000e+01,1.135331010452960976e-01
2.000000000000000000e+00,7.200000000000000000e+01,1.135331010452960976e-01
2.000000000000000000e+00,7.300000000000000000e+01,1.135331010452960976e-01
2.000000000000000000e+00,7.400000000000000000e+01,1.135331010452960976e-01
2.000000000000000000e+00,7.500000000000000000e+01,1.135331010452960976e-01
2.000000000000000000e+00,7.600000000000000000e+01,1.135331010452960976e-01
2.000000000000000000e+00,7.700000000000000000e+01,1.135331010452960976e-01
2.000000000000000000e+00,7.800000000000000000e+01,1.135331010452960976e-01
2.000000000000000000e+00,7.900000000000000000e+01,1.135331010452960976e-01
2.000000000000000000e+00,8.000000000000000000e+01,1.135331010452960976e-01
2.000000000000000000e+00,8.100000000000000000e+01,1.135331010452960976e-01
2.000000000000000000e+00,8.200000000000000000e+01,1.135331010452960976e-01
2.000000000000000000e+00,8.300000000000000000e+01,1.135331010452960976e-01
2.000000000000000000e+00,8.400000000000000000e+01,1.135331010452960976e-01
2.000000000000000000e+00,8.500000000000000000e+01,1.135331010452960976e-01
2.000000000000000000e+00,8.600000000000000000e+01,1.135331010452960976e-01
2.000000000000000000e+00,8.700000000000000000e+01,1.135331010452960976e-01
2.000000000000000000e+00,8.800000000000000000e+01,1.135331010452960976e-01
2.000000000000000000e+00,8.900000000000000000e+01,1.135331010452960976e-01
2.000000000000000000e+00,9.000000000000000000e+01,1.135331010452960976e-01
2.000000000000000000e+00,9.100000000000000000e+01,1.135331010452960976e-01
2.000000000000000000e+00,9.200000000000000000e+01,1.135331010452960976e-01
2.000000000000000000e+00,9.300000000000000000e+01,1.135331010452960976e-01
2.000000000000000000e+00,9.400000000000000000e+01,1.135331010452960976e-01
2.000000000000000000e+00,9.500000000000000000e+01,1.135331010452960976e-01
2.000000000000000000e+00,9.600000000000000000e+01,1.135331010452960976e-01
2.000000000000000000e+00,9.700000000000000000e+01,1.135331010452960976e-01
2.000000000000000000e+00,9.800000000000000000e+01,1.135331010452960976e-01
2.000000000000000000e+00,9.900000000000000000e+01,1.135331010452960976e-01
2.000000000000000000e+00,1.000000000000000000e+02,1.135331010452960976e-01
3.000000000000000000e+00,0.000000000000000000e+00,1.887839721254355452e-01
3.000000000000000000e+00,1.000000000000000000e+00,1.885400696864111547e-01
3.000000000000000000e+00,2.000000000000000000e+00,1.746411149825783382e-01
3.000000000000000000e+00,3.000000000000000000e+00,1.587421602787456310e-01
3.000000000000000000e+00,4.000000000000000000e+00,1.583031358885017281e-01
3.000000000000000000e+00,5.000000000000000000e+00,1.433797909407666105e-01
3.000000000000000000e+00,6.000000000000000000e+00,1.286515679442509774e-01
3.000000000000000000e+00,7.000000000000000000e+00,1.285052264808363431e-01
3.000000000000000000e+00,8.000000000000000000e+00,1.282613240418119527e-01
3.000000000000000000e+00,9.000000000000000000e+00,1.282613240418119527e-01
3.000000000000000000e+00,1.000000000000000000e+01,1.282125435540070746e-01
3.000000000000000000e+00,1.100000000000000000e+01,1.280174216027875622e-01
3.000000000000000000e+00,1.200000000000000000e+01,1.280174216027875622e-01
3.000000000000000000e+00,1.300000000000000000e+01,1.276271777003485375e-01
3.000000000000000000e+00,1.400000000000000000e+01,1.136794425087107319e-01
3.000000000000000000e+00,1.500000000000000000e+01,1.136794425087107319e-01
3.000000000000000000e+00,1.600000000000000000e+01,1.136794425087107319e-01
3.000000000000000000e+00,1.700000000000000000e+01,1.136794425087107319e-01
3.000000000000000000e+00,1.800000000000000000e+01,1.136794425087107319e-01
3.000000000000000000e+00,1.900000000000000000e+01,1.136794425087107319e-01
3.000000000000000000e+00,2.000000000000000000e+01,1.136794425087107319e-01
3.000000000000000000e+00,2.100000000000000000e+01,1.133867595818814633e-01
3.000000000000000000e+00,2.200000000000000000e+01,1.133867595818814633e-01
3.000000000000000000e+00,2.300000000000000000e+01,1.133867595818814633e-01
3.000000000000000000e+00,2.400000000000000000e+01,1.133867595818814633e-01
3.000000000000000000e+00,2.500000000000000000e+01,1.133867595818814633e-01
3.000000000000000000e+00,2.600000000000000000e+01,1.133867595818814633e-01
3.000000000000000000e+00,2.700000000000000000e+01,1.133867595818814633e-01
3.000000000000000000e+00,2.800000000000000000e+01,1.133867595818814633e-01
3.000000000000000000e+00,2.900000000000000000e+01,1.133867595818814633e-01
3.000000000000000000e+00,3.000000000000000000e+01,1.133867595818814633e-01
3.000000000000000000e+00,3.100000000000000000e+01,1.133867595818814633e-01
3.000000000000000000e+00,3.200000000000000000e+01,1.133379790940765852e-01
3.000000000000000000e+00,3.300000000000000000e+01,1.133379790940765852e-01
3.000000000000000000e+00,3.400000000000000000e+01,1.133379790940765852e-01
3.000000000000000000e+00,3.500000000000000000e+01,1.133379790940765852e-01
3.000000000000000000e+00,3.600000000000000000e+01,1.133379790940765852e-01
3.000000000000000000e+00,3.700000000000000000e+01,1.133379790940765852e-01
3.000000000000000000e+00,3.800000000000000000e+01,1.133379790940765852e-01
3.000000000000000000e+00,3.900000000000000000e+01,1.133379790940765852e-01
3.000000000000000000e+00,4.000000000000000000e+01,1.133379790940765852e-01
3.000000000000000000e+00,4.100000000000000000e+01,1.133379790940765852e-01
3.000000000000000000e+00,4.200000000000000000e+01,1.133379790940765852e-01
3.000000000000000000e+00,4.300000000000000000e+01,1.133379790940765852e-01
3.000000000000000000e+00,4.400000000000000000e+01,1.133379790940765852e-01
3.000000000000000000e+00,4.500000000000000000e+01,1.133379790940765852e-01
3.000000000000000000e+00,4.600000000000000000e+01,1.133379790940765852e-01
3.000000000000000000e+00,4.700000000000000000e+01,1.133379790940765852e-01
3.000000000000000000e+00,4.800000000000000000e+01,1.133379790940765852e-01
3.000000000000000000e+00,4.900000000000000000e+01,1.133379790940765852e-01
3.000000000000000000e+00,5.000000000000000000e+01,1.133379790940765852e-01
3.000000000000000000e+00,5.100000000000000000e+01,1.133379790940765852e-01
3.000000000000000000e+00,5.200000000000000000e+01,1.133379790940765852e-01
3.000000000000000000e+00,5.300000000000000000e+01,1.133379790940765852e-01
3.000000000000000000e+00,5.400000000000000000e+01,1.133379790940765852e-01
3.000000000000000000e+00,5.500000000000000000e+01,1.133379790940765852e-01
3.000000000000000000e+00,5.600000000000000000e+01,1.133379790940765852e-01
3.000000000000000000e+00,5.700000000000000000e+01,1.133379790940765852e-01
3.000000000000000000e+00,5.800000000000000000e+01,1.133379790940765852e-01
3.000000000000000000e+00,5.900000000000000000e+01,1.133379790940765852e-01
3.000000000000000000e+00,6.000000000000000000e+01,1.133379790940765852e-01
3.000000000000000000e+00,6.100000000000000000e+01,1.133379790940765852e-01
3.000000000000000000e+00,6.200000000000000000e+01,1.133379790940765852e-01
3.000000000000000000e+00,6.300000000000000000e+01,1.133379790940765852e-01
3.000000000000000000e+00,6.400000000000000000e+01,1.133379790940765852e-01
3.000000000000000000e+00,6.500000000000000000e+01,1.133379790940765852e-01
3.000000000000000000e+00,6.600000000000000000e+01,1.133379790940765852e-01
3.000000000000000000e+00,6.700000000000000000e+01,1.133379790940765852e-01
3.000000000000000000e+00,6.800000000000000000e+01,1.133379790940765852e-01
3.000000000000000000e+00,6.900000000000000000e+01,1.133379790940765852e-01
3.000000000000000000e+00,7.000000000000000000e+01,1.133379790940765852e-01
3.000000000000000000e+00,7.100000000000000000e+01,1.133379790940765852e-01
3.000000000000000000e+00,7.200000000000000000e+01,1.133379790940765852e-01
3.000000000000000000e+00,7.300000000000000000e+01,1.133379790940765852e-01
3.000000000000000000e+00,7.400000000000000000e+01,1.133379790940765852e-01
3.000000000000000000e+00,7.500000000000000000e+01,1.133379790940765852e-01
3.000000000000000000e+00,7.600000000000000000e+01,1.133379790940765852e-01
3.000000000000000000e+00,7.700000000000000000e+01,1.133379790940765852e-01
3.000000000000000000e+00,7.800000000000000000e+01,1.133379790940765852e-01
3.000000000000000000e+00,7.900000000000000000e+01,1.133379790940765852e-01
3.000000000000000000e+00,8.000000000000000000e+01,1.133379790940765852e-01
3.000000000000000000e+00,8.100000000000000000e+01,1.133379790940765852e-01
3.000000000000000000e+00,8.200000000000000000e+01,1.133379790940765852e-01
3.000000000000000000e+00,8.300000000000000000e+01,1.133379790940765852e-01
3.000000000000000000e+00,8.400000000000000000e+01,1.133379790940765852e-01
3.000000000000000000e+00,8.500000000000000000e+01,1.133379790940765852e-01
3.000000000000000000e+00,8.600000000000000000e+01,1.133379790940765852e-01
3.000000000000000000e+00,8.700000000000000000e+01,1.133379790940765852e-01
3.000000000000000000e+00,8.800000000000000000e+01,1.133379790940765852e-01
3.000000000000000000e+00,8.900000000000000000e+01,1.133379790940765852e-01
3.000000000000000000e+00,9.000000000000000000e+01,1.133379790940765852e-01
3.000000000000000000e+00,9.100000000000000000e+01,1.133379790940765852e-01
3.000000000000000000e+00,9.200000000000000000e+01,1.133379790940765852e-01
3.000000000000000000e+00,9.300000000000000000e+01,1.133379790940765852e-01
3.000000000000000000e+00,9.400000000000000000e+01,1.133379790940765852e-01
3.000000000000000000e+00,9.500000000000000000e+01,1.133379790940765852e-01
3.000000000000000000e+00,9.600000000000000000e+01,1.133379790940765852e-01
3.000000000000000000e+00,9.700000000000000000e+01,1.133379790940765852e-01
3.000000000000000000e+00,9.800000000000000000e+01,1.133379790940765852e-01
3.000000000000000000e+00,9.900000000000000000e+01,1.133379790940765852e-01
3.000000000000000000e+00,1.000000000000000000e+02,1.133379790940765852e-01
4.000000000000000000e+00,0.000000000000000000e+00,1.745435540069685820e-01
4.000000000000000000e+00,1.000000000000000000e+00,1.745435540069685820e-01
4.000000000000000000e+00,2.000000000000000000e+00,1.728850174216027269e-01
4.000000000000000000e+00,3.000000000000000000e+00,1.580592334494774487e-01
4.000000000000000000e+00,4.000000000000000000e+00,1.436236933797910009e-01
4.000000000000000000e+00,5.000000000000000000e+00,1.290418118466900022e-01
4.000000000000000000e+00,6.000000000000000000e+00,1.285540069686412212e-01
4.000000000000000000e+00,7.000000000000000000e+00,1.284564459930312430e-01
4.000000000000000000e+00,8.000000000000000000e+00,1.284564459930312430e-01
4.000000000000000000e+00,9.000000000000000000e+00,1.283101045296168308e-01
4.000000000000000000e+00,1.000000000000000000e+01,1.283101045296168308e-01
4.000000000000000000e+00,1.100000000000000000e+01,1.282613240418119527e-01
4.000000000000000000e+00,1.200000000000000000e+01,1.282613240418119527e-01
4.000000000000000000e+00,1.300000000000000000e+01,1.282613240418119527e-01
4.000000000000000000e+00,1.400000000000000000e+01,1.281149825783973184e-01
4.000000000000000000e+00,1.500000000000000000e+01,1.280662020905924403e-01
4.000000000000000000e+00,1.600000000000000000e+01,1.280662020905924403e-01
4.000000000000000000e+00,1.700000000000000000e+01,1.280662020905924403e-01
4.000000000000000000e+00,1.800000000000000000e+01,1.280662020905924403e-01
4.000000000000000000e+00,1.900000000000000000e+01,1.280662020905924403e-01
4.000000000000000000e+00,2.000000000000000000e+01,1.280662020905924403e-01
4.000000000000000000e+00,2.100000000000000000e+01,1.277735191637631718e-01
4.000000000000000000e+00,2.200000000000000000e+01,1.277247386759582937e-01
4.000000000000000000e+00,2.300000000000000000e+01,1.276759581881534156e-01
4.000000000000000000e+00,2.400000000000000000e+01,1.276759581881534156e-01
4.000000000000000000e+00,2.500000000000000000e+01,1.276759581881534156e-01
4.000000000000000000e+00,2.600000000000000000e+01,1.276271777003485375e-01
4.000000000000000000e+00,2.700000000000000000e+01,1.276271777003485375e-01
4.000000000000000000e+00,2.800000000000000000e+01,1.276271777003485375e-01
4.000000000000000000e+00,2.900000000000000000e+01,1.275783972125436594e-01
4.000000000000000000e+00,3.000000000000000000e+01,1.275783972125436594e-01
4.000000000000000000e+00,3.100000000000000000e+01,1.275783972125434373e-01
4.000000000000000000e+00,3.200000000000000000e+01,1.275296167247387813e-01
4.000000000000000000e+00,3.300000000000000000e+01,1.275296167247387813e-01
4.000000000000000000e+00,3.400000000000000000e+01,1.275296167247387813e-01
4.000000000000000000e+00,3.500000000000000000e+01,1.275296167247387813e-01
4.000000000000000000e+00,3.600000000000000000e+01,1.275296167247387813e-01
4.000000000000000000e+00,3.700000000000000000e+01,1.275296167247387813e-01
4.000000000000000000e+00,3.800000000000000000e+01,1.275296167247387813e-01
4.000000000000000000e+00,3.900000000000000000e+01,1.274808362369339032e-01
4.000000000000000000e+00,4.000000000000000000e+01,1.274808362369339032e-01
4.000000000000000000e+00,4.100000000000000000e+01,1.274808362369339032e-01
4.000000000000000000e+00,4.200000000000000000e+01,1.274808362369339032e-01
4.000000000000000000e+00,4.300000000000000000e+01,1.274808362369339032e-01
4.000000000000000000e+00,4.400000000000000000e+01,1.274808362369339032e-01
4.000000000000000000e+00,4.500000000000000000e+01,1.274808362369339032e-01
4.000000000000000000e+00,4.600000000000000000e+01,1.274808362369339032e-01
4.000000000000000000e+00,4.700000000000000000e+01,1.274808362369339032e-01
4.000000000000000000e+00,4.800000000000000000e+01,1.274808362369339032e-01
4.000000000000000000e+00,4.900000000000000000e+01,1.274808362369339032e-01
4.000000000000000000e+00,5.000000000000000000e+01,1.274808362369339032e-01
4.000000000000000000e+00,5.100000000000000000e+01,1.274808362369339032e-01
4.000000000000000000e+00,5.200000000000000000e+01,1.274808362369339032e-01
4.000000000000000000e+00,5.300000000000000000e+01,1.274808362369339032e-01
4.000000000000000000e+00,5.400000000000000000e+01,1.274808362369339032e-01
4.000000000000000000e+00,5.500000000000000000e+01,1.274808362369339032e-01
4.000000000000000000e+00,5.600000000000000000e+01,1.274808362369339032e-01
4.000000000000000000e+00,5.700000000000000000e+01,1.274808362369339032e-01
4.000000000000000000e+00,5.800000000000000000e+01,1.274808362369339032e-01
4.000000000000000000e+00,5.900000000000000000e+01,1.274808362369339032e-01
4.000000000000000000e+00,6.000000000000000000e+01,1.274808362369339032e-01
4.000000000000000000e+00,6.100000000000000000e+01,1.274808362369339032e-01
4.000000000000000000e+00,6.200000000000000000e+01,1.274808362369339032e-01
4.000000000000000000e+00,6.300000000000000000e+01,1.274808362369339032e-01
4.000000000000000000e+00,6.400000000000000000e+01,1.274808362369339032e-01
4.000000000000000000e+00,6.500000000000000000e+01,1.274808362369339032e-01
4.000000000000000000e+00,6.600000000000000000e+01,1.274808362369339032e-01
4.000000000000000000e+00,6.700000000000000000e+01,1.274808362369339032e-01
4.000000000000000000e+00,6.800000000000000000e+01,1.274808362369339032e-01
4.000000000000000000e+00,6.900000000000000000e+01,1.274808362369339032e-01
4.000000000000000000e+00,7.000000000000000000e+01,1.274808362369339032e-01
4.000000000000000000e+00,7.100000000000000000e+01,1.274808362369339032e-01
4.000000000000000000e+00,7.200000000000000000e+01,1.274808362369339032e-01
4.000000000000000000e+00,7.300000000000000000e+01,1.274808362369339032e-01
4.000000000000000000e+00,7.400000000000000000e+01,1.274808362369339032e-01
4.000000000000000000e+00,7.500000000000000000e+01,1.274808362369339032e-01
4.000000000000000000e+00,7.600000000000000000e+01,1.274808362369339032e-01
4.000000000000000000e+00,7.700000000000000000e+01,1.274808362369339032e-01
4.000000000000000000e+00,7.800000000000000000e+01,1.274808362369339032e-01
4.000000000000000000e+00,7.900000000000000000e+01,1.274808362369339032e-01
4.000000000000000000e+00,8.000000000000000000e+01,1.274808362369339032e-01
4.000000000000000000e+00,8.100000000000000000e+01,1.274808362369339032e-01
4.000000000000000000e+00,8.200000000000000000e+01,1.274808362369339032e-01
4.000000000000000000e+00,8.300000000000000000e+01,1.274808362369339032e-01
4.000000000000000000e+00,8.400000000000000000e+01,1.274808362369339032e-01
4.000000000000000000e+00,8.500000000000000000e+01,1.274808362369339032e-01
4.000000000000000000e+00,8.600000000000000000e+01,1.274808362369339032e-01
4.000000000000000000e+00,8.700000000000000000e+01,1.274808362369339032e-01
4.000000000000000000e+00,8.800000000000000000e+01,1.274808362369339032e-01
4.000000000000000000e+00,8.900000000000000000e+01,1.274808362369339032e-01
4.000000000000000000e+00,9.000000000000000000e+01,1.274808362369339032e-01
4.000000000000000000e+00,9.100000000000000000e+01,1.274808362369339032e-01
4.000000000000000000e+00,9.200000000000000000e+01,1.274808362369339032e-01
4.000000000000000000e+00,9.300000000000000000e+01,1.274808362369339032e-01
4.000000000000000000e+00,9.400000000000000000e+01,1.274808362369339032e-01
4.000000000000000000e+00,9.500000000000000000e+01,1.274808362369336812e-01
4.000000000000000000e+00,9.600000000000000000e+01,1.274808362369336812e-01
4.000000000000000000e+00,9.700000000000000000e+01,1.274808362369336812e-01
4.000000000000000000e+00,9.800000000000000000e+01,1.274808362369336812e-01
4.000000000000000000e+00,9.900000000000000000e+01,1.274808362369336812e-01
4.000000000000000000e+00,1.000000000000000000e+02,1.274808362369336812e-01
5.000000000000000000e+00,0.000000000000000000e+00,1.601080139372822175e-01
5.000000000000000000e+00,1.000000000000000000e+00,1.601080139372822175e-01
5.000000000000000000e+00,2.000000000000000000e+00,1.446480836236934409e-01
5.000000000000000000e+00,3.000000000000000000e+00,1.446480836236934409e-01
5.000000000000000000e+00,4.000000000000000000e+00,1.446480836236934409e-01
5.000000000000000000e+00,5.000000000000000000e+00,1.446480836236934409e-01
5.000000000000000000e+00,6.000000000000000000e+00,1.446480836236934409e-01
5.000000000000000000e+00,7.000000000000000000e+00,1.422578397212544143e-01
5.000000000000000000e+00,8.000000000000000000e+00,1.420627177700349020e-01
5.000000000000000000e+00,9.000000000000000000e+00,1.419651567944251458e-01
5.000000000000000000e+00,1.000000000000000000e+01,1.419651567944251458e-01
5.000000000000000000e+00,1.100000000000000000e+01,1.419651567944251458e-01
5.000000000000000000e+00,1.200000000000000000e+01,1.419651567944251458e-01
5.000000000000000000e+00,1.300000000000000000e+01,1.419651567944251458e-01
5.000000000000000000e+00,1.400000000000000000e+01,1.419651567944251458e-01
5.000000000000000000e+00,1.500000000000000000e+01,1.419651567944251458e-01
5.000000000000000000e+00,1.600000000000000000e+01,1.419651567944251458e-01
5.000000000000000000e+00,1.700000000000000000e+01,1.419651567944251458e-01
5.000000000000000000e+00,1.800000000000000000e+01,1.419651567944251458e-01
5.000000000000000000e+00,1.900000000000000000e+01,1.418675958188153896e-01
5.000000000000000000e+00,2.000000000000000000e+01,1.418675958188153896e-01
5.000000000000000000e+00,2.100000000000000000e+01,1.418675958188153896e-01
5.000000000000000000e+00,2.200000000000000000e+01,1.418675958188153896e-01
5.000000000000000000e+00,2.300000000000000000e+01,1.418188153310105115e-01
5.000000000000000000e+00,2.400000000000000000e+01,1.418188153310105115e-01
5.000000000000000000e+00,2.500000000000000000e+01,1.418188153310105115e-01
5.000000000000000000e+00,2.600000000000000000e+01,1.418188153310105115e-01
5.000000000000000000e+00,2.700000000000000000e+01,1.418188153310105115e-01
5.000000000000000000e+00,2.800000000000000000e+01,1.418188153310102895e-01
5.000000000000000000e+00,2.900000000000000000e+01,1.418188153310102895e-01
5.000000000000000000e+00,3.000000000000000000e+01,1.418188153310102895e-01
5.000000000000000000e+00,3.100000000000000000e+01,1.418188153310102895e-01
5.000000000000000000e+00,3.200000000000000000e+01,1.418188153310102895e-01
5.000000000000000000e+00,3.300000000000000000e+01,1.418188153310102895e-01
5.000000000000000000e+00,3.400000000000000000e+01,1.418188153310102895e-01
5.000000000000000000e+00,3.500000000000000000e+01,1.418188153310102895e-01
5.000000000000000000e+00,3.600000000000000000e+01,1.418188153310102895e-01
5.000000000000000000e+00,3.700000000000000000e+01,1.418188153310102895e-01
5.000000000000000000e+00,3.800000000000000000e+01,1.276759581881534156e-01
5.000000000000000000e+00,3.900000000000000000e+01,1.276759581881534156e-01
5.000000000000000000e+00,4.000000000000000000e+01,1.276759581881534156e-01
5.000000000000000000e+00,4.100000000000000000e+01,1.276759581881534156e-01
5.000000000000000000e+00,4.200000000000000000e+01,1.276759581881534156e-01
5.000000000000000000e+00,4.300000000000000000e+01,1.276759581881534156e-01
5.000000000000000000e+00,4.400000000000000000e+01,1.276759581881534156e-01
5.000000000000000000e+00,4.500000000000000000e+01,1.276759581881534156e-01
5.000000000000000000e+00,4.600000000000000000e+01,1.276759581881534156e-01
5.000000000000000000e+00,4.700000000000000000e+01,1.276759581881534156e-01
5.000000000000000000e+00,4.800000000000000000e+01,1.276759581881534156e-01
5.000000000000000000e+00,4.900000000000000000e+01,1.276759581881534156e-01
5.000000000000000000e+00,5.000000000000000000e+01,1.276759581881534156e-01
5.000000000000000000e+00,5.100000000000000000e+01,1.276759581881534156e-01
5.000000000000000000e+00,5.200000000000000000e+01,1.276759581881534156e-01
5.000000000000000000e+00,5.300000000000000000e+01,1.276759581881534156e-01
5.000000000000000000e+00,5.400000000000000000e+01,1.276759581881534156e-01
5.000000000000000000e+00,5.500000000000000000e+01,1.276759581881534156e-01
5.000000000000000000e+00,5.600000000000000000e+01,1.276759581881534156e-01
5.000000000000000000e+00,5.700000000000000000e+01,1.276759581881534156e-01
5.000000000000000000e+00,5.800000000000000000e+01,1.276759581881534156e-01
5.000000000000000000e+00,5.900000000000000000e+01,1.276759581881534156e-01
5.000000000000000000e+00,6.000000000000000000e+01,1.276759581881534156e-01
5.000000000000000000e+00,6.100000000000000000e+01,1.276759581881534156e-01
5.000000000000000000e+00,6.200000000000000000e+01,1.276759581881534156e-01
5.000000000000000000e+00,6.300000000000000000e+01,1.276759581881534156e-01
5.000000000000000000e+00,6.400000000000000000e+01,1.276759581881534156e-01
5.000000000000000000e+00,6.500000000000000000e+01,1.276759581881534156e-01
5.000000000000000000e+00,6.600000000000000000e+01,1.276759581881534156e-01
5.000000000000000000e+00,6.700000000000000000e+01,1.276759581881534156e-01
5.000000000000000000e+00,6.800000000000000000e+01,1.276759581881534156e-01
5.000000000000000000e+00,6.900000000000000000e+01,1.276759581881534156e-01
5.000000000000000000e+00,7.000000000000000000e+01,1.276759581881534156e-01
5.000000000000000000e+00,7.100000000000000000e+01,1.276759581881534156e-01
5.000000000000000000e+00,7.200000000000000000e+01,1.276759581881534156e-01
5.000000000000000000e+00,7.300000000000000000e+01,1.276759581881534156e-01
5.000000000000000000e+00,7.400000000000000000e+01,1.276759581881534156e-01
5.000000000000000000e+00,7.500000000000000000e+01,1.276759581881534156e-01
5.000000000000000000e+00,7.600000000000000000e+01,1.276759581881534156e-01
5.000000000000000000e+00,7.700000000000000000e+01,1.276759581881534156e-01
5.000000000000000000e+00,7.800000000000000000e+01,1.276759581881534156e-01
5.000000000000000000e+00,7.900000000000000000e+01,1.276759581881534156e-01
5.000000000000000000e+00,8.000000000000000000e+01,1.276759581881534156e-01
5.000000000000000000e+00,8.100000000000000000e+01,1.276759581881534156e-01
5.000000000000000000e+00,8.200000000000000000e+01,1.276759581881534156e-01
5.000000000000000000e+00,8.300000000000000000e+01,1.276759581881534156e-01
5.000000000000000000e+00,8.400000000000000000e+01,1.276759581881534156e-01
5.000000000000000000e+00,8.500000000000000000e+01,1.276759581881534156e-01
5.000000000000000000e+00,8.600000000000000000e+01,1.276759581881534156e-01
5.000000000000000000e+00,8.700000000000000000e+01,1.276759581881534156e-01
5.000000000000000000e+00,8.800000000000000000e+01,1.276759581881534156e-01
5.000000000000000000e+00,8.900000000000000000e+01,1.276759581881534156e-01
5.000000000000000000e+00,9.000000000000000000e+01,1.276759581881534156e-01
5.000000000000000000e+00,9.100000000000000000e+01,1.276759581881534156e-01
5.000000000000000000e+00,9.200000000000000000e+01,1.276759581881534156e-01
5.000000000000000000e+00,9.300000000000000000e+01,1.276759581881534156e-01
5.000000000000000000e+00,9.400000000000000000e+01,1.276759581881534156e-01
5.000000000000000000e+00,9.500000000000000000e+01,1.276759581881534156e-01
5.000000000000000000e+00,9.600000000000000000e+01,1.276759581881534156e-01
5.000000000000000000e+00,9.700000000000000000e+01,1.276759581881534156e-01
5.000000000000000000e+00,9.800000000000000000e+01,1.276759581881534156e-01
5.000000000000000000e+00,9.900000000000000000e+01,1.276759581881534156e-01
5.000000000000000000e+00,1.000000000000000000e+02,1.276759581881534156e-01
6.000000000000000000e+00,0.000000000000000000e+00,1.747386759581882054e-01
6.000000000000000000e+00,1.000000000000000000e+00,1.735191637630662531e-01
6.000000000000000000e+00,2.000000000000000000e+00,1.586933797909407529e-01
6.000000000000000000e+00,3.000000000000000000e+00,1.445505226480836847e-01
6.000000000000000000e+00,4.000000000000000000e+00,1.436724738675958790e-01
6.000000000000000000e+00,5.000000000000000000e+00,1.291393728222997583e-01
6.000000000000000000e+00,6.000000000000000000e+00,1.291393728222997583e-01
6.000000000000000000e+00,7.000000000000000000e+00,1.283101045296168308e-01
6.000000000000000000e+00,8.000000000000000000e+00,1.282613240418119527e-01
6.000000000000000000e+00,9.000000000000000000e+00,1.282613240418119527e-01
6.000000000000000000e+00,1.000000000000000000e+01,1.282613240418119527e-01
6.000000000000000000e+00,1.100000000000000000e+01,1.282613240418119527e-01
6.000000000000000000e+00,1.200000000000000000e+01,1.282613240418119527e-01
6.000000000000000000e+00,1.300000000000000000e+01,1.282613240418119527e-01
6.000000000000000000e+00,1.400000000000000000e+01,1.282613240418119527e-01
6.000000000000000000e+00,1.500000000000000000e+01,1.282613240418119527e-01
6.000000000000000000e+00,1.600000000000000000e+01,1.281637630662021965e-01
6.000000000000000000e+00,1.700000000000000000e+01,1.281637630662021965e-01
6.000000000000000000e+00,1.800000000000000000e+01,1.281637630662021965e-01
6.000000000000000000e+00,1.900000000000000000e+01,1.281637630662021965e-01
6.000000000000000000e+00,2.000000000000000000e+01,1.281637630662021965e-01
6.000000000000000000e+00,2.100000000000000000e+01,1.281637630662021965e-01
6.000000000000000000e+00,2.200000000000000000e+01,1.281637630662021965e-01
6.000000000000000000e+00,2.300000000000000000e+01,1.281637630662021965e-01
6.000000000000000000e+00,2.400000000000000000e+01,1.281637630662021965e-01
6.000000000000000000e+00,2.500000000000000000e+01,1.281637630662021965e-01
6.000000000000000000e+00,2.600000000000000000e+01,1.281637630662021965e-01
6.000000000000000000e+00,2.700000000000000000e+01,1.281149825783973184e-01
6.000000000000000000e+00,2.800000000000000000e+01,1.281149825783973184e-01
6.000000000000000000e+00,2.900000000000000000e+01,1.281149825783973184e-01
6.000000000000000000e+00,3.000000000000000000e+01,1.281149825783973184e-01
6.000000000000000000e+00,3.100000000000000000e+01,1.281149825783973184e-01
6.000000000000000000e+00,3.200000000000000000e+01,1.281149825783973184e-01
6.000000000000000000e+00,3.300000000000000000e+01,1.281149825783973184e-01
6.000000000000000000e+00,3.400000000000000000e+01,1.281149825783973184e-01
6.000000000000000000e+00,3.500000000000000000e+01,1.281149825783973184e-01
6.000000000000000000e+00,3.600000000000000000e+01,1.281149825783973184e-01
6.000000000000000000e+00,3.700000000000000000e+01,1.281149825783973184e-01
6.000000000000000000e+00,3.800000000000000000e+01,1.281149825783973184e-01
6.000000000000000000e+00,3.900000000000000000e+01,1.281149825783973184e-01
6.000000000000000000e+00,4.000000000000000000e+01,1.281149825783973184e-01
6.000000000000000000e+00,4.100000000000000000e+01,1.281149825783973184e-01
6.000000000000000000e+00,4.200000000000000000e+01,1.281149825783973184e-01
6.000000000000000000e+00,4.300000000000000000e+01,1.281149825783973184e-01
6.000000000000000000e+00,4.400000000000000000e+01,1.281149825783973184e-01
6.000000000000000000e+00,4.500000000000000000e+01,1.281149825783973184e-01
6.000000000000000000e+00,4.600000000000000000e+01,1.281149825783973184e-01
6.000000000000000000e+00,4.700000000000000000e+01,1.281149825783973184e-01
6.000000000000000000e+00,4.800000000000000000e+01,1.281149825783973184e-01
6.000000000000000000e+00,4.900000000000000000e+01,1.281149825783973184e-01
6.000000000000000000e+00,5.000000000000000000e+01,1.281149825783973184e-01
6.000000000000000000e+00,5.100000000000000000e+01,1.281149825783973184e-01
6.000000000000000000e+00,5.200000000000000000e+01,1.279686411149826841e-01
6.000000000000000000e+00,5.300000000000000000e+01,1.279686411149826841e-01
6.000000000000000000e+00,5.400000000000000000e+01,1.279686411149826841e-01
6.000000000000000000e+00,5.500000000000000000e+01,1.279686411149826841e-01
6.000000000000000000e+00,5.600000000000000000e+01,1.279198606271778060e-01
6.000000000000000000e+00,5.700000000000000000e+01,1.278710801393729279e-01
6.000000000000000000e+00,5.800000000000000000e+01,1.278710801393729279e-01
6.000000000000000000e+00,5.900000000000000000e+01,1.278710801393729279e-01
6.000000000000000000e+00,6.000000000000000000e+01,1.278710801393729279e-01
6.000000000000000000e+00,6.100000000000000000e+01,1.278710801393729279e-01
6.000000000000000000e+00,6.200000000000000000e+01,1.278710801393729279e-01
6.000000000000000000e+00,6.300000000000000000e+01,1.278710801393729279e-01
6.000000000000000000e+00,6.400000000000000000e+01,1.278710801393729279e-01
6.000000000000000000e+00,6.500000000000000000e+01,1.278710801393729279e-01
6.000000000000000000e+00,6.600000000000000000e+01,1.278710801393729279e-01
6.000000000000000000e+00,6.700000000000000000e+01,1.278710801393729279e-01
6.000000000000000000e+00,6.800000000000000000e+01,1.278710801393729279e-01
6.000000000000000000e+00,6.900000000000000000e+01,1.278710801393729279e-01
6.000000000000000000e+00,7.000000000000000000e+01,1.278710801393729279e-01
6.000000000000000000e+00,7.100000000000000000e+01,1.278710801393729279e-01
6.000000000000000000e+00,7.200000000000000000e+01,1.278710801393729279e-01
6.000000000000000000e+00,7.300000000000000000e+01,1.278710801393729279e-01
6.000000000000000000e+00,7.400000000000000000e+01,1.278710801393729279e-01
6.000000000000000000e+00,7.500000000000000000e+01,1.278710801393729279e-01
6.000000000000000000e+00,7.600000000000000000e+01,1.278710801393729279e-01
6.000000000000000000e+00,7.700000000000000000e+01,1.278710801393729279e-01
6.000000000000000000e+00,7.800000000000000000e+01,1.278710801393729279e-01
6.000000000000000000e+00,7.900000000000000000e+01,1.278710801393729279e-01
6.000000000000000000e+00,8.000000000000000000e+01,1.278710801393729279e-01
6.000000000000000000e+00,8.100000000000000000e+01,1.278710801393729279e-01
6.000000000000000000e+00,8.200000000000000000e+01,1.278710801393729279e-01
6.000000000000000000e+00,8.300000000000000000e+01,1.278710801393729279e-01
6.000000000000000000e+00,8.400000000000000000e+01,1.278710801393729279e-01
6.000000000000000000e+00,8.500000000000000000e+01,1.278710801393729279e-01
6.000000000000000000e+00,8.600000000000000000e+01,1.278710801393729279e-01
6.000000000000000000e+00,8.700000000000000000e+01,1.277735191637631718e-01
6.000000000000000000e+00,8.800000000000000000e+01,1.277735191637631718e-01
6.000000000000000000e+00,8.900000000000000000e+01,1.277735191637631718e-01
6.000000000000000000e+00,9.000000000000000000e+01,1.277735191637631718e-01
6.000000000000000000e+00,9.100000000000000000e+01,1.277735191637631718e-01
6.000000000000000000e+00,9.200000000000000000e+01,1.277735191637631718e-01
6.000000000000000000e+00,9.300000000000000000e+01,1.277735191637631718e-01
6.000000000000000000e+00,9.400000000000000000e+01,1.277735191637631718e-01
6.000000000000000000e+00,9.500000000000000000e+01,1.277735191637631718e-01
6.000000000000000000e+00,9.600000000000000000e+01,1.277735191637631718e-01
6.000000000000000000e+00,9.700000000000000000e+01,1.277735191637631718e-01
6.000000000000000000e+00,9.800000000000000000e+01,1.277735191637631718e-01
6.000000000000000000e+00,9.900000000000000000e+01,1.277735191637631718e-01
6.000000000000000000e+00,1.000000000000000000e+02,1.277735191637631718e-01
7.000000000000000000e+00,0.000000000000000000e+00,1.604982578397212423e-01
7.000000000000000000e+00,1.000000000000000000e+00,1.465993031358885645e-01
7.000000000000000000e+00,2.000000000000000000e+00,1.434285714285714886e-01
7.000000000000000000e+00,3.000000000000000000e+00,1.312857142857143944e-01
7.000000000000000000e+00,4.000000000000000000e+00,1.285540069686412212e-01
7.000000000000000000e+00,5.000000000000000000e+00,1.142648083623694910e-01
7.000000000000000000e+00,6.000000000000000000e+00,1.142648083623694910e-01
7.000000000000000000e+00,7.000000000000000000e+00,1.142160278745643909e-01
7.000000000000000000e+00,8.000000000000000000e+00,1.142160278745643909e-01
7.000000000000000000e+00,9.000000000000000000e+00,1.141672473867597348e-01
7.000000000000000000e+00,1.000000000000000000e+01,1.141672473867595128e-01
7.000000000000000000e+00,1.100000000000000000e+01,1.141672473867595128e-01
7.000000000000000000e+00,1.200000000000000000e+01,1.141672473867595128e-01
7.000000000000000000e+00,1.300000000000000000e+01,1.138745644599302442e-01
7.000000000000000000e+00,1.400000000000000000e+01,1.138745644599302442e-01
7.000000000000000000e+00,1.500000000000000000e+01,1.138745644599302442e-01
7.000000000000000000e+00,1.600000000000000000e+01,1.136794425087109539e-01
7.000000000000000000e+00,1.700000000000000000e+01,1.136794425087107319e-01
7.000000000000000000e+00,1.800000000000000000e+01,1.136794425087107319e-01
7.000000000000000000e+00,1.900000000000000000e+01,1.136794425087107319e-01
7.000000000000000000e+00,2.000000000000000000e+01,1.136306620209060758e-01
7.000000000000000000e+00,2.100000000000000000e+01,1.136306620209060758e-01
7.000000000000000000e+00,2.200000000000000000e+01,1.136306620209060758e-01
7.000000000000000000e+00,2.300000000000000000e+01,1.136306620209060758e-01
7.000000000000000000e+00,2.400000000000000000e+01,1.136306620209060758e-01
7.000000000000000000e+00,2.500000000000000000e+01,1.134843205574914415e-01
7.000000000000000000e+00,2.600000000000000000e+01,1.134843205574914415e-01
7.000000000000000000e+00,2.700000000000000000e+01,1.134843205574914415e-01
7.000000000000000000e+00,2.800000000000000000e+01,1.134843205574914415e-01
7.000000000000000000e+00,2.900000000000000000e+01,1.134843205574914415e-01
7.000000000000000000e+00,3.000000000000000000e+01,1.134843205574912195e-01
7.000000000000000000e+00,3.100000000000000000e+01,1.134843205574912195e-01
7.000000000000000000e+00,3.200000000000000000e+01,1.134843205574912195e-01
7.000000000000000000e+00,3.300000000000000000e+01,1.134843205574912195e-01
7.000000000000000000e+00,3.400000000000000000e+01,1.134843205574912195e-01
7.000000000000000000e+00,3.500000000000000000e+01,1.134843205574912195e-01
7.000000000000000000e+00,3.600000000000000000e+01,1.134843205574912195e-01
7.000000000000000000e+00,3.700000000000000000e+01,1.134843205574912195e-01
7.000000000000000000e+00,3.800000000000000000e+01,1.134843205574912195e-01
7.000000000000000000e+00,3.900000000000000000e+01,1.134843205574912195e-01
7.000000000000000000e+00,4.000000000000000000e+01,1.134843205574912195e-01
7.000000000000000000e+00,4.100000000000000000e+01,1.134843205574912195e-01
7.000000000000000000e+00,4.200000000000000000e+01,1.134843205574912195e-01
7.000000000000000000e+00,4.300000000000000000e+01,1.134843205574912195e-01
7.000000000000000000e+00,4.400000000000000000e+01,1.134843205574912195e-01
7.000000000000000000e+00,4.500000000000000000e+01,1.134843205574912195e-01
7.000000000000000000e+00,4.600000000000000000e+01,1.134843205574912195e-01
7.000000000000000000e+00,4.700000000000000000e+01,1.134843205574912195e-01
7.000000000000000000e+00,4.800000000000000000e+01,1.134843205574912195e-01
7.000000000000000000e+00,4.900000000000000000e+01,1.134843205574912195e-01
7.000000000000000000e+00,5.000000000000000000e+01,1.134843205574912195e-01
7.000000000000000000e+00,5.100000000000000000e+01,1.134843205574912195e-01
7.000000000000000000e+00,5.200000000000000000e+01,1.134843205574912195e-01
7.000000000000000000e+00,5.300000000000000000e+01,1.134843205574912195e-01
7.000000000000000000e+00,5.400000000000000000e+01,1.134843205574912195e-01
7.000000000000000000e+00,5.500000000000000000e+01,1.134843205574912195e-01
7.000000000000000000e+00,5.600000000000000000e+01,1.134843205574912195e-01
7.000000000000000000e+00,5.700000000000000000e+01,1.134843205574912195e-01
7.000000000000000000e+00,5.800000000000000000e+01,1.134843205574912195e-01
7.000000000000000000e+00,5.900000000000000000e+01,1.134843205574912195e-01
7.000000000000000000e+00,6.000000000000000000e+01,1.134843205574912195e-01
7.000000000000000000e+00,6.100000000000000000e+01,1.134843205574912195e-01
7.000000000000000000e+00,6.200000000000000000e+01,1.134843205574912195e-01
7.000000000000000000e+00,6.300000000000000000e+01,1.134843205574912195e-01
7.000000000000000000e+00,6.400000000000000000e+01,1.134843205574912195e-01
7.000000000000000000e+00,6.500000000000000000e+01,1.134843205574912195e-01
7.000000000000000000e+00,6.600000000000000000e+01,1.134843205574912195e-01
7.000000000000000000e+00,6.700000000000000000e+01,1.134843205574912195e-01
7.000000000000000000e+00,6.800000000000000000e+01,1.134843205574912195e-01
7.000000000000000000e+00,6.900000000000000000e+01,1.134843205574912195e-01
7.000000000000000000e+00,7.000000000000000000e+01,1.134843205574912195e-01
7.000000000000000000e+00,7.100000000000000000e+01,1.134843205574912195e-01
7.000000000000000000e+00,7.200000000000000000e+01,1.134843205574912195e-01
7.000000000000000000e+00,7.300000000000000000e+01,1.134843205574912195e-01
7.000000000000000000e+00,7.400000000000000000e+01,1.134843205574912195e-01
7.000000000000000000e+00,7.500000000000000000e+01,1.134843205574912195e-01
7.000000000000000000e+00,7.600000000000000000e+01,1.134843205574912195e-01
7.000000000000000000e+00,7.700000000000000000e+01,1.134355400696865634e-01
7.000000000000000000e+00,7.800000000000000000e+01,1.134355400696863414e-01
7.000000000000000000e+00,7.900000000000000000e+01,1.134355400696863414e-01
7.000000000000000000e+00,8.000000000000000000e+01,1.134355400696863414e-01
7.000000000000000000e+00,8.100000000000000000e+01,1.134355400696863414e-01
7.000000000000000000e+00,8.200000000000000000e+01,1.134355400696863414e-01
7.000000000000000000e+00,8.300000000000000000e+01,1.134355400696863414e-01
7.000000000000000000e+00,8.400000000000000000e+01,1.134355400696863414e-01
7.000000000000000000e+00,8.500000000000000000e+01,1.134355400696863414e-01
7.000000000000000000e+00,8.600000000000000000e+01,1.134355400696863414e-01
7.000000000000000000e+00,8.700000000000000000e+01,1.134355400696863414e-01
7.000000000000000000e+00,8.800000000000000000e+01,1.134355400696863414e-01
7.000000000000000000e+00,8.900000000000000000e+01,1.134355400696863414e-01
7.000000000000000000e+00,9.000000000000000000e+01,1.134355400696863414e-01
7.000000000000000000e+00,9.100000000000000000e+01,1.134355400696863414e-01
7.000000000000000000e+00,9.200000000000000000e+01,1.134355400696863414e-01
7.000000000000000000e+00,9.300000000000000000e+01,1.134355400696863414e-01
7.000000000000000000e+00,9.400000000000000000e+01,1.134355400696863414e-01
7.000000000000000000e+00,9.500000000000000000e+01,1.134355400696863414e-01
7.000000000000000000e+00,9.600000000000000000e+01,1.134355400696863414e-01
7.000000000000000000e+00,9.700000000000000000e+01,1.134355400696863414e-01
7.000000000000000000e+00,9.800000000000000000e+01,1.134355400696863414e-01
7.000000000000000000e+00,9.900000000000000000e+01,1.134355400696863414e-01
7.000000000000000000e+00,1.000000000000000000e+02,1.134355400696863414e-01
8.000000000000000000e+00,0.000000000000000000e+00,1.745923344947735711e-01
8.000000000000000000e+00,1.000000000000000000e+00,1.597177700348431928e-01
8.000000000000000000e+00,2.000000000000000000e+00,1.583031358885018391e-01
8.000000000000000000e+00,3.000000000000000000e+00,1.580104529616725706e-01
8.000000000000000000e+00,4.000000000000000000e+00,1.580104529616724596e-01
8.000000000000000000e+00,5.000000000000000000e+00,1.580104529616724596e-01
8.000000000000000000e+00,6.000000000000000000e+00,1.573763066202090444e-01
8.000000000000000000e+00,7.000000000000000000e+00,1.573763066202090444e-01
8.000000000000000000e+00,8.000000000000000000e+00,1.573763066202090444e-01
8.000000000000000000e+00,9.000000000000000000e+00,1.565958188153309949e-01
8.000000000000000000e+00,1.000000000000000000e+01,1.280662020905924403e-01
8.000000000000000000e+00,1.100000000000000000e+01,1.280662020905924403e-01
8.000000000000000000e+00,1.200000000000000000e+01,1.280662020905924403e-01
8.000000000000000000e+00,1.300000000000000000e+01,1.280662020905924403e-01
8.000000000000000000e+00,1.400000000000000000e+01,1.280662020905924403e-01
8.000000000000000000e+00,1.500000000000000000e+01,1.280662020905924403e-01
8.000000000000000000e+00,1.600000000000000000e+01,1.280662020905924403e-01
8.000000000000000000e+00,1.700000000000000000e+01,1.280662020905924403e-01
8.000000000000000000e+00,1.800000000000000000e+01,1.280662020905924403e-01
8.000000000000000000e+00,1.900000000000000000e+01,1.280662020905924403e-01
8.000000000000000000e+00,2.000000000000000000e+01,1.280662020905924403e-01
8.000000000000000000e+00,2.100000000000000000e+01,1.280662020905924403e-01
8.000000000000000000e+00,2.200000000000000000e+01,1.280662020905924403e-01
8.000000000000000000e+00,2.300000000000000000e+01,1.280662020905924403e-01
8.000000000000000000e+00,2.400000000000000000e+01,1.280662020905924403e-01
8.000000000000000000e+00,2.500000000000000000e+01,1.280662020905924403e-01
8.000000000000000000e+00,2.600000000000000000e+01,1.280662020905924403e-01
8.000000000000000000e+00,2.700000000000000000e+01,1.280662020905924403e-01
8.000000000000000000e+00,2.800000000000000000e+01,1.280174216027875622e-01
8.000000000000000000e+00,2.900000000000000000e+01,1.280174216027875622e-01
8.000000000000000000e+00,3.000000000000000000e+01,1.280174216027875622e-01
8.000000000000000000e+00,3.100000000000000000e+01,1.280174216027875622e-01
8.000000000000000000e+00,3.200000000000000000e+01,1.280174216027875622e-01
8.000000000000000000e+00,3.300000000000000000e+01,1.280174216027875622e-01
8.000000000000000000e+00,3.400000000000000000e+01,1.280174216027875622e-01
8.000000000000000000e+00,3.500000000000000000e+01,1.280174216027875622e-01
8.000000000000000000e+00,3.600000000000000000e+01,1.280174216027875622e-01
8.000000000000000000e+00,3.700000000000000000e+01,1.280174216027875622e-01
8.000000000000000000e+00,3.800000000000000000e+01,1.280174216027875622e-01
8.000000000000000000e+00,3.900000000000000000e+01,1.280174216027875622e-01
8.000000000000000000e+00,4.000000000000000000e+01,1.280174216027875622e-01
8.000000000000000000e+00,4.100000000000000000e+01,1.280174216027875622e-01
8.000000000000000000e+00,4.200000000000000000e+01,1.280174216027875622e-01
8.000000000000000000e+00,4.300000000000000000e+01,1.280174216027875622e-01
8.000000000000000000e+00,4.400000000000000000e+01,1.280174216027875622e-01
8.000000000000000000e+00,4.500000000000000000e+01,1.280174216027875622e-01
8.000000000000000000e+00,4.600000000000000000e+01,1.280174216027875622e-01
8.000000000000000000e+00,4.700000000000000000e+01,1.278710801393729279e-01
8.000000000000000000e+00,4.800000000000000000e+01,1.278710801393729279e-01
8.000000000000000000e+00,4.900000000000000000e+01,1.278710801393729279e-01
8.000000000000000000e+00,5.000000000000000000e+01,1.278710801393729279e-01
8.000000000000000000e+00,5.100000000000000000e+01,1.278710801393729279e-01
8.000000000000000000e+00,5.200000000000000000e+01,1.278710801393729279e-01
8.000000000000000000e+00,5.300000000000000000e+01,1.278710801393729279e-01
8.000000000000000000e+00,5.400000000000000000e+01,1.278710801393729279e-01
8.000000000000000000e+00,5.500000000000000000e+01,1.278710801393729279e-01
8.000000000000000000e+00,5.600000000000000000e+01,1.278710801393729279e-01
8.000000000000000000e+00,5.700000000000000000e+01,1.277735191637631718e-01
8.000000000000000000e+00,5.800000000000000000e+01,1.277735191637631718e-01
8.000000000000000000e+00,5.900000000000000000e+01,1.277735191637631718e-01
8.000000000000000000e+00,6.000000000000000000e+01,1.277735191637631718e-01
8.000000000000000000e+00,6.100000000000000000e+01,1.277735191637631718e-01
8.000000000000000000e+00,6.200000000000000000e+01,1.277735191637631718e-01
8.000000000000000000e+00,6.300000000000000000e+01,1.277735191637631718e-01
8.000000000000000000e+00,6.400000000000000000e+01,1.277735191637631718e-01
8.000000000000000000e+00,6.500000000000000000e+01,1.277735191637631718e-01
8.000000000000000000e+00,6.600000000000000000e+01,1.277735191637631718e-01
8.000000000000000000e+00,6.700000000000000000e+01,1.277735191637631718e-01
8.000000000000000000e+00,6.800000000000000000e+01,1.277735191637631718e-01
8.000000000000000000e+00,6.900000000000000000e+01,1.277735191637631718e-01
8.000000000000000000e+00,7.000000000000000000e+01,1.277735191637631718e-01
8.000000000000000000e+00,7.100000000000000000e+01,1.277735191637631718e-01
8.000000000000000000e+00,7.200000000000000000e+01,1.277735191637631718e-01
8.000000000000000000e+00,7.300000000000000000e+01,1.277735191637631718e-01
8.000000000000000000e+00,7.400000000000000000e+01,1.277735191637631718e-01
8.000000000000000000e+00,7.500000000000000000e+01,1.277735191637631718e-01
8.000000000000000000e+00,7.600000000000000000e+01,1.277735191637631718e-01
8.000000000000000000e+00,7.700000000000000000e+01,1.277735191637631718e-01
8.000000000000000000e+00,7.800000000000000000e+01,1.277735191637631718e-01
8.000000000000000000e+00,7.900000000000000000e+01,1.277735191637631718e-01
8.000000000000000000e+00,8.000000000000000000e+01,1.277735191637631718e-01
8.000000000000000000e+00,8.100000000000000000e+01,1.277735191637631718e-01
8.000000000000000000e+00,8.200000000000000000e+01,1.277735191637631718e-01
8.000000000000000000e+00,8.300000000000000000e+01,1.277735191637631718e-01
8.000000000000000000e+00,8.400000000000000000e+01,1.277735191637631718e-01
8.000000000000000000e+00,8.500000000000000000e+01,1.277735191637631718e-01
8.000000000000000000e+00,8.600000000000000000e+01,1.277735191637631718e-01
8.000000000000000000e+00,8.700000000000000000e+01,1.277735191637631718e-01
8.000000000000000000e+00,8.800000000000000000e+01,1.277735191637631718e-01
8.000000000000000000e+00,8.900000000000000000e+01,1.277735191637631718e-01
8.000000000000000000e+00,9.000000000000000000e+01,1.277735191637631718e-01
8.000000000000000000e+00,9.100000000000000000e+01,1.277735191637631718e-01
8.000000000000000000e+00,9.200000000000000000e+01,1.277735191637631718e-01
8.000000000000000000e+00,9.300000000000000000e+01,1.277735191637631718e-01
8.000000000000000000e+00,9.400000000000000000e+01,1.277735191637631718e-01
8.000000000000000000e+00,9.500000000000000000e+01,1.277735191637631718e-01
8.000000000000000000e+00,9.600000000000000000e+01,1.277735191637631718e-01
8.000000000000000000e+00,9.700000000000000000e+01,1.277735191637631718e-01
8.000000000000000000e+00,9.800000000000000000e+01,1.277735191637631718e-01
8.000000000000000000e+00,9.900000000000000000e+01,1.277735191637631718e-01
8.000000000000000000e+00,1.000000000000000000e+02,1.277735191637631718e-01
9.000000000000000000e+00,0.000000000000000000e+00,1.747386759581882054e-01
9.000000000000000000e+00,1.000000000000000000e+00,1.599616724738676943e-01
9.000000000000000000e+00,2.000000000000000000e+00,1.599616724738676943e-01
9.000000000000000000e+00,3.000000000000000000e+00,1.599616724738676943e-01
9.000000000000000000e+00,4.000000000000000000e+00,1.599616724738676943e-01
9.000000000000000000e+00,5.000000000000000000e+00,1.573275261324041663e-01
9.000000000000000000e+00,6.000000000000000000e+00,1.571324041811846539e-01
9.000000000000000000e+00,7.000000000000000000e+00,1.570836236933797758e-01
9.000000000000000000e+00,8.000000000000000000e+00,1.570836236933797758e-01
9.000000000000000000e+00,9.000000000000000000e+00,1.570836236933797758e-01
9.000000000000000000e+00,1.000000000000000000e+01,1.570836236933797758e-01
9.000000000000000000e+00,1.100000000000000000e+01,1.570836236933797758e-01
9.000000000000000000e+00,1.200000000000000000e+01,1.570836236933797758e-01
9.000000000000000000e+00,1.300000000000000000e+01,1.570836236933797758e-01
9.000000000000000000e+00,1.400000000000000000e+01,1.570836236933797758e-01
9.000000000000000000e+00,1.500000000000000000e+01,1.570836236933797758e-01
9.000000000000000000e+00,1.600000000000000000e+01,1.570836236933797758e-01
9.000000000000000000e+00,1.700000000000000000e+01,1.570836236933797758e-01
9.000000000000000000e+00,1.800000000000000000e+01,1.567909407665505073e-01
9.000000000000000000e+00,1.900000000000000000e+01,1.567909407665505073e-01
9.000000000000000000e+00,2.000000000000000000e+01,1.423554006968641705e-01
9.000000000000000000e+00,2.100000000000000000e+01,1.423066202090592924e-01
9.000000000000000000e+00,2.200000000000000000e+01,1.418188153310105115e-01
9.000000000000000000e+00,2.300000000000000000e+01,1.418188153310105115e-01
9.000000000000000000e+00,2.400000000000000000e+01,1.418188153310105115e-01
9.000000000000000000e+00,2.500000000000000000e+01,1.417700348432056334e-01
9.000000000000000000e+00,2.600000000000000000e+01,1.417700348432056334e-01
9.000000000000000000e+00,2.700000000000000000e+01,1.417700348432056334e-01
9.000000000000000000e+00,2.800000000000000000e+01,1.417212543554007553e-01
9.000000000000000000e+00,2.900000000000000000e+01,1.416724738675958772e-01
9.000000000000000000e+00,3.000000000000000000e+01,1.416236933797909991e-01
9.000000000000000000e+00,3.100000000000000000e+01,1.416236933797909991e-01
9.000000000000000000e+00,3.200000000000000000e+01,1.416236933797909991e-01
9.000000000000000000e+00,3.300000000000000000e+01,1.416236933797909991e-01
9.000000000000000000e+00,3.400000000000000000e+01,1.416236933797909991e-01
9.000000000000000000e+00,3.500000000000000000e+01,1.416236933797909991e-01
9.000000000000000000e+00,3.600000000000000000e+01,1.416236933797909991e-01
9.000000000000000000e+00,3.700000000000000000e+01,1.416236933797909991e-01
9.000000000000000000e+00,3.800000000000000000e+01,1.416236933797909991e-01
9.000000000000000000e+00,3.900000000000000000e+01,1.416236933797909991e-01
9.000000000000000000e+00,4.000000000000000000e+01,1.416236933797909991e-01
9.000000000000000000e+00,4.100000000000000000e+01,1.416236933797909991e-01
9.000000000000000000e+00,4.200000000000000000e+01,1.416236933797909991e-01
9.000000000000000000e+00,4.300000000000000000e+01,1.416236933797909991e-01
9.000000000000000000e+00,4.400000000000000000e+01,1.416236933797909991e-01
9.000000000000000000e+00,4.500000000000000000e+01,1.416236933797909991e-01
9.000000000000000000e+00,4.600000000000000000e+01,1.416236933797909991e-01
9.000000000000000000e+00,4.700000000000000000e+01,1.416236933797909991e-01
9.000000000000000000e+00,4.800000000000000000e+01,1.416236933797909991e-01
9.000000000000000000e+00,4.900000000000000000e+01,1.416236933797909991e-01
9.000000000000000000e+00,5.000000000000000000e+01,1.416236933797909991e-01
9.000000000000000000e+00,5.100000000000000000e+01,1.416236933797909991e-01
9.000000000000000000e+00,5.200000000000000000e+01,1.416236933797909991e-01
9.000000000000000000e+00,5.300000000000000000e+01,1.416236933797909991e-01
9.000000000000000000e+00,5.400000000000000000e+01,1.416236933797909991e-01
9.000000000000000000e+00,5.500000000000000000e+01,1.416236933797909991e-01
9.000000000000000000e+00,5.600000000000000000e+01,1.416236933797909991e-01
9.000000000000000000e+00,5.700000000000000000e+01,1.416236933797909991e-01
9.000000000000000000e+00,5.800000000000000000e+01,1.416236933797909991e-01
9.000000000000000000e+00,5.900000000000000000e+01,1.416236933797909991e-01
9.000000000000000000e+00,6.000000000000000000e+01,1.416236933797909991e-01
9.000000000000000000e+00,6.100000000000000000e+01,1.416236933797909991e-01
9.000000000000000000e+00,6.200000000000000000e+01,1.416236933797909991e-01
9.000000000000000000e+00,6.300000000000000000e+01,1.416236933797909991e-01
9.000000000000000000e+00,6.400000000000000000e+01,1.416236933797909991e-01
9.000000000000000000e+00,6.500000000000000000e+01,1.416236933797909991e-01
9.000000000000000000e+00,6.600000000000000000e+01,1.416236933797909991e-01
9.000000000000000000e+00,6.700000000000000000e+01,1.416236933797909991e-01
9.000000000000000000e+00,6.800000000000000000e+01,1.416236933797909991e-01
9.000000000000000000e+00,6.900000000000000000e+01,1.416236933797909991e-01
9.000000000000000000e+00,7.000000000000000000e+01,1.416236933797909991e-01
9.000000000000000000e+00,7.100000000000000000e+01,1.416236933797909991e-01
9.000000000000000000e+00,7.200000000000000000e+01,1.416236933797909991e-01
9.000000000000000000e+00,7.300000000000000000e+01,1.416236933797909991e-01
9.000000000000000000e+00,7.400000000000000000e+01,1.416236933797909991e-01
9.000000000000000000e+00,7.500000000000000000e+01,1.416236933797909991e-01
9.000000000000000000e+00,7.600000000000000000e+01,1.416236933797909991e-01
9.000000000000000000e+00,7.700000000000000000e+01,1.416236933797909991e-01
9.000000000000000000e+00,7.800000000000000000e+01,1.416236933797909991e-01
9.000000000000000000e+00,7.900000000000000000e+01,1.416236933797909991e-01
9.000000000000000000e+00,8.000000000000000000e+01,1.416236933797909991e-01
9.000000000000000000e+00,8.100000000000000000e+01,1.416236933797909991e-01
9.000000000000000000e+00,8.200000000000000000e+01,1.416236933797909991e-01
9.000000000000000000e+00,8.300000000000000000e+01,1.416236933797909991e-01
9.000000000000000000e+00,8.400000000000000000e+01,1.416236933797909991e-01
9.000000000000000000e+00,8.500000000000000000e+01,1.416236933797909991e-01
9.000000000000000000e+00,8.600000000000000000e+01,1.416236933797909991e-01
9.000000000000000000e+00,8.700000000000000000e+01,1.416236933797909991e-01
9.000000000000000000e+00,8.800000000000000000e+01,1.416236933797909991e-01
9.000000000000000000e+00,8.900000000000000000e+01,1.416236933797909991e-01
9.000000000000000000e+00,9.000000000000000000e+01,1.416236933797909991e-01
9.000000000000000000e+00,9.100000000000000000e+01,1.416236933797909991e-01
9.000000000000000000e+00,9.200000000000000000e+01,1.416236933797909991e-01
9.000000000000000000e+00,9.300000000000000000e+01,1.416236933797909991e-01
9.000000000000000000e+00,9.400000000000000000e+01,1.416236933797909991e-01
9.000000000000000000e+00,9.500000000000000000e+01,1.416236933797909991e-01
9.000000000000000000e+00,9.600000000000000000e+01,1.416236933797909991e-01
9.000000000000000000e+00,9.700000000000000000e+01,1.416236933797909991e-01
9.000000000000000000e+00,9.800000000000000000e+01,1.416236933797909991e-01
9.000000000000000000e+00,9.900000000000000000e+01,1.416236933797909991e-01
9.000000000000000000e+00,1.000000000000000000e+02,1.416236933797909991e-01
1.000000000000000000e+01,0.000000000000000000e+00,1.740069686411150340e-01
1.000000000000000000e+01,1.000000000000000000e+00,1.734216027874564969e-01
1.000000000000000000e+01,2.000000000000000000e+00,1.719581881533101542e-01
1.000000000000000000e+01,3.000000000000000000e+00,1.577177700348431910e-01
1.000000000000000000e+01,4.000000000000000000e+00,1.439651567944251476e-01
1.000000000000000000e+01,5.000000000000000000e+00,1.439651567944251476e-01
1.000000000000000000e+01,6.000000000000000000e+00,1.439651567944251476e-01
1.000000000000000000e+01,7.000000000000000000e+00,1.432334494773519762e-01
1.000000000000000000e+01,8.000000000000000000e+00,1.432334494773519762e-01
1.000000000000000000e+01,9.000000000000000000e+00,1.432334494773519762e-01
1.000000000000000000e+01,1.000000000000000000e+01,1.431846689895470981e-01
1.000000000000000000e+01,1.100000000000000000e+01,1.431846689895470981e-01
1.000000000000000000e+01,1.200000000000000000e+01,1.431846689895470981e-01
1.000000000000000000e+01,1.300000000000000000e+01,1.431846689895470981e-01
1.000000000000000000e+01,1.400000000000000000e+01,1.431846689895470981e-01
1.000000000000000000e+01,1.500000000000000000e+01,1.431846689895470981e-01
1.000000000000000000e+01,1.600000000000000000e+01,1.431846689895470981e-01
1.000000000000000000e+01,1.700000000000000000e+01,1.425993031358885610e-01
1.000000000000000000e+01,1.800000000000000000e+01,1.422578397212544143e-01
1.000000000000000000e+01,1.900000000000000000e+01,1.422578397212544143e-01
1.000000000000000000e+01,2.000000000000000000e+01,1.421602787456446582e-01
1.000000000000000000e+01,2.100000000000000000e+01,1.421602787456446582e-01
1.000000000000000000e+01,2.200000000000000000e+01,1.421602787456446582e-01
1.000000000000000000e+01,2.300000000000000000e+01,1.420139372822300239e-01
1.000000000000000000e+01,2.400000000000000000e+01,1.420139372822300239e-01
1.000000000000000000e+01,2.500000000000000000e+01,1.420139372822300239e-01
1.000000000000000000e+01,2.600000000000000000e+01,1.278710801393729279e-01
1.000000000000000000e+01,2.700000000000000000e+01,1.278710801393729279e-01
1.000000000000000000e+01,2.800000000000000000e+01,1.278710801393729279e-01
1.000000000000000000e+01,2.900000000000000000e+01,1.278710801393729279e-01
1.000000000000000000e+01,3.000000000000000000e+01,1.278710801393729279e-01
1.000000000000000000e+01,3.100000000000000000e+01,1.278710801393729279e-01
1.000000000000000000e+01,3.200000000000000000e+01,1.277735191637631718e-01
1.000000000000000000e+01,3.300000000000000000e+01,1.277735191637631718e-01
1.000000000000000000e+01,3.400000000000000000e+01,1.277735191637631718e-01
1.000000000000000000e+01,3.500000000000000000e+01,1.277735191637631718e-01
1.000000000000000000e+01,3.600000000000000000e+01,1.277735191637631718e-01
1.000000000000000000e+01,3.700000000000000000e+01,1.277735191637631718e-01
1.000000000000000000e+01,3.800000000000000000e+01,1.277735191637631718e-01
1.000000000000000000e+01,3.900000000000000000e+01,1.277735191637631718e-01
1.000000000000000000e+01,4.000000000000000000e+01,1.277735191637631718e-01
1.000000000000000000e+01,4.100000000000000000e+01,1.277247386759582937e-01
1.000000000000000000e+01,4.200000000000000000e+01,1.277247386759582937e-01
1.000000000000000000e+01,4.300000000000000000e+01,1.277247386759582937e-01
1.000000000000000000e+01,4.400000000000000000e+01,1.277247386759582937e-01
1.000000000000000000e+01,4.500000000000000000e+01,1.277247386759582937e-01
1.000000000000000000e+01,4.600000000000000000e+01,1.277247386759582937e-01
1.000000000000000000e+01,4.700000000000000000e+01,1.277247386759582937e-01
1.000000000000000000e+01,4.800000000000000000e+01,1.277247386759582937e-01
1.000000000000000000e+01,4.900000000000000000e+01,1.277247386759582937e-01
1.000000000000000000e+01,5.000000000000000000e+01,1.277247386759582937e-01
1.000000000000000000e+01,5.100000000000000000e+01,1.276759581881534156e-01
1.000000000000000000e+01,5.200000000000000000e+01,1.276759581881534156e-01
1.000000000000000000e+01,5.300000000000000000e+01,1.276759581881534156e-01
1.000000000000000000e+01,5.400000000000000000e+01,1.276759581881534156e-01
1.000000000000000000e+01,5.500000000000000000e+01,1.276759581881534156e-01
1.000000000000000000e+01,5.600000000000000000e+01,1.276759581881534156e-01
1.000000000000000000e+01,5.700000000000000000e+01,1.276759581881534156e-01
1.000000000000000000e+01,5.800000000000000000e+01,1.276759581881534156e-01
1.000000000000000000e+01,5.900000000000000000e+01,1.276759581881534156e-01
1.000000000000000000e+01,6.000000000000000000e+01,1.276759581881534156e-01
1.000000000000000000e+01,6.100000000000000000e+01,1.276759581881534156e-01
1.000000000000000000e+01,6.200000000000000000e+01,1.276759581881534156e-01
1.000000000000000000e+01,6.300000000000000000e+01,1.276759581881534156e-01
1.000000000000000000e+01,6.400000000000000000e+01,1.276271777003485375e-01
1.000000000000000000e+01,6.500000000000000000e+01,1.276271777003485375e-01
1.000000000000000000e+01,6.600000000000000000e+01,1.276271777003485375e-01
1.000000000000000000e+01,6.700000000000000000e+01,1.276271777003485375e-01
1.000000000000000000e+01,6.800000000000000000e+01,1.276271777003485375e-01
1.000000000000000000e+01,6.900000000000000000e+01,1.276271777003485375e-01
1.000000000000000000e+01,7.000000000000000000e+01,1.276271777003485375e-01
1.000000000000000000e+01,7.100000000000000000e+01,1.276271777003485375e-01
1.000000000000000000e+01,7.200000000000000000e+01,1.276271777003485375e-01
1.000000000000000000e+01,7.300000000000000000e+01,1.276271777003485375e-01
1.000000000000000000e+01,7.400000000000000000e+01,1.276271777003485375e-01
1.000000000000000000e+01,7.500000000000000000e+01,1.276271777003485375e-01
1.000000000000000000e+01,7.600000000000000000e+01,1.276271777003485375e-01
1.000000000000000000e+01,7.700000000000000000e+01,1.276271777003485375e-01
1.000000000000000000e+01,7.800000000000000000e+01,1.276271777003485375e-01
1.000000000000000000e+01,7.900000000000000000e+01,1.276271777003485375e-01
1.000000000000000000e+01,8.000000000000000000e+01,1.276271777003485375e-01
1.000000000000000000e+01,8.100000000000000000e+01,1.276271777003485375e-01
1.000000000000000000e+01,8.200000000000000000e+01,1.276271777003485375e-01
1.000000000000000000e+01,8.300000000000000000e+01,1.276271777003485375e-01
1.000000000000000000e+01,8.400000000000000000e+01,1.276271777003485375e-01
1.000000000000000000e+01,8.500000000000000000e+01,1.276271777003485375e-01
1.000000000000000000e+01,8.600000000000000000e+01,1.276271777003485375e-01
1.000000000000000000e+01,8.700000000000000000e+01,1.276271777003485375e-01
1.000000000000000000e+01,8.800000000000000000e+01,1.276271777003485375e-01
1.000000000000000000e+01,8.900000000000000000e+01,1.276271777003485375e-01
1.000000000000000000e+01,9.000000000000000000e+01,1.276271777003485375e-01
1.000000000000000000e+01,9.100000000000000000e+01,1.276271777003485375e-01
1.000000000000000000e+01,9.200000000000000000e+01,1.276271777003485375e-01
1.000000000000000000e+01,9.300000000000000000e+01,1.276271777003485375e-01
1.000000000000000000e+01,9.400000000000000000e+01,1.276271777003485375e-01
1.000000000000000000e+01,9.500000000000000000e+01,1.276271777003485375e-01
1.000000000000000000e+01,9.600000000000000000e+01,1.276271777003485375e-01
1.000000000000000000e+01,9.700000000000000000e+01,1.276271777003485375e-01
1.000000000000000000e+01,9.800000000000000000e+01,1.276271777003485375e-01
1.000000000000000000e+01,9.900000000000000000e+01,1.276271777003485375e-01
1.000000000000000000e+01,1.000000000000000000e+02,1.276271777003485375e-01
