1.000000000000000000e+00,0.000000000000000000e+00,3.115336485324818883e-01
1.000000000000000000e+00,1.000000000000000000e+00,2.531990052806090130e-01
1.000000000000000000e+00,2.000000000000000000e+00,2.123506692865037848e-01
1.000000000000000000e+00,3.000000000000000000e+00,2.058800810512095569e-01
1.000000000000000000e+00,4.000000000000000000e+00,1.880511686929468018e-01
1.000000000000000000e+00,5.000000000000000000e+00,1.880511686929468018e-01
1.000000000000000000e+00,6.000000000000000000e+00,1.880511686929468018e-01
1.000000000000000000e+00,7.000000000000000000e+00,1.880511686929468018e-01
1.000000000000000000e+00,8.000000000000000000e+00,1.880511686929468018e-01
1.000000000000000000e+00,9.000000000000000000e+00,1.880511686929468018e-01
1.000000000000000000e+00,1.000000000000000000e+01,1.880511686929468018e-01
1.000000000000000000e+00,1.100000000000000000e+01,1.880511686929468018e-01
1.000000000000000000e+00,1.200000000000000000e+01,1.880511686929468018e-01
1.000000000000000000e+00,1.300000000000000000e+01,1.880511686929468018e-01
1.000000000000000000e+00,1.400000000000000000e+01,1.880511686929468018e-01
1.000000000000000000e+00,1.500000000000000000e+01,1.880511686929468018e-01
1.000000000000000000e+00,1.600000000000000000e+01,1.880511686929468018e-01
1.000000000000000000e+00,1.700000000000000000e+01,1.880511686929468018e-01
1.000000000000000000e+00,1.800000000000000000e+01,1.880511686929468018e-01
1.000000000000000000e+00,1.900000000000000000e+01,1.880511686929468018e-01
1.000000000000000000e+00,2.000000000000000000e+01,1.880511686929468018e-01
1.000000000000000000e+00,2.100000000000000000e+01,1.870873551925989753e-01
1.000000000000000000e+00,2.200000000000000000e+01,1.870873551925989753e-01
1.000000000000000000e+00,2.300000000000000000e+01,1.870873551925989753e-01
1.000000000000000000e+00,2.400000000000000000e+01,1.870873551925989753e-01
1.000000000000000000e+00,2.500000000000000000e+01,1.870873551925989753e-01
1.000000000000000000e+00,2.600000000000000000e+01,1.870873551925989753e-01
1.000000000000000000e+00,2.700000000000000000e+01,1.870873551925989753e-01
1.000000000000000000e+00,2.800000000000000000e+01,1.870873551925989753e-01
1.000000000000000000e+00,2.900000000000000000e+01,1.870873551925989753e-01
1.000000000000000000e+00,3.000000000000000000e+01,1.870873551925989753e-01
1.000000000000000000e+00,3.100000000000000000e+01,1.870873551925989753e-01
1.000000000000000000e+00,3.200000000000000000e+01,1.869271767161979625e-01
1.000000000000000000e+00,3.300000000000000000e+01,1.864244545417331755e-01
1.000000000000000000e+00,3.400000000000000000e+01,1.864244545417331755e-01
1.000000000000000000e+00,3.500000000000000000e+01,1.864244545417331755e-01
1.000000000000000000e+00,3.600000000000000000e+01,1.864244545417331755e-01
1.000000000000000000e+00,3.700000000000000000e+01,1.864244545417331755e-01
1.000000000000000000e+00,3.800000000000000000e+01,1.809244545417331984e-01
1.000000000000000000e+00,3.900000000000000000e+01,1.683085472184698006e-01
1.000000000000000000e+00,4.000000000000000000e+01,1.683085472184698006e-01
1.000000000000000000e+00,4.100000000000000000e+01,1.683085472184698006e-01
1.000000000000000000e+00,4.200000000000000000e+01,1.683085472184698006e-01
1.000000000000000000e+00,4.300000000000000000e+01,1.683085472184698006e-01
1.000000000000000000e+00,4.400000000000000000e+01,1.683085472184698006e-01
1.000000000000000000e+00,4.500000000000000000e+01,1.683085472184698006e-01
1.000000000000000000e+00,4.600000000000000000e+01,1.683085472184698006e-01
1.000000000000000000e+00,4.700000000000000000e+01,1.683085472184698006e-01
1.000000000000000000e+00,4.800000000000000000e+01,1.683085472184698006e-01
1.000000000000000000e+00,4.900000000000000000e+01,1.683085472184698006e-01
1.000000000000000000e+00,5.000000000000000000e+01,1.683085472184698006e-01
1.000000000000000000e+00,5.100000000000000000e+01,1.683085472184698006e-01
1.000000000000000000e+00,5.200000000000000000e+01,1.683085472184698006e-01
1.000000000000000000e+00,5.300000000000000000e+01,1.683085472184698006e-01
1.000000000000000000e+00,5.400000000000000000e+01,1.683085472184698006e-01
1.000000000000000000e+00,5.500000000000000000e+01,1.683085472184698006e-01
1.000000000000000000e+00,5.600000000000000000e+01,1.683085472184698006e-01
1.000000000000000000e+00,5.700000000000000000e+01,1.683085472184698006e-01
1.000000000000000000e+00,5.800000000000000000e+01,1.683085472184698006e-01
1.000000000000000000e+00,5.900000000000000000e+01,1.683085472184698006e-01
1.000000000000000000e+00,6.000000000000000000e+01,1.683085472184698006e-01
1.000000000000000000e+00,6.100000000000000000e+01,1.683085472184698006e-01
1.000000000000000000e+00,6.200000000000000000e+01,1.683085472184698006e-01
1.000000000000000000e+00,6.300000000000000000e+01,1.683085472184698006e-01
1.000000000000000000e+00,6.400000000000000000e+01,1.683085472184698006e-01
1.000000000000000000e+00,6.500000000000000000e+01,1.682858078513243261e-01
1.000000000000000000e+00,6.600000000000000000e+01,1.682858078513243261e-01
1.000000000000000000e+00,6.700000000000000000e+01,1.682858078513243261e-01
1.000000000000000000e+00,6.800000000000000000e+01,1.679622784395596036e-01
1.000000000000000000e+00,6.900000000000000000e+01,1.679622784395596036e-01
1.000000000000000000e+00,7.000000000000000000e+01,1.679622784395596036e-01
1.000000000000000000e+00,7.100000000000000000e+01,1.679622784395596036e-01
1.000000000000000000e+00,7.200000000000000000e+01,1.679622784395596036e-01
1.000000000000000000e+00,7.300000000000000000e+01,1.614916902042654034e-01
1.000000000000000000e+00,7.400000000000000000e+01,1.614916902042654034e-01
1.000000000000000000e+00,7.500000000000000000e+01,1.614916902042654034e-01
1.000000000000000000e+00,7.600000000000000000e+01,1.614916902042654034e-01
1.000000000000000000e+00,7.700000000000000000e+01,1.614916902042654034e-01
1.000000000000000000e+00,7.800000000000000000e+01,1.614916902042654034e-01
1.000000000000000000e+00,7.900000000000000000e+01,1.614916902042654034e-01
1.000000000000000000e+00,8.000000000000000000e+01,1.614916902042654034e-01
1.000000000000000000e+00,8.100000000000000000e+01,1.614916902042654034e-01
1.000000000000000000e+00,8.200000000000000000e+01,1.614916902042654034e-01
1.000000000000000000e+00,8.300000000000000000e+01,1.614916902042654034e-01
1.000000000000000000e+00,8.400000000000000000e+01,1.614916902042654034e-01
1.000000000000000000e+00,8.500000000000000000e+01,1.614916902042654034e-01
1.000000000000000000e+00,8.600000000000000000e+01,1.614916902042654034e-01
1.000000000000000000e+00,8.700000000000000000e+01,1.614916902042654034e-01
1.000000000000000000e+00,8.800000000000000000e+01,1.614916902042654034e-01
1.000000000000000000e+00,8.900000000000000000e+01,1.614916902042654034e-01
1.000000000000000000e+00,9.000000000000000000e+01,1.614916902042654034e-01
1.000000000000000000e+00,9.100000000000000000e+01,1.614916902042654034e-01
1.000000000000000000e+00,9.200000000000000000e+01,1.614916902042654034e-01
1.000000000000000000e+00,9.300000000000000000e+01,1.614916902042654034e-01
1.000000000000000000e+00,9.400000000000000000e+01,1.614916902042654034e-01
1.000000000000000000e+00,9.500000000000000000e+01,1.614916902042654034e-01
1.000000000000000000e+00,9.600000000000000000e+01,1.614916902042654034e-01
1.000000000000000000e+00,9.700000000000000000e+01,1.614916902042654034e-01
1.000000000000000000e+00,9.800000000000000000e+01,1.614916902042654034e-01
1.000000000000000000e+00,9.900000000000000000e+01,1.614916902042654034e-01
1.000000000000000000e+00,1.000000000000000000e+02,1.614916902042654034e-01
2.000000000000000000e+00,0.000000000000000000e+00,3.398320643497482751e-01
2.000000000000000000e+00,1.000000000000000000e+00,3.156523599001186953e-01
2.000000000000000000e+00,2.000000000000000000e+00,2.928539440828524243e-01
2.000000000000000000e+00,3.000000000000000000e+00,2.758424618281550833e-01
2.000000000000000000e+00,4.000000000000000000e+00,2.758424618281550833e-01
2.000000000000000000e+00,5.000000000000000000e+00,2.447207622088500290e-01
2.000000000000000000e+00,6.000000000000000000e+00,2.447207622088500290e-01
2.000000000000000000e+00,7.000000000000000000e+00,2.447207622088500290e-01
2.000000000000000000e+00,8.000000000000000000e+00,2.447207622088500290e-01
2.000000000000000000e+00,9.000000000000000000e+00,2.447207622088500290e-01
2.000000000000000000e+00,1.000000000000000000e+01,2.447207622088500290e-01
2.000000000000000000e+00,1.100000000000000000e+01,2.447207622088500290e-01
2.000000000000000000e+00,1.200000000000000000e+01,2.447207622088500290e-01
2.000000000000000000e+00,1.300000000000000000e+01,2.447207622088500290e-01
2.000000000000000000e+00,1.400000000000000000e+01,2.447207622088500290e-01
2.000000000000000000e+00,1.500000000000000000e+01,2.447207622088500290e-01
2.000000000000000000e+00,1.600000000000000000e+01,2.447207622088500290e-01
2.000000000000000000e+00,1.700000000000000000e+01,2.447207622088500290e-01
2.000000000000000000e+00,1.800000000000000000e+01,2.447207622088500290e-01
2.000000000000000000e+00,1.900000000000000000e+01,2.192712350075728400e-01
2.000000000000000000e+00,2.000000000000000000e+01,2.192712350075728400e-01
2.000000000000000000e+00,2.100000000000000000e+01,2.192712350075728400e-01
2.000000000000000000e+00,2.200000000000000000e+01,2.192712350075728400e-01
2.000000000000000000e+00,2.300000000000000000e+01,2.192712350075728400e-01
2.000000000000000000e+00,2.400000000000000000e+01,2.192712350075728400e-01
2.000000000000000000e+00,2.500000000000000000e+01,2.192712350075728400e-01
2.000000000000000000e+00,2.600000000000000000e+01,2.192712350075728400e-01
2.000000000000000000e+00,2.700000000000000000e+01,2.192712350075728400e-01
2.000000000000000000e+00,2.800000000000000000e+01,2.192712350075728400e-01
2.000000000000000000e+00,2.900000000000000000e+01,2.192712350075728400e-01
2.000000000000000000e+00,3.000000000000000000e+01,2.192712350075728400e-01
2.000000000000000000e+00,3.100000000000000000e+01,2.192712350075728400e-01
2.000000000000000000e+00,3.200000000000000000e+01,2.192712350075728400e-01
2.000000000000000000e+00,3.300000000000000000e+01,2.192712350075728400e-01
2.000000000000000000e+00,3.400000000000000000e+01,2.192712350075728400e-01
2.000000000000000000e+00,3.500000000000000000e+01,2.192712350075728400e-01
2.000000000000000000e+00,3.600000000000000000e+01,2.192712350075728400e-01
2.000000000000000000e+00,3.700000000000000000e+01,2.192712350075728400e-01
2.000000000000000000e+00,3.800000000000000000e+01,2.192712350075728400e-01
2.000000000000000000e+00,3.900000000000000000e+01,2.192712350075728400e-01
2.000000000000000000e+00,4.000000000000000000e+01,2.192712350075728400e-01
2.000000000000000000e+00,4.100000000000000000e+01,2.192712350075728400e-01
2.000000000000000000e+00,4.200000000000000000e+01,2.192712350075728400e-01
2.000000000000000000e+00,4.300000000000000000e+01,2.192712350075728400e-01
2.000000000000000000e+00,4.400000000000000000e+01,2.192712350075728400e-01
2.000000000000000000e+00,4.500000000000000000e+01,2.192712350075728400e-01
2.000000000000000000e+00,4.600000000000000000e+01,2.192712350075728400e-01
2.000000000000000000e+00,4.700000000000000000e+01,2.192712350075728400e-01
2.000000000000000000e+00,4.800000000000000000e+01,2.192712350075728400e-01
2.000000000000000000e+00,4.900000000000000000e+01,2.192712350075728400e-01
2.000000000000000000e+00,5.000000000000000000e+01,2.192712350075728400e-01
2.000000000000000000e+00,5.100000000000000000e+01,2.192712350075728400e-01
2.000000000000000000e+00,5.200000000000000000e+01,2.192712350075728400e-01
2.000000000000000000e+00,5.300000000000000000e+01,2.192712350075728400e-01
2.000000000000000000e+00,5.400000000000000000e+01,2.192712350075728400e-01
2.000000000000000000e+00,5.500000000000000000e+01,2.192712350075728400e-01
2.000000000000000000e+00,5.600000000000000000e+01,2.192712350075728400e-01
2.000000000000000000e+00,5.700000000000000000e+01,2.192712350075728400e-01
2.000000000000000000e+00,5.800000000000000000e+01,2.192712350075728400e-01
2.000000000000000000e+00,5.900000000000000000e+01,2.192712350075728400e-01
2.000000000000000000e+00,6.000000000000000000e+01,2.192712350075728400e-01
2.000000000000000000e+00,6.100000000000000000e+01,2.192712350075728400e-01
2.000000000000000000e+00,6.200000000000000000e+01,2.192712350075728400e-01
2.000000000000000000e+00,6.300000000000000000e+01,2.192712350075728400e-01
2.000000000000000000e+00,6.400000000000000000e+01,2.192712350075728400e-01
2.000000000000000000e+00,6.500000000000000000e+01,2.192712350075728400e-01
2.000000000000000000e+00,6.600000000000000000e+01,2.192712350075728400e-01
2.000000000000000000e+00,6.700000000000000000e+01,2.192712350075728400e-01
2.000000000000000000e+00,6.800000000000000000e+01,2.192712350075728400e-01
2.000000000000000000e+00,6.900000000000000000e+01,2.192712350075728400e-01
2.000000000000000000e+00,7.000000000000000000e+01,2.192712350075728400e-01
2.000000000000000000e+00,7.100000000000000000e+01,2.192712350075728400e-01
2.000000000000000000e+00,7.200000000000000000e+01,2.192712350075728400e-01
2.000000000000000000e+00,7.300000000000000000e+01,2.192712350075728400e-01
2.000000000000000000e+00,7.400000000000000000e+01,2.192712350075728400e-01
2.000000000000000000e+00,7.500000000000000000e+01,2.192712350075728400e-01
2.000000000000000000e+00,7.600000000000000000e+01,2.192712350075728400e-01
2.000000000000000000e+00,7.700000000000000000e+01,2.192712350075728400e-01
2.000000000000000000e+00,7.800000000000000000e+01,2.192712350075728400e-01
2.000000000000000000e+00,7.900000000000000000e+01,2.192712350075728400e-01
2.000000000000000000e+00,8.000000000000000000e+01,2.192712350075728400e-01
2.000000000000000000e+00,8.100000000000000000e+01,2.192712350075728400e-01
2.000000000000000000e+00,8.200000000000000000e+01,2.192712350075728400e-01
2.000000000000000000e+00,8.300000000000000000e+01,2.192712350075728400e-01
2.000000000000000000e+00,8.400000000000000000e+01,2.192712350075728400e-01
2.000000000000000000e+00,8.500000000000000000e+01,2.192712350075728400e-01
2.000000000000000000e+00,8.600000000000000000e+01,2.192712350075728400e-01
2.000000000000000000e+00,8.700000000000000000e+01,2.192712350075728400e-01
2.000000000000000000e+00,8.800000000000000000e+01,2.192712350075728400e-01
2.000000000000000000e+00,8.900000000000000000e+01,2.192712350075728400e-01
2.000000000000000000e+00,9.000000000000000000e+01,2.192712350075728400e-01
2.000000000000000000e+00,9.100000000000000000e+01,2.192712350075728400e-01
2.000000000000000000e+00,9.200000000000000000e+01,2.192712350075728400e-01
2.000000000000000000e+00,9.300000000000000000e+01,2.192712350075728400e-01
2.000000000000000000e+00,9.400000000000000000e+01,2.192712350075728400e-01
2.000000000000000000e+00,9.500000000000000000e+01,2.192712350075728400e-01
2.000000000000000000e+00,9.600000000000000000e+01,2.192712350075728400e-01
2.000000000000000000e+00,9.700000000000000000e+01,2.192712350075728400e-01
2.000000000000000000e+00,9.800000000000000000e+01,2.192712350075728400e-01
2.000000000000000000e+00,9.900000000000000000e+01,2.192712350075728400e-01
2.000000000000000000e+00,1.000000000000000000e+02,2.192712350075728400e-01
3.000000000000000000e+00,0.000000000000000000e+00,2.711516230709402064e-01
3.000000000000000000e+00,1.000000000000000000e+00,2.475339760121167687e-01
3.000000000000000000e+00,2.000000000000000000e+00,2.475339760121167687e-01
3.000000000000000000e+00,3.000000000000000000e+00,2.475339760121167687e-01
3.000000000000000000e+00,4.000000000000000000e+00,2.475339760121167687e-01
3.000000000000000000e+00,5.000000000000000000e+00,2.475339760121167687e-01
3.000000000000000000e+00,6.000000000000000000e+00,2.330998608211553580e-01
3.000000000000000000e+00,7.000000000000000000e+00,2.330998608211553580e-01
3.000000000000000000e+00,8.000000000000000000e+00,2.330998608211553580e-01
3.000000000000000000e+00,9.000000000000000000e+00,2.330998608211553580e-01
3.000000000000000000e+00,1.000000000000000000e+01,2.276327315895042558e-01
3.000000000000000000e+00,1.100000000000000000e+01,2.276327315895042558e-01
3.000000000000000000e+00,1.200000000000000000e+01,2.276327315895042558e-01
3.000000000000000000e+00,1.300000000000000000e+01,2.091358835809898342e-01
3.000000000000000000e+00,1.400000000000000000e+01,2.091358835809898342e-01
3.000000000000000000e+00,1.500000000000000000e+01,2.091358835809898342e-01
3.000000000000000000e+00,1.600000000000000000e+01,2.091358835809898342e-01
3.000000000000000000e+00,1.700000000000000000e+01,2.091358835809898342e-01
3.000000000000000000e+00,1.800000000000000000e+01,2.091358835809898342e-01
3.000000000000000000e+00,1.900000000000000000e+01,2.091358835809898342e-01
3.000000000000000000e+00,2.000000000000000000e+01,2.091358835809898342e-01
3.000000000000000000e+00,2.100000000000000000e+01,2.091358835809898342e-01
3.000000000000000000e+00,2.200000000000000000e+01,2.091358835809898342e-01
3.000000000000000000e+00,2.300000000000000000e+01,2.091358835809898342e-01
3.000000000000000000e+00,2.400000000000000000e+01,2.091358835809898342e-01
3.000000000000000000e+00,2.500000000000000000e+01,2.091358835809898342e-01
3.000000000000000000e+00,2.600000000000000000e+01,2.091358835809898342e-01
3.000000000000000000e+00,2.700000000000000000e+01,2.091358835809898342e-01
3.000000000000000000e+00,2.800000000000000000e+01,2.091358835809898342e-01
3.000000000000000000e+00,2.900000000000000000e+01,2.091358835809898342e-01
3.000000000000000000e+00,3.000000000000000000e+01,2.091358835809898342e-01
3.000000000000000000e+00,3.100000000000000000e+01,2.091358835809898342e-01
3.000000000000000000e+00,3.200000000000000000e+01,2.091358835809898342e-01
3.000000000000000000e+00,3.300000000000000000e+01,2.091358835809898342e-01
3.000000000000000000e+00,3.400000000000000000e+01,2.091358835809898342e-01
3.000000000000000000e+00,3.500000000000000000e+01,2.091358835809898342e-01
3.000000000000000000e+00,3.600000000000000000e+01,2.091358835809898342e-01
3.000000000000000000e+00,3.700000000000000000e+01,2.091358835809898342e-01
3.000000000000000000e+00,3.800000000000000000e+01,2.091358835809898342e-01
3.000000000000000000e+00,3.900000000000000000e+01,2.091358835809898342e-01
3.000000000000000000e+00,4.000000000000000000e+01,2.091358835809898342e-01
3.000000000000000000e+00,4.100000000000000000e+01,2.091358835809898342e-01
3.000000000000000000e+00,4.200000000000000000e+01,2.091358835809898342e-01
3.000000000000000000e+00,4.300000000000000000e+01,2.091358835809898342e-01
3.000000000000000000e+00,4.400000000000000000e+01,2.091358835809898342e-01
3.000000000000000000e+00,4.500000000000000000e+01,2.091358835809898342e-01
3.000000000000000000e+00,4.600000000000000000e+01,2.091358835809898342e-01
3.000000000000000000e+00,4.700000000000000000e+01,2.091358835809898342e-01
3.000000000000000000e+00,4.800000000000000000e+01,2.091358835809898342e-01
3.000000000000000000e+00,4.900000000000000000e+01,2.091358835809898342e-01
3.000000000000000000e+00,5.000000000000000000e+01,2.091358835809898342e-01
3.000000000000000000e+00,5.100000000000000000e+01,2.091358835809898342e-01
3.000000000000000000e+00,5.200000000000000000e+01,2.091358835809898342e-01
3.000000000000000000e+00,5.300000000000000000e+01,2.091358835809898342e-01
3.000000000000000000e+00,5.400000000000000000e+01,2.091358835809898342e-01
3.000000000000000000e+00,5.500000000000000000e+01,2.091358835809898342e-01
3.000000000000000000e+00,5.600000000000000000e+01,2.091358835809898342e-01
3.000000000000000000e+00,5.700000000000000000e+01,2.091358835809898342e-01
3.000000000000000000e+00,5.800000000000000000e+01,2.091358835809898342e-01
3.000000000000000000e+00,5.900000000000000000e+01,2.091358835809898342e-01
3.000000000000000000e+00,6.000000000000000000e+01,2.091358835809898342e-01
3.000000000000000000e+00,6.100000000000000000e+01,2.091358835809898342e-01
3.000000000000000000e+00,6.200000000000000000e+01,2.091358835809898342e-01
3.000000000000000000e+00,6.300000000000000000e+01,2.091358835809898342e-01
3.000000000000000000e+00,6.400000000000000000e+01,2.091358835809898342e-01
3.000000000000000000e+00,6.500000000000000000e+01,2.091358835809898342e-01
3.000000000000000000e+00,6.600000000000000000e+01,2.091358835809898342e-01
3.000000000000000000e+00,6.700000000000000000e+01,2.091358835809898342e-01
3.000000000000000000e+00,6.800000000000000000e+01,2.091358835809898342e-01
3.000000000000000000e+00,6.900000000000000000e+01,2.091358835809898342e-01
3.000000000000000000e+00,7.000000000000000000e+01,2.091358835809898342e-01
3.000000000000000000e+00,7.100000000000000000e+01,2.091358835809898342e-01
3.000000000000000000e+00,7.200000000000000000e+01,2.091358835809898342e-01
3.000000000000000000e+00,7.300000000000000000e+01,2.091358835809898342e-01
3.000000000000000000e+00,7.400000000000000000e+01,2.091358835809898342e-01
3.000000000000000000e+00,7.500000000000000000e+01,2.091358835809898342e-01
3.000000000000000000e+00,7.600000000000000000e+01,2.091358835809898342e-01
3.000000000000000000e+00,7.700000000000000000e+01,2.091358835809898342e-01
3.000000000000000000e+00,7.800000000000000000e+01,2.091358835809898342e-01
3.000000000000000000e+00,7.900000000000000000e+01,2.091358835809898342e-01
3.000000000000000000e+00,8.000000000000000000e+01,2.091358835809898342e-01
3.000000000000000000e+00,8.100000000000000000e+01,2.091358835809898342e-01
3.000000000000000000e+00,8.200000000000000000e+01,2.091358835809898342e-01
3.000000000000000000e+00,8.300000000000000000e+01,2.091358835809898342e-01
3.000000000000000000e+00,8.400000000000000000e+01,2.091358835809898342e-01
3.000000000000000000e+00,8.500000000000000000e+01,2.091358835809898342e-01
3.000000000000000000e+00,8.600000000000000000e+01,2.091358835809898342e-01
3.000000000000000000e+00,8.700000000000000000e+01,2.091358835809898342e-01
3.000000000000000000e+00,8.800000000000000000e+01,2.091358835809898342e-01
3.000000000000000000e+00,8.900000000000000000e+01,2.091358835809898342e-01
3.000000000000000000e+00,9.000000000000000000e+01,2.091358835809898342e-01
3.000000000000000000e+00,9.100000000000000000e+01,2.091358835809898342e-01
3.000000000000000000e+00,9.200000000000000000e+01,2.091358835809898342e-01
3.000000000000000000e+00,9.300000000000000000e+01,2.091358835809898342e-01
3.000000000000000000e+00,9.400000000000000000e+01,2.091358835809898342e-01
3.000000000000000000e+00,9.500000000000000000e+01,2.091358835809898342e-01
3.000000000000000000e+00,9.600000000000000000e+01,2.091358835809898342e-01
3.000000000000000000e+00,9.700000000000000000e+01,2.091358835809898342e-01
3.000000000000000000e+00,9.800000000000000000e+01,2.091358835809898342e-01
3.000000000000000000e+00,9.900000000000000000e+01,2.091358835809898342e-01
3.000000000000000000e+00,1.000000000000000000e+02,2.091358835809898342e-01
4.000000000000000000e+00,0.000000000000000000e+00,2.942613901510500729e-01
4.000000000000000000e+00,1.000000000000000000e+00,2.942613901510500729e-01
4.000000000000000000e+00,2.000000000000000000e+00,2.879749682754104700e-01
4.000000000000000000e+00,3.000000000000000000e+00,2.631933767243850308e-01
4.000000000000000000e+00,4.000000000000000000e+00,2.563992590773261360e-01
4.000000000000000000e+00,5.000000000000000000e+00,2.209325596626958432e-01
4.000000000000000000e+00,6.000000000000000000e+00,2.209325596626958432e-01
4.000000000000000000e+00,7.000000000000000000e+00,2.160691800728643530e-01
4.000000000000000000e+00,8.000000000000000000e+00,1.924515330140406655e-01
4.000000000000000000e+00,9.000000000000000000e+00,1.924515330140406655e-01
4.000000000000000000e+00,1.000000000000000000e+01,1.924515330140406655e-01
4.000000000000000000e+00,1.100000000000000000e+01,1.924515330140406655e-01
4.000000000000000000e+00,1.200000000000000000e+01,1.924515330140406655e-01
4.000000000000000000e+00,1.300000000000000000e+01,1.924515330140406655e-01
4.000000000000000000e+00,1.400000000000000000e+01,1.908390437594661981e-01
4.000000000000000000e+00,1.500000000000000000e+01,1.908390437594661981e-01
4.000000000000000000e+00,1.600000000000000000e+01,1.908390437594661981e-01
4.000000000000000000e+00,1.700000000000000000e+01,1.908390437594661981e-01
4.000000000000000000e+00,1.800000000000000000e+01,1.908390437594661981e-01
4.000000000000000000e+00,1.900000000000000000e+01,1.688668181259978529e-01
4.000000000000000000e+00,2.000000000000000000e+01,1.688668181259978529e-01
4.000000000000000000e+00,2.100000000000000000e+01,1.688668181259978529e-01
4.000000000000000000e+00,2.200000000000000000e+01,1.628623562159728921e-01
4.000000000000000000e+00,2.300000000000000000e+01,1.625388268042080864e-01
4.000000000000000000e+00,2.400000000000000000e+01,1.567152973924434145e-01
4.000000000000000000e+00,2.500000000000000000e+01,1.508917679806784928e-01
4.000000000000000000e+00,2.600000000000000000e+01,1.508917679806784928e-01
4.000000000000000000e+00,2.700000000000000000e+01,1.508917679806784928e-01
4.000000000000000000e+00,2.800000000000000000e+01,1.508917679806784928e-01
4.000000000000000000e+00,2.900000000000000000e+01,1.508917679806784928e-01
4.000000000000000000e+00,3.000000000000000000e+01,1.508917679806784928e-01
4.000000000000000000e+00,3.100000000000000000e+01,1.508917679806784928e-01
4.000000000000000000e+00,3.200000000000000000e+01,1.508917679806784928e-01
4.000000000000000000e+00,3.300000000000000000e+01,1.508917679806784928e-01
4.000000000000000000e+00,3.400000000000000000e+01,1.508917679806784928e-01
4.000000000000000000e+00,3.500000000000000000e+01,1.508917679806784928e-01
4.000000000000000000e+00,3.600000000000000000e+01,1.508917679806784928e-01
4.000000000000000000e+00,3.700000000000000000e+01,1.508917679806784928e-01
4.000000000000000000e+00,3.800000000000000000e+01,1.508917679806784928e-01
4.000000000000000000e+00,3.900000000000000000e+01,1.508917679806784928e-01
4.000000000000000000e+00,4.000000000000000000e+01,1.508917679806784928e-01
4.000000000000000000e+00,4.100000000000000000e+01,1.508917679806784928e-01
4.000000000000000000e+00,4.200000000000000000e+01,1.508917679806784928e-01
4.000000000000000000e+00,4.300000000000000000e+01,1.457152973924434325e-01
4.000000000000000000e+00,4.400000000000000000e+01,1.457152973924434325e-01
4.000000000000000000e+00,4.500000000000000000e+01,1.457152973924434325e-01
4.000000000000000000e+00,4.600000000000000000e+01,1.457152973924434325e-01
4.000000000000000000e+00,4.700000000000000000e+01,1.457152973924434325e-01
4.000000000000000000e+00,4.800000000000000000e+01,1.457152973924434325e-01
4.000000000000000000e+00,4.900000000000000000e+01,1.457152973924434325e-01
4.000000000000000000e+00,5.000000000000000000e+01,1.457152973924434325e-01
4.000000000000000000e+00,5.100000000000000000e+01,1.457152973924434325e-01
4.000000000000000000e+00,5.200000000000000000e+01,1.457152973924434325e-01
4.000000000000000000e+00,5.300000000000000000e+01,1.457152973924434325e-01
4.000000000000000000e+00,5.400000000000000000e+01,1.457152973924434325e-01
4.000000000000000000e+00,5.500000000000000000e+01,1.457152973924434325e-01
4.000000000000000000e+00,5.600000000000000000e+01,1.457152973924434325e-01
4.000000000000000000e+00,5.700000000000000000e+01,1.457152973924434325e-01
4.000000000000000000e+00,5.800000000000000000e+01,1.457152973924434325e-01
4.000000000000000000e+00,5.900000000000000000e+01,1.457152973924434325e-01
4.000000000000000000e+00,6.000000000000000000e+01,1.453917679806787377e-01
4.000000000000000000e+00,6.100000000000000000e+01,1.337447091571491442e-01
4.000000000000000000e+00,6.200000000000000000e+01,1.337447091571491442e-01
4.000000000000000000e+00,6.300000000000000000e+01,1.337447091571491442e-01
4.000000000000000000e+00,6.400000000000000000e+01,1.337447091571491442e-01
4.000000000000000000e+00,6.500000000000000000e+01,1.337447091571491442e-01
4.000000000000000000e+00,6.600000000000000000e+01,1.337447091571491442e-01
4.000000000000000000e+00,6.700000000000000000e+01,1.337447091571491442e-01
4.000000000000000000e+00,6.800000000000000000e+01,1.337447091571491442e-01
4.000000000000000000e+00,6.900000000000000000e+01,1.337447091571491442e-01
4.000000000000000000e+00,7.000000000000000000e+01,1.337447091571491442e-01
4.000000000000000000e+00,7.100000000000000000e+01,1.337447091571491442e-01
4.000000000000000000e+00,7.200000000000000000e+01,1.337447091571491442e-01
4.000000000000000000e+00,7.300000000000000000e+01,1.337447091571491442e-01
4.000000000000000000e+00,7.400000000000000000e+01,1.337447091571491442e-01
4.000000000000000000e+00,7.500000000000000000e+01,1.337447091571491442e-01
4.000000000000000000e+00,7.600000000000000000e+01,1.337447091571491442e-01
4.000000000000000000e+00,7.700000000000000000e+01,1.337447091571491442e-01
4.000000000000000000e+00,7.800000000000000000e+01,1.337447091571491442e-01
4.000000000000000000e+00,7.900000000000000000e+01,1.337447091571491442e-01
4.000000000000000000e+00,8.000000000000000000e+01,1.337447091571491442e-01
4.000000000000000000e+00,8.100000000000000000e+01,1.337447091571491442e-01
4.000000000000000000e+00,8.200000000000000000e+01,1.337447091571491442e-01
4.000000000000000000e+00,8.300000000000000000e+01,1.337447091571491442e-01
4.000000000000000000e+00,8.400000000000000000e+01,1.337447091571491442e-01
4.000000000000000000e+00,8.500000000000000000e+01,1.337447091571491442e-01
4.000000000000000000e+00,8.600000000000000000e+01,1.337447091571491442e-01
4.000000000000000000e+00,8.700000000000000000e+01,1.337447091571491442e-01
4.000000000000000000e+00,8.800000000000000000e+01,1.337447091571491442e-01
4.000000000000000000e+00,8.900000000000000000e+01,1.337447091571491442e-01
4.000000000000000000e+00,9.000000000000000000e+01,1.337447091571491442e-01
4.000000000000000000e+00,9.100000000000000000e+01,1.337447091571491442e-01
4.000000000000000000e+00,9.200000000000000000e+01,1.337447091571491442e-01
4.000000000000000000e+00,9.300000000000000000e+01,1.337447091571491442e-01
4.000000000000000000e+00,9.400000000000000000e+01,1.337447091571491442e-01
4.000000000000000000e+00,9.500000000000000000e+01,1.337447091571491442e-01
4.000000000000000000e+00,9.600000000000000000e+01,1.337447091571491442e-01
4.000000000000000000e+00,9.700000000000000000e+01,1.337447091571491442e-01
4.000000000000000000e+00,9.800000000000000000e+01,1.337447091571491442e-01
4.000000000000000000e+00,9.900000000000000000e+01,1.337447091571491442e-01
4.000000000000000000e+00,1.000000000000000000e+02,1.337447091571491442e-01
5.000000000000000000e+00,0.000000000000000000e+00,2.823047198002375802e-01
5.000000000000000000e+00,1.000000000000000000e+00,2.771785787383846400e-01
5.000000000000000000e+00,2.000000000000000000e+00,2.439731057349871224e-01
5.000000000000000000e+00,3.000000000000000000e+00,2.163842564165541216e-01
5.000000000000000000e+00,4.000000000000000000e+00,2.163842564165541216e-01
5.000000000000000000e+00,5.000000000000000000e+00,2.163842564165541216e-01
5.000000000000000000e+00,6.000000000000000000e+00,2.163842564165541216e-01
5.000000000000000000e+00,7.000000000000000000e+00,2.163842564165541216e-01
5.000000000000000000e+00,8.000000000000000000e+00,2.163842564165541216e-01
5.000000000000000000e+00,9.000000000000000000e+00,2.163842564165541216e-01
5.000000000000000000e+00,1.000000000000000000e+01,2.163842564165541216e-01
5.000000000000000000e+00,1.100000000000000000e+01,2.105745220844078003e-01
5.000000000000000000e+00,1.200000000000000000e+01,2.047335953170411338e-01
5.000000000000000000e+00,1.300000000000000000e+01,1.795834254369806648e-01
5.000000000000000000e+00,1.400000000000000000e+01,1.689069548487454053e-01
5.000000000000000000e+00,1.500000000000000000e+01,1.689069548487454053e-01
5.000000000000000000e+00,1.600000000000000000e+01,1.689069548487454053e-01
5.000000000000000000e+00,1.700000000000000000e+01,1.689069548487454053e-01
5.000000000000000000e+00,1.800000000000000000e+01,1.689069548487454053e-01
5.000000000000000000e+00,1.900000000000000000e+01,1.689069548487454053e-01
5.000000000000000000e+00,2.000000000000000000e+01,1.689069548487454053e-01
5.000000000000000000e+00,2.100000000000000000e+01,1.689069548487454053e-01
5.000000000000000000e+00,2.200000000000000000e+01,1.689069548487454053e-01
5.000000000000000000e+00,2.300000000000000000e+01,1.689069548487454053e-01
5.000000000000000000e+00,2.400000000000000000e+01,1.689069548487454053e-01
5.000000000000000000e+00,2.500000000000000000e+01,1.689069548487454053e-01
5.000000000000000000e+00,2.600000000000000000e+01,1.689069548487454053e-01
5.000000000000000000e+00,2.700000000000000000e+01,1.689069548487454053e-01
5.000000000000000000e+00,2.800000000000000000e+01,1.689069548487454053e-01
5.000000000000000000e+00,2.900000000000000000e+01,1.689069548487454053e-01
5.000000000000000000e+00,3.000000000000000000e+01,1.689069548487454053e-01
5.000000000000000000e+00,3.100000000000000000e+01,1.689069548487454053e-01
5.000000000000000000e+00,3.200000000000000000e+01,1.689069548487454053e-01
5.000000000000000000e+00,3.300000000000000000e+01,1.689069548487454053e-01
5.000000000000000000e+00,3.400000000000000000e+01,1.689069548487454053e-01
5.000000000000000000e+00,3.500000000000000000e+01,1.689069548487454053e-01
5.000000000000000000e+00,3.600000000000000000e+01,1.689069548487454053e-01
5.000000000000000000e+00,3.700000000000000000e+01,1.689069548487454053e-01
5.000000000000000000e+00,3.800000000000000000e+01,1.689069548487454053e-01
5.000000000000000000e+00,3.900000000000000000e+01,1.689069548487454053e-01
5.000000000000000000e+00,4.000000000000000000e+01,1.689069548487454053e-01
5.000000000000000000e+00,4.100000000000000000e+01,1.689069548487454053e-01
5.000000000000000000e+00,4.200000000000000000e+01,1.689069548487454053e-01
5.000000000000000000e+00,4.300000000000000000e+01,1.689069548487454053e-01
5.000000000000000000e+00,4.400000000000000000e+01,1.689069548487454053e-01
5.000000000000000000e+00,4.500000000000000000e+01,1.689069548487454053e-01
5.000000000000000000e+00,4.600000000000000000e+01,1.689069548487454053e-01
5.000000000000000000e+00,4.700000000000000000e+01,1.689069548487454053e-01
5.000000000000000000e+00,4.800000000000000000e+01,1.689069548487454053e-01
5.000000000000000000e+00,4.900000000000000000e+01,1.689069548487454053e-01
5.000000000000000000e+00,5.000000000000000000e+01,1.689069548487454053e-01
5.000000000000000000e+00,5.100000000000000000e+01,1.689069548487454053e-01
5.000000000000000000e+00,5.200000000000000000e+01,1.689069548487454053e-01
5.000000000000000000e+00,5.300000000000000000e+01,1.689069548487454053e-01
5.000000000000000000e+00,5.400000000000000000e+01,1.689069548487454053e-01
5.000000000000000000e+00,5.500000000000000000e+01,1.689069548487454053e-01
5.000000000000000000e+00,5.600000000000000000e+01,1.689069548487454053e-01
5.000000000000000000e+00,5.700000000000000000e+01,1.689069548487454053e-01
5.000000000000000000e+00,5.800000000000000000e+01,1.689069548487454053e-01
5.000000000000000000e+00,5.900000000000000000e+01,1.689069548487454053e-01
5.000000000000000000e+00,6.000000000000000000e+01,1.689069548487454053e-01
5.000000000000000000e+00,6.100000000000000000e+01,1.689069548487454053e-01
5.000000000000000000e+00,6.200000000000000000e+01,1.689069548487454053e-01
5.000000000000000000e+00,6.300000000000000000e+01,1.689069548487454053e-01
5.000000000000000000e+00,6.400000000000000000e+01,1.689069548487454053e-01
5.000000000000000000e+00,6.500000000000000000e+01,1.689069548487454053e-01
5.000000000000000000e+00,6.600000000000000000e+01,1.689069548487454053e-01
5.000000000000000000e+00,6.700000000000000000e+01,1.689069548487454053e-01
5.000000000000000000e+00,6.800000000000000000e+01,1.689069548487454053e-01
5.000000000000000000e+00,6.900000000000000000e+01,1.689069548487454053e-01
5.000000000000000000e+00,7.000000000000000000e+01,1.689069548487454053e-01
5.000000000000000000e+00,7.100000000000000000e+01,1.689069548487454053e-01
5.000000000000000000e+00,7.200000000000000000e+01,1.689069548487454053e-01
5.000000000000000000e+00,7.300000000000000000e+01,1.689069548487454053e-01
5.000000000000000000e+00,7.400000000000000000e+01,1.689069548487454053e-01
5.000000000000000000e+00,7.500000000000000000e+01,1.689069548487454053e-01
5.000000000000000000e+00,7.600000000000000000e+01,1.689069548487454053e-01
5.000000000000000000e+00,7.700000000000000000e+01,1.689069548487454053e-01
5.000000000000000000e+00,7.800000000000000000e+01,1.689069548487454053e-01
5.000000000000000000e+00,7.900000000000000000e+01,1.689069548487454053e-01
5.000000000000000000e+00,8.000000000000000000e+01,1.689069548487454053e-01
5.000000000000000000e+00,8.100000000000000000e+01,1.689069548487454053e-01
5.000000000000000000e+00,8.200000000000000000e+01,1.689069548487454053e-01
5.000000000000000000e+00,8.300000000000000000e+01,1.689069548487454053e-01
5.000000000000000000e+00,8.400000000000000000e+01,1.689069548487454053e-01
5.000000000000000000e+00,8.500000000000000000e+01,1.689069548487454053e-01
5.000000000000000000e+00,8.600000000000000000e+01,1.689069548487454053e-01
5.000000000000000000e+00,8.700000000000000000e+01,1.689069548487454053e-01
5.000000000000000000e+00,8.800000000000000000e+01,1.689069548487454053e-01
5.000000000000000000e+00,8.900000000000000000e+01,1.689069548487454053e-01
5.000000000000000000e+00,9.000000000000000000e+01,1.689069548487454053e-01
5.000000000000000000e+00,9.100000000000000000e+01,1.689069548487454053e-01
5.000000000000000000e+00,9.200000000000000000e+01,1.689069548487454053e-01
5.000000000000000000e+00,9.300000000000000000e+01,1.689069548487454053e-01
5.000000000000000000e+00,9.400000000000000000e+01,1.689069548487454053e-01
5.000000000000000000e+00,9.500000000000000000e+01,1.689069548487454053e-01
5.000000000000000000e+00,9.600000000000000000e+01,1.689069548487454053e-01
5.000000000000000000e+00,9.700000000000000000e+01,1.689069548487454053e-01
5.000000000000000000e+00,9.800000000000000000e+01,1.689069548487454053e-01
5.000000000000000000e+00,9.900000000000000000e+01,1.689069548487454053e-01
5.000000000000000000e+00,1.000000000000000000e+02,1.689069548487454053e-01
6.000000000000000000e+00,0.000000000000000000e+00,2.883595726390765779e-01
6.000000000000000000e+00,1.000000000000000000e+00,2.767125138155471231e-01
6.000000000000000000e+00,2.000000000000000000e+00,2.395498178394531441e-01
6.000000000000000000e+00,3.000000000000000000e+00,2.395498178394531441e-01
6.000000000000000000e+00,4.000000000000000000e+00,2.395498178394531441e-01
6.000000000000000000e+00,5.000000000000000000e+00,2.348670637357241076e-01
6.000000000000000000e+00,6.000000000000000000e+00,2.164102296450939322e-01
6.000000000000000000e+00,7.000000000000000000e+00,1.986248106758360665e-01
6.000000000000000000e+00,8.000000000000000000e+00,1.986248106758360665e-01
6.000000000000000000e+00,9.000000000000000000e+00,1.940414671087641596e-01
6.000000000000000000e+00,1.000000000000000000e+01,1.940414671087641596e-01
6.000000000000000000e+00,1.100000000000000000e+01,1.940414671087641596e-01
6.000000000000000000e+00,1.200000000000000000e+01,1.940414671087641596e-01
6.000000000000000000e+00,1.300000000000000000e+01,1.940414671087641596e-01
6.000000000000000000e+00,1.400000000000000000e+01,1.940414671087641596e-01
6.000000000000000000e+00,1.500000000000000000e+01,1.940414671087641596e-01
6.000000000000000000e+00,1.600000000000000000e+01,1.940414671087641596e-01
6.000000000000000000e+00,1.700000000000000000e+01,1.940414671087641596e-01
6.000000000000000000e+00,1.800000000000000000e+01,1.940414671087641596e-01
6.000000000000000000e+00,1.900000000000000000e+01,1.940414671087641596e-01
6.000000000000000000e+00,2.000000000000000000e+01,1.940414671087641596e-01
6.000000000000000000e+00,2.100000000000000000e+01,1.940414671087641596e-01
6.000000000000000000e+00,2.200000000000000000e+01,1.940414671087641596e-01
6.000000000000000000e+00,2.300000000000000000e+01,1.940414671087641596e-01
6.000000000000000000e+00,2.400000000000000000e+01,1.940414671087641596e-01
6.000000000000000000e+00,2.500000000000000000e+01,1.940414671087641596e-01
6.000000000000000000e+00,2.600000000000000000e+01,1.940414671087641596e-01
6.000000000000000000e+00,2.700000000000000000e+01,1.940414671087641596e-01
6.000000000000000000e+00,2.800000000000000000e+01,1.866314830733963592e-01
6.000000000000000000e+00,2.900000000000000000e+01,1.866314830733963592e-01
6.000000000000000000e+00,3.000000000000000000e+01,1.866314830733963592e-01
6.000000000000000000e+00,3.100000000000000000e+01,1.866314830733963592e-01
6.000000000000000000e+00,3.200000000000000000e+01,1.866314830733963592e-01
6.000000000000000000e+00,3.300000000000000000e+01,1.866314830733963592e-01
6.000000000000000000e+00,3.400000000000000000e+01,1.866314830733963592e-01
6.000000000000000000e+00,3.500000000000000000e+01,1.866314830733963592e-01
6.000000000000000000e+00,3.600000000000000000e+01,1.866314830733963592e-01
6.000000000000000000e+00,3.700000000000000000e+01,1.866314830733963592e-01
6.000000000000000000e+00,3.800000000000000000e+01,1.866314830733963592e-01
6.000000000000000000e+00,3.900000000000000000e+01,1.866314830733963592e-01
6.000000000000000000e+00,4.000000000000000000e+01,1.866314830733963592e-01
6.000000000000000000e+00,4.100000000000000000e+01,1.866314830733963592e-01
6.000000000000000000e+00,4.200000000000000000e+01,1.866314830733963592e-01
6.000000000000000000e+00,4.300000000000000000e+01,1.866314830733963592e-01
6.000000000000000000e+00,4.400000000000000000e+01,1.866314830733963592e-01
6.000000000000000000e+00,4.500000000000000000e+01,1.866314830733963592e-01
6.000000000000000000e+00,4.600000000000000000e+01,1.866314830733963592e-01
6.000000000000000000e+00,4.700000000000000000e+01,1.866314830733963592e-01
6.000000000000000000e+00,4.800000000000000000e+01,1.866314830733963592e-01
6.000000000000000000e+00,4.900000000000000000e+01,1.866314830733963592e-01
6.000000000000000000e+00,5.000000000000000000e+01,1.866314830733963592e-01
6.000000000000000000e+00,5.100000000000000000e+01,1.866314830733963592e-01
6.000000000000000000e+00,5.200000000000000000e+01,1.866314830733963592e-01
6.000000000000000000e+00,5.300000000000000000e+01,1.866314830733963592e-01
6.000000000000000000e+00,5.400000000000000000e+01,1.866314830733963592e-01
6.000000000000000000e+00,5.500000000000000000e+01,1.866314830733963592e-01
6.000000000000000000e+00,5.600000000000000000e+01,1.866314830733963592e-01
6.000000000000000000e+00,5.700000000000000000e+01,1.866314830733963592e-01
6.000000000000000000e+00,5.800000000000000000e+01,1.866314830733963592e-01
6.000000000000000000e+00,5.900000000000000000e+01,1.866314830733963592e-01
6.000000000000000000e+00,6.000000000000000000e+01,1.866314830733963592e-01
6.000000000000000000e+00,6.100000000000000000e+01,1.866314830733963592e-01
6.000000000000000000e+00,6.200000000000000000e+01,1.866314830733963592e-01
6.000000000000000000e+00,6.300000000000000000e+01,1.853459412992754518e-01
6.000000000000000000e+00,6.400000000000000000e+01,1.853459412992754518e-01
6.000000000000000000e+00,6.500000000000000000e+01,1.853459412992754518e-01
6.000000000000000000e+00,6.600000000000000000e+01,1.853459412992754518e-01
6.000000000000000000e+00,6.700000000000000000e+01,1.853459412992754518e-01
6.000000000000000000e+00,6.800000000000000000e+01,1.853459412992754518e-01
6.000000000000000000e+00,6.900000000000000000e+01,1.853459412992754518e-01
6.000000000000000000e+00,7.000000000000000000e+01,1.853459412992754518e-01
6.000000000000000000e+00,7.100000000000000000e+01,1.853459412992754518e-01
6.000000000000000000e+00,7.200000000000000000e+01,1.853459412992754518e-01
6.000000000000000000e+00,7.300000000000000000e+01,1.853459412992754518e-01
6.000000000000000000e+00,7.400000000000000000e+01,1.853459412992754518e-01
6.000000000000000000e+00,7.500000000000000000e+01,1.853459412992754518e-01
6.000000000000000000e+00,7.600000000000000000e+01,1.853459412992754518e-01
6.000000000000000000e+00,7.700000000000000000e+01,1.853459412992754518e-01
6.000000000000000000e+00,7.800000000000000000e+01,1.853459412992754518e-01
6.000000000000000000e+00,7.900000000000000000e+01,1.853459412992754518e-01
6.000000000000000000e+00,8.000000000000000000e+01,1.853459412992754518e-01
6.000000000000000000e+00,8.100000000000000000e+01,1.853459412992754518e-01
6.000000000000000000e+00,8.200000000000000000e+01,1.853459412992754518e-01
6.000000000000000000e+00,8.300000000000000000e+01,1.853459412992754518e-01
6.000000000000000000e+00,8.400000000000000000e+01,1.853459412992754518e-01
6.000000000000000000e+00,8.500000000000000000e+01,1.853459412992754518e-01
6.000000000000000000e+00,8.600000000000000000e+01,1.853459412992754518e-01
6.000000000000000000e+00,8.700000000000000000e+01,1.853459412992754518e-01
6.000000000000000000e+00,8.800000000000000000e+01,1.853459412992754518e-01
6.000000000000000000e+00,8.900000000000000000e+01,1.853459412992754518e-01
6.000000000000000000e+00,9.000000000000000000e+01,1.853459412992754518e-01
6.000000000000000000e+00,9.100000000000000000e+01,1.853459412992754518e-01
6.000000000000000000e+00,9.200000000000000000e+01,1.853459412992754518e-01
6.000000000000000000e+00,9.300000000000000000e+01,1.853459412992754518e-01
6.000000000000000000e+00,9.400000000000000000e+01,1.853459412992754518e-01
6.000000000000000000e+00,9.500000000000000000e+01,1.853459412992754518e-01
6.000000000000000000e+00,9.600000000000000000e+01,1.853459412992754518e-01
6.000000000000000000e+00,9.700000000000000000e+01,1.853459412992754518e-01
6.000000000000000000e+00,9.800000000000000000e+01,1.853459412992754518e-01
6.000000000000000000e+00,9.900000000000000000e+01,1.853459412992754518e-01
6.000000000000000000e+00,1.000000000000000000e+02,1.853459412992754518e-01
7.000000000000000000e+00,0.000000000000000000e+00,2.828508739612755618e-01
7.000000000000000000e+00,1.000000000000000000e+00,2.629031478979900194e-01
7.000000000000000000e+00,2.000000000000000000e+00,2.629031478979900194e-01
7.000000000000000000e+00,3.000000000000000000e+00,2.282295836915141374e-01
7.000000000000000000e+00,4.000000000000000000e+00,2.111348397396537180e-01
7.000000000000000000e+00,5.000000000000000000e+00,2.111348397396537180e-01
7.000000000000000000e+00,6.000000000000000000e+00,2.111348397396537180e-01
7.000000000000000000e+00,7.000000000000000000e+00,2.111348397396537180e-01
7.000000000000000000e+00,8.000000000000000000e+00,2.111348397396537180e-01
7.000000000000000000e+00,9.000000000000000000e+00,2.111348397396537180e-01
7.000000000000000000e+00,1.000000000000000000e+01,2.111348397396537180e-01
7.000000000000000000e+00,1.100000000000000000e+01,2.111348397396537180e-01
7.000000000000000000e+00,1.200000000000000000e+01,2.111348397396537180e-01
7.000000000000000000e+00,1.300000000000000000e+01,2.111348397396537180e-01
7.000000000000000000e+00,1.400000000000000000e+01,2.111348397396537180e-01
7.000000000000000000e+00,1.500000000000000000e+01,2.111348397396537180e-01
7.000000000000000000e+00,1.600000000000000000e+01,2.111348397396537180e-01
7.000000000000000000e+00,1.700000000000000000e+01,2.111348397396537180e-01
7.000000000000000000e+00,1.800000000000000000e+01,2.111348397396537180e-01
7.000000000000000000e+00,1.900000000000000000e+01,2.111348397396537180e-01
7.000000000000000000e+00,2.000000000000000000e+01,2.111348397396537180e-01
7.000000000000000000e+00,2.100000000000000000e+01,2.111348397396537180e-01
7.000000000000000000e+00,2.200000000000000000e+01,2.111348397396537180e-01
7.000000000000000000e+00,2.300000000000000000e+01,2.111348397396537180e-01
7.000000000000000000e+00,2.400000000000000000e+01,2.111348397396537180e-01
7.000000000000000000e+00,2.500000000000000000e+01,2.111348397396537180e-01
7.000000000000000000e+00,2.600000000000000000e+01,2.111348397396537180e-01
7.000000000000000000e+00,2.700000000000000000e+01,2.111348397396537180e-01
7.000000000000000000e+00,2.800000000000000000e+01,2.111348397396537180e-01
7.000000000000000000e+00,2.900000000000000000e+01,2.111348397396537180e-01
7.000000000000000000e+00,3.000000000000000000e+01,2.111348397396537180e-01
7.000000000000000000e+00,3.100000000000000000e+01,2.111348397396537180e-01
7.000000000000000000e+00,3.200000000000000000e+01,2.111348397396537180e-01
7.000000000000000000e+00,3.300000000000000000e+01,2.111348397396537180e-01
7.000000000000000000e+00,3.400000000000000000e+01,2.111348397396537180e-01
7.000000000000000000e+00,3.500000000000000000e+01,2.111348397396537180e-01
7.000000000000000000e+00,3.600000000000000000e+01,2.081077612673462307e-01
7.000000000000000000e+00,3.700000000000000000e+01,2.081077612673462307e-01
7.000000000000000000e+00,3.800000000000000000e+01,1.977530803553153582e-01
7.000000000000000000e+00,3.900000000000000000e+01,1.977530803553153582e-01
7.000000000000000000e+00,4.000000000000000000e+01,1.977530803553153582e-01
7.000000000000000000e+00,4.100000000000000000e+01,1.977530803553153582e-01
7.000000000000000000e+00,4.200000000000000000e+01,1.796354332964918976e-01
7.000000000000000000e+00,4.300000000000000000e+01,1.796354332964918976e-01
7.000000000000000000e+00,4.400000000000000000e+01,1.796354332964918976e-01
7.000000000000000000e+00,4.500000000000000000e+01,1.796354332964918976e-01
7.000000000000000000e+00,4.600000000000000000e+01,1.796354332964918976e-01
7.000000000000000000e+00,4.700000000000000000e+01,1.796354332964918976e-01
7.000000000000000000e+00,4.800000000000000000e+01,1.796354332964918976e-01
7.000000000000000000e+00,4.900000000000000000e+01,1.796354332964918976e-01
7.000000000000000000e+00,5.000000000000000000e+01,1.796354332964918976e-01
7.000000000000000000e+00,5.100000000000000000e+01,1.796354332964918976e-01
7.000000000000000000e+00,5.200000000000000000e+01,1.796354332964918976e-01
7.000000000000000000e+00,5.300000000000000000e+01,1.796354332964918976e-01
7.000000000000000000e+00,5.400000000000000000e+01,1.796354332964918976e-01
7.000000000000000000e+00,5.500000000000000000e+01,1.796354332964918976e-01
7.000000000000000000e+00,5.600000000000000000e+01,1.796354332964918976e-01
7.000000000000000000e+00,5.700000000000000000e+01,1.796354332964918976e-01
7.000000000000000000e+00,5.800000000000000000e+01,1.796354332964918976e-01
7.000000000000000000e+00,5.900000000000000000e+01,1.796354332964918976e-01
7.000000000000000000e+00,6.000000000000000000e+01,1.796354332964918976e-01
7.000000000000000000e+00,6.100000000000000000e+01,1.796354332964918976e-01
7.000000000000000000e+00,6.200000000000000000e+01,1.796354332964918976e-01
7.000000000000000000e+00,6.300000000000000000e+01,1.796354332964918976e-01
7.000000000000000000e+00,6.400000000000000000e+01,1.796354332964918976e-01
7.000000000000000000e+00,6.500000000000000000e+01,1.796354332964918976e-01
7.000000000000000000e+00,6.600000000000000000e+01,1.796354332964918976e-01
7.000000000000000000e+00,6.700000000000000000e+01,1.796354332964918976e-01
7.000000000000000000e+00,6.800000000000000000e+01,1.796354332964918976e-01
7.000000000000000000e+00,6.900000000000000000e+01,1.796354332964918976e-01
7.000000000000000000e+00,7.000000000000000000e+01,1.740258299561995292e-01
7.000000000000000000e+00,7.100000000000000000e+01,1.740258299561995292e-01
7.000000000000000000e+00,7.200000000000000000e+01,1.740258299561995292e-01
7.000000000000000000e+00,7.300000000000000000e+01,1.740258299561995292e-01
7.000000000000000000e+00,7.400000000000000000e+01,1.740258299561995292e-01
7.000000000000000000e+00,7.500000000000000000e+01,1.740258299561995292e-01
7.000000000000000000e+00,7.600000000000000000e+01,1.740258299561995292e-01
7.000000000000000000e+00,7.700000000000000000e+01,1.740258299561995292e-01
7.000000000000000000e+00,7.800000000000000000e+01,1.740258299561995292e-01
7.000000000000000000e+00,7.900000000000000000e+01,1.740258299561995292e-01
7.000000000000000000e+00,8.000000000000000000e+01,1.740258299561995292e-01
7.000000000000000000e+00,8.100000000000000000e+01,1.740258299561995292e-01
7.000000000000000000e+00,8.200000000000000000e+01,1.740258299561995292e-01
7.000000000000000000e+00,8.300000000000000000e+01,1.740258299561995292e-01
7.000000000000000000e+00,8.400000000000000000e+01,1.740258299561995292e-01
7.000000000000000000e+00,8.500000000000000000e+01,1.740258299561995292e-01
7.000000000000000000e+00,8.600000000000000000e+01,1.740258299561995292e-01
7.000000000000000000e+00,8.700000000000000000e+01,1.740258299561995292e-01
7.000000000000000000e+00,8.800000000000000000e+01,1.740258299561995292e-01
7.000000000000000000e+00,8.900000000000000000e+01,1.740258299561995292e-01
7.000000000000000000e+00,9.000000000000000000e+01,1.740258299561995292e-01
7.000000000000000000e+00,9.100000000000000000e+01,1.740258299561995292e-01
7.000000000000000000e+00,9.200000000000000000e+01,1.740258299561995292e-01
7.000000000000000000e+00,9.300000000000000000e+01,1.740258299561995292e-01
7.000000000000000000e+00,9.400000000000000000e+01,1.740258299561995292e-01
7.000000000000000000e+00,9.500000000000000000e+01,1.740258299561995292e-01
7.000000000000000000e+00,9.600000000000000000e+01,1.740258299561995292e-01
7.000000000000000000e+00,9.700000000000000000e+01,1.740258299561995292e-01
7.000000000000000000e+00,9.800000000000000000e+01,1.740258299561995292e-01
7.000000000000000000e+00,9.900000000000000000e+01,1.740258299561995292e-01
7.000000000000000000e+00,1.000000000000000000e+02,1.740258299561995292e-01
8.000000000000000000e+00,0.000000000000000000e+00,3.061902247328994742e-01
8.000000000000000000e+00,1.000000000000000000e+00,2.770725776740759483e-01
8.000000000000000000e+00,2.000000000000000000e+00,2.770725776740759483e-01
8.000000000000000000e+00,3.000000000000000000e+00,2.636143313275205458e-01
8.000000000000000000e+00,4.000000000000000000e+00,2.517916206148430036e-01
8.000000000000000000e+00,5.000000000000000000e+00,2.388380203856073081e-01
8.000000000000000000e+00,6.000000000000000000e+00,2.388380203856073081e-01
8.000000000000000000e+00,7.000000000000000000e+00,2.323308363011175881e-01
8.000000000000000000e+00,8.000000000000000000e+00,2.323308363011175881e-01
8.000000000000000000e+00,9.000000000000000000e+00,2.323308363011175881e-01
8.000000000000000000e+00,1.000000000000000000e+01,2.323308363011175881e-01
8.000000000000000000e+00,1.100000000000000000e+01,2.263785664578985002e-01
8.000000000000000000e+00,1.200000000000000000e+01,2.263785664578985002e-01
8.000000000000000000e+00,1.300000000000000000e+01,2.263785664578985002e-01
8.000000000000000000e+00,1.400000000000000000e+01,2.157334111097467255e-01
8.000000000000000000e+00,1.500000000000000000e+01,2.157334111097467255e-01
8.000000000000000000e+00,1.600000000000000000e+01,2.157334111097467255e-01
8.000000000000000000e+00,1.700000000000000000e+01,2.157334111097467255e-01
8.000000000000000000e+00,1.800000000000000000e+01,2.157334111097467255e-01
8.000000000000000000e+00,1.900000000000000000e+01,2.157334111097467255e-01
8.000000000000000000e+00,2.000000000000000000e+01,2.157334111097467255e-01
8.000000000000000000e+00,2.100000000000000000e+01,2.157334111097467255e-01
8.000000000000000000e+00,2.200000000000000000e+01,2.157334111097467255e-01
8.000000000000000000e+00,2.300000000000000000e+01,2.087791763887182628e-01
8.000000000000000000e+00,2.400000000000000000e+01,2.087791763887182628e-01
8.000000000000000000e+00,2.500000000000000000e+01,2.084417290924720778e-01
8.000000000000000000e+00,2.600000000000000000e+01,2.032739571820376678e-01
8.000000000000000000e+00,2.700000000000000000e+01,2.032739571820376678e-01
8.000000000000000000e+00,2.800000000000000000e+01,2.032739571820376678e-01
8.000000000000000000e+00,2.900000000000000000e+01,2.032739571820376678e-01
8.000000000000000000e+00,3.000000000000000000e+01,2.032739571820376678e-01
8.000000000000000000e+00,3.100000000000000000e+01,2.032739571820376678e-01
8.000000000000000000e+00,3.200000000000000000e+01,2.032739571820376678e-01
8.000000000000000000e+00,3.300000000000000000e+01,1.974469482991528246e-01
8.000000000000000000e+00,3.400000000000000000e+01,1.974469482991528246e-01
8.000000000000000000e+00,3.500000000000000000e+01,1.974469482991528246e-01
8.000000000000000000e+00,3.600000000000000000e+01,1.974469482991528246e-01
8.000000000000000000e+00,3.700000000000000000e+01,1.974469482991528246e-01
8.000000000000000000e+00,3.800000000000000000e+01,1.974469482991528246e-01
8.000000000000000000e+00,3.900000000000000000e+01,1.974469482991528246e-01
8.000000000000000000e+00,4.000000000000000000e+01,1.974469482991528246e-01
8.000000000000000000e+00,4.100000000000000000e+01,1.974469482991528246e-01
8.000000000000000000e+00,4.200000000000000000e+01,1.974469482991528246e-01
8.000000000000000000e+00,4.300000000000000000e+01,1.974469482991528246e-01
8.000000000000000000e+00,4.400000000000000000e+01,1.974469482991528246e-01
8.000000000000000000e+00,4.500000000000000000e+01,1.974469482991528246e-01
8.000000000000000000e+00,4.600000000000000000e+01,1.974469482991528246e-01
8.000000000000000000e+00,4.700000000000000000e+01,1.974469482991528246e-01
8.000000000000000000e+00,4.800000000000000000e+01,1.974469482991528246e-01
8.000000000000000000e+00,4.900000000000000000e+01,1.974469482991528246e-01
8.000000000000000000e+00,5.000000000000000000e+01,1.974469482991528246e-01
8.000000000000000000e+00,5.100000000000000000e+01,1.974469482991528246e-01
8.000000000000000000e+00,5.200000000000000000e+01,1.974469482991528246e-01
8.000000000000000000e+00,5.300000000000000000e+01,1.974469482991528246e-01
8.000000000000000000e+00,5.400000000000000000e+01,1.974469482991528246e-01
8.000000000000000000e+00,5.500000000000000000e+01,1.974469482991528246e-01
8.000000000000000000e+00,5.600000000000000000e+01,1.974469482991528246e-01
8.000000000000000000e+00,5.700000000000000000e+01,1.974469482991528246e-01
8.000000000000000000e+00,5.800000000000000000e+01,1.974469482991528246e-01
8.000000000000000000e+00,5.900000000000000000e+01,1.974469482991528246e-01
8.000000000000000000e+00,6.000000000000000000e+01,1.974469482991528246e-01
8.000000000000000000e+00,6.100000000000000000e+01,1.974469482991528246e-01
8.000000000000000000e+00,6.200000000000000000e+01,1.974469482991528246e-01
8.000000000000000000e+00,6.300000000000000000e+01,1.974469482991528246e-01
8.000000000000000000e+00,6.400000000000000000e+01,1.974469482991528246e-01
8.000000000000000000e+00,6.500000000000000000e+01,1.974469482991528246e-01
8.000000000000000000e+00,6.600000000000000000e+01,1.974469482991528246e-01
8.000000000000000000e+00,6.700000000000000000e+01,1.970329526382577912e-01
8.000000000000000000e+00,6.800000000000000000e+01,1.970329526382577912e-01
8.000000000000000000e+00,6.900000000000000000e+01,1.970329526382577912e-01
8.000000000000000000e+00,7.000000000000000000e+01,1.970329526382577912e-01
8.000000000000000000e+00,7.100000000000000000e+01,1.970329526382577912e-01
8.000000000000000000e+00,7.200000000000000000e+01,1.970329526382577912e-01
8.000000000000000000e+00,7.300000000000000000e+01,1.970329526382577912e-01
8.000000000000000000e+00,7.400000000000000000e+01,1.970329526382577912e-01
8.000000000000000000e+00,7.500000000000000000e+01,1.970329526382577912e-01
8.000000000000000000e+00,7.600000000000000000e+01,1.970329526382577912e-01
8.000000000000000000e+00,7.700000000000000000e+01,1.970329526382577912e-01
8.000000000000000000e+00,7.800000000000000000e+01,1.970329526382577912e-01
8.000000000000000000e+00,7.900000000000000000e+01,1.970329526382577912e-01
8.000000000000000000e+00,8.000000000000000000e+01,1.970329526382577912e-01
8.000000000000000000e+00,8.100000000000000000e+01,1.970329526382577912e-01
8.000000000000000000e+00,8.200000000000000000e+01,1.970329526382577912e-01
8.000000000000000000e+00,8.300000000000000000e+01,1.970329526382577912e-01
8.000000000000000000e+00,8.400000000000000000e+01,1.970329526382577912e-01
8.000000000000000000e+00,8.500000000000000000e+01,1.970329526382577912e-01
8.000000000000000000e+00,8.600000000000000000e+01,1.970329526382577912e-01
8.000000000000000000e+00,8.700000000000000000e+01,1.970329526382577912e-01
8.000000000000000000e+00,8.800000000000000000e+01,1.970329526382577912e-01
8.000000000000000000e+00,8.900000000000000000e+01,1.970329526382577912e-01
8.000000000000000000e+00,9.000000000000000000e+01,1.970329526382577912e-01
8.000000000000000000e+00,9.100000000000000000e+01,1.970329526382577912e-01
8.000000000000000000e+00,9.200000000000000000e+01,1.970329526382577912e-01
8.000000000000000000e+00,9.300000000000000000e+01,1.970329526382577912e-01
8.000000000000000000e+00,9.400000000000000000e+01,1.970329526382577912e-01
8.000000000000000000e+00,9.500000000000000000e+01,1.970329526382577912e-01
8.000000000000000000e+00,9.600000000000000000e+01,1.970329526382577912e-01
8.000000000000000000e+00,9.700000000000000000e+01,1.970329526382577912e-01
8.000000000000000000e+00,9.800000000000000000e+01,1.970329526382577912e-01
8.000000000000000000e+00,9.900000000000000000e+01,1.743858938147283266e-01
8.000000000000000000e+00,1.000000000000000000e+02,1.743858938147283266e-01
9.000000000000000000e+00,0.000000000000000000e+00,2.878829464980147690e-01
9.000000000000000000e+00,1.000000000000000000e+00,2.878829464980147690e-01
9.000000000000000000e+00,2.000000000000000000e+00,2.516089483810225458e-01
9.000000000000000000e+00,3.000000000000000000e+00,2.516089483810225458e-01
9.000000000000000000e+00,4.000000000000000000e+00,2.392835154938802444e-01
9.000000000000000000e+00,5.000000000000000000e+00,2.392835154938802444e-01
9.000000000000000000e+00,6.000000000000000000e+00,2.392835154938802444e-01
9.000000000000000000e+00,7.000000000000000000e+00,2.150534201154364611e-01
9.000000000000000000e+00,8.000000000000000000e+00,2.097672847844773980e-01
9.000000000000000000e+00,9.000000000000000000e+00,2.036202259609480036e-01
9.000000000000000000e+00,1.000000000000000000e+01,2.036202259609480036e-01
9.000000000000000000e+00,1.100000000000000000e+01,2.036202259609480036e-01
9.000000000000000000e+00,1.200000000000000000e+01,1.978662859715911160e-01
9.000000000000000000e+00,1.300000000000000000e+01,1.978662859715911160e-01
9.000000000000000000e+00,1.400000000000000000e+01,1.978662859715911160e-01
9.000000000000000000e+00,1.500000000000000000e+01,1.978662859715911160e-01
9.000000000000000000e+00,1.600000000000000000e+01,1.978662859715911160e-01
9.000000000000000000e+00,1.700000000000000000e+01,1.978662859715911160e-01
9.000000000000000000e+00,1.800000000000000000e+01,1.978662859715911160e-01
9.000000000000000000e+00,1.900000000000000000e+01,1.978662859715911160e-01
9.000000000000000000e+00,2.000000000000000000e+01,1.978662859715911160e-01
9.000000000000000000e+00,2.100000000000000000e+01,1.978662859715911160e-01
9.000000000000000000e+00,2.200000000000000000e+01,1.978662859715911160e-01
9.000000000000000000e+00,2.300000000000000000e+01,1.978662859715911160e-01
9.000000000000000000e+00,2.400000000000000000e+01,1.978662859715911160e-01
9.000000000000000000e+00,2.500000000000000000e+01,1.978662859715911160e-01
9.000000000000000000e+00,2.600000000000000000e+01,1.978662859715911160e-01
9.000000000000000000e+00,2.700000000000000000e+01,1.978662859715911160e-01
9.000000000000000000e+00,2.800000000000000000e+01,1.978662859715911160e-01
9.000000000000000000e+00,2.900000000000000000e+01,1.978662859715911160e-01
9.000000000000000000e+00,3.000000000000000000e+01,1.978662859715911160e-01
9.000000000000000000e+00,3.100000000000000000e+01,1.978662859715911160e-01
9.000000000000000000e+00,3.200000000000000000e+01,1.978662859715911160e-01
9.000000000000000000e+00,3.300000000000000000e+01,1.978662859715911160e-01
9.000000000000000000e+00,3.400000000000000000e+01,1.978662859715911160e-01
9.000000000000000000e+00,3.500000000000000000e+01,1.978662859715911160e-01
9.000000000000000000e+00,3.600000000000000000e+01,1.978662859715911160e-01
9.000000000000000000e+00,3.700000000000000000e+01,1.978662859715911160e-01
9.000000000000000000e+00,3.800000000000000000e+01,1.978662859715911160e-01
9.000000000000000000e+00,3.900000000000000000e+01,1.978662859715911160e-01
9.000000000000000000e+00,4.000000000000000000e+01,1.978662859715911160e-01
9.000000000000000000e+00,4.100000000000000000e+01,1.978662859715911160e-01
9.000000000000000000e+00,4.200000000000000000e+01,1.978662859715911160e-01
9.000000000000000000e+00,4.300000000000000000e+01,1.968189651643538207e-01
9.000000000000000000e+00,4.400000000000000000e+01,1.968189651643538207e-01
9.000000000000000000e+00,4.500000000000000000e+01,1.968189651643538207e-01
9.000000000000000000e+00,4.600000000000000000e+01,1.968189651643538207e-01
9.000000000000000000e+00,4.700000000000000000e+01,1.968189651643538207e-01
9.000000000000000000e+00,4.800000000000000000e+01,1.968189651643538207e-01
9.000000000000000000e+00,4.900000000000000000e+01,1.968189651643538207e-01
9.000000000000000000e+00,5.000000000000000000e+01,1.968189651643538207e-01
9.000000000000000000e+00,5.100000000000000000e+01,1.968189651643538207e-01
9.000000000000000000e+00,5.200000000000000000e+01,1.903483769290597039e-01
9.000000000000000000e+00,5.300000000000000000e+01,1.903483769290597039e-01
9.000000000000000000e+00,5.400000000000000000e+01,1.903483769290597039e-01
9.000000000000000000e+00,5.500000000000000000e+01,1.903483769290597039e-01
9.000000000000000000e+00,5.600000000000000000e+01,1.903483769290597039e-01
9.000000000000000000e+00,5.700000000000000000e+01,1.903483769290597039e-01
9.000000000000000000e+00,5.800000000000000000e+01,1.903483769290597039e-01
9.000000000000000000e+00,5.900000000000000000e+01,1.903483769290597039e-01
9.000000000000000000e+00,6.000000000000000000e+01,1.903483769290597039e-01
9.000000000000000000e+00,6.100000000000000000e+01,1.903483769290597039e-01
9.000000000000000000e+00,6.200000000000000000e+01,1.903483769290597039e-01
9.000000000000000000e+00,6.300000000000000000e+01,1.903483769290597039e-01
9.000000000000000000e+00,6.400000000000000000e+01,1.903483769290597039e-01
9.000000000000000000e+00,6.500000000000000000e+01,1.903483769290597039e-01
9.000000000000000000e+00,6.600000000000000000e+01,1.903483769290597039e-01
9.000000000000000000e+00,6.700000000000000000e+01,1.903483769290597039e-01
9.000000000000000000e+00,6.800000000000000000e+01,1.903483769290597039e-01
9.000000000000000000e+00,6.900000000000000000e+01,1.903483769290597039e-01
9.000000000000000000e+00,7.000000000000000000e+01,1.903483769290597039e-01
9.000000000000000000e+00,7.100000000000000000e+01,1.903483769290597039e-01
9.000000000000000000e+00,7.200000000000000000e+01,1.903483769290597039e-01
9.000000000000000000e+00,7.300000000000000000e+01,1.903483769290597039e-01
9.000000000000000000e+00,7.400000000000000000e+01,1.903483769290597039e-01
9.000000000000000000e+00,7.500000000000000000e+01,1.903483769290597039e-01
9.000000000000000000e+00,7.600000000000000000e+01,1.903483769290597039e-01
9.000000000000000000e+00,7.700000000000000000e+01,1.903483769290597039e-01
9.000000000000000000e+00,7.800000000000000000e+01,1.903483769290597039e-01
9.000000000000000000e+00,7.900000000000000000e+01,1.903483769290597039e-01
9.000000000000000000e+00,8.000000000000000000e+01,1.903483769290597039e-01
9.000000000000000000e+00,8.100000000000000000e+01,1.903483769290597039e-01
9.000000000000000000e+00,8.200000000000000000e+01,1.903483769290597039e-01
9.000000000000000000e+00,8.300000000000000000e+01,1.903483769290597039e-01
9.000000000000000000e+00,8.400000000000000000e+01,1.903483769290597039e-01
9.000000000000000000e+00,8.500000000000000000e+01,1.903483769290597039e-01
9.000000000000000000e+00,8.600000000000000000e+01,1.903483769290597039e-01
9.000000000000000000e+00,8.700000000000000000e+01,1.903483769290597039e-01
9.000000000000000000e+00,8.800000000000000000e+01,1.903483769290597039e-01
9.000000000000000000e+00,8.900000000000000000e+01,1.903483769290597039e-01
9.000000000000000000e+00,9.000000000000000000e+01,1.903483769290597039e-01
9.000000000000000000e+00,9.100000000000000000e+01,1.903483769290597039e-01
9.000000000000000000e+00,9.200000000000000000e+01,1.903483769290597039e-01
9.000000000000000000e+00,9.300000000000000000e+01,1.903483769290597039e-01
9.000000000000000000e+00,9.400000000000000000e+01,1.903483769290597039e-01
9.000000000000000000e+00,9.500000000000000000e+01,1.903483769290597039e-01
9.000000000000000000e+00,9.600000000000000000e+01,1.903483769290597039e-01
9.000000000000000000e+00,9.700000000000000000e+01,1.903483769290597039e-01
9.000000000000000000e+00,9.800000000000000000e+01,1.903483769290597039e-01
9.000000000000000000e+00,9.900000000000000000e+01,1.903483769290597039e-01
9.000000000000000000e+00,1.000000000000000000e+02,1.903483769290597039e-01
1.000000000000000000e+01,0.000000000000000000e+00,2.999822751647632235e-01
1.000000000000000000e+01,1.000000000000000000e+00,2.579145073478245065e-01
1.000000000000000000e+01,2.000000000000000000e+00,2.529727782553522486e-01
1.000000000000000000e+01,3.000000000000000000e+00,2.529727782553522486e-01
1.000000000000000000e+01,4.000000000000000000e+00,2.529727782553522486e-01
1.000000000000000000e+01,5.000000000000000000e+00,2.529727782553522486e-01
1.000000000000000000e+01,6.000000000000000000e+00,2.529727782553522486e-01
1.000000000000000000e+01,7.000000000000000000e+00,2.496397519341765903e-01
1.000000000000000000e+01,8.000000000000000000e+00,2.496397519341765903e-01
1.000000000000000000e+01,9.000000000000000000e+00,2.493213803266610407e-01
1.000000000000000000e+01,1.000000000000000000e+01,2.493213803266610407e-01
1.000000000000000000e+01,1.100000000000000000e+01,2.276449097384257159e-01
1.000000000000000000e+01,1.200000000000000000e+01,2.276449097384257159e-01
1.000000000000000000e+01,1.300000000000000000e+01,2.276449097384257159e-01
1.000000000000000000e+01,1.400000000000000000e+01,2.276449097384257159e-01
1.000000000000000000e+01,1.500000000000000000e+01,2.276449097384257159e-01
1.000000000000000000e+01,1.600000000000000000e+01,2.276449097384257159e-01
1.000000000000000000e+01,1.700000000000000000e+01,2.276449097384257159e-01
1.000000000000000000e+01,1.800000000000000000e+01,2.276449097384257159e-01
1.000000000000000000e+01,1.900000000000000000e+01,2.276449097384257159e-01
1.000000000000000000e+01,2.000000000000000000e+01,2.276449097384257159e-01
1.000000000000000000e+01,2.100000000000000000e+01,2.276449097384257159e-01
1.000000000000000000e+01,2.200000000000000000e+01,2.276449097384257159e-01
1.000000000000000000e+01,2.300000000000000000e+01,2.276449097384257159e-01
1.000000000000000000e+01,2.400000000000000000e+01,2.276449097384257159e-01
1.000000000000000000e+01,2.500000000000000000e+01,2.276449097384257159e-01
1.000000000000000000e+01,2.600000000000000000e+01,2.275751975111547365e-01
1.000000000000000000e+01,2.700000000000000000e+01,2.275751975111547365e-01
1.000000000000000000e+01,2.800000000000000000e+01,2.275751975111547365e-01
1.000000000000000000e+01,2.900000000000000000e+01,2.275751975111547365e-01
1.000000000000000000e+01,3.000000000000000000e+01,2.275751975111547365e-01
1.000000000000000000e+01,3.100000000000000000e+01,2.094418928322895057e-01
1.000000000000000000e+01,3.200000000000000000e+01,2.094418928322895057e-01
1.000000000000000000e+01,3.300000000000000000e+01,2.094418928322895057e-01
1.000000000000000000e+01,3.400000000000000000e+01,2.094418928322895057e-01
1.000000000000000000e+01,3.500000000000000000e+01,2.094418928322895057e-01
1.000000000000000000e+01,3.600000000000000000e+01,2.094418928322895057e-01
1.000000000000000000e+01,3.700000000000000000e+01,2.094418928322895057e-01
1.000000000000000000e+01,3.800000000000000000e+01,2.094418928322895057e-01
1.000000000000000000e+01,3.900000000000000000e+01,2.094418928322895057e-01
1.000000000000000000e+01,4.000000000000000000e+01,2.094418928322895057e-01
1.000000000000000000e+01,4.100000000000000000e+01,2.094418928322895057e-01
1.000000000000000000e+01,4.200000000000000000e+01,2.094418928322895057e-01
1.000000000000000000e+01,4.300000000000000000e+01,2.094418928322895057e-01
1.000000000000000000e+01,4.400000000000000000e+01,2.094418928322895057e-01
1.000000000000000000e+01,4.500000000000000000e+01,2.094418928322895057e-01
1.000000000000000000e+01,4.600000000000000000e+01,2.094418928322895057e-01
1.000000000000000000e+01,4.700000000000000000e+01,2.094418928322895057e-01
1.000000000000000000e+01,4.800000000000000000e+01,2.094418928322895057e-01
1.000000000000000000e+01,4.900000000000000000e+01,2.094418928322895057e-01
1.000000000000000000e+01,5.000000000000000000e+01,2.094418928322895057e-01
1.000000000000000000e+01,5.100000000000000000e+01,2.094418928322895057e-01
1.000000000000000000e+01,5.200000000000000000e+01,2.094418928322895057e-01
1.000000000000000000e+01,5.300000000000000000e+01,2.094418928322895057e-01
1.000000000000000000e+01,5.400000000000000000e+01,2.094418928322895057e-01
1.000000000000000000e+01,5.500000000000000000e+01,2.094418928322895057e-01
1.000000000000000000e+01,5.600000000000000000e+01,2.094418928322895057e-01
1.000000000000000000e+01,5.700000000000000000e+01,2.094418928322895057e-01
1.000000000000000000e+01,5.800000000000000000e+01,2.094418928322895057e-01
1.000000000000000000e+01,5.900000000000000000e+01,2.094418928322895057e-01
1.000000000000000000e+01,6.000000000000000000e+01,2.094418928322895057e-01
1.000000000000000000e+01,6.100000000000000000e+01,2.094418928322895057e-01
1.000000000000000000e+01,6.200000000000000000e+01,2.094418928322895057e-01
1.000000000000000000e+01,6.300000000000000000e+01,2.094418928322895057e-01
1.000000000000000000e+01,6.400000000000000000e+01,2.094418928322895057e-01
1.000000000000000000e+01,6.500000000000000000e+01,2.094418928322895057e-01
1.000000000000000000e+01,6.600000000000000000e+01,2.094418928322895057e-01
1.000000000000000000e+01,6.700000000000000000e+01,2.094418928322895057e-01
1.000000000000000000e+01,6.800000000000000000e+01,2.094418928322895057e-01
1.000000000000000000e+01,6.900000000000000000e+01,2.094418928322895057e-01
1.000000000000000000e+01,7.000000000000000000e+01,2.094418928322895057e-01
1.000000000000000000e+01,7.100000000000000000e+01,2.094418928322895057e-01
1.000000000000000000e+01,7.200000000000000000e+01,2.094418928322895057e-01
1.000000000000000000e+01,7.300000000000000000e+01,2.094418928322895057e-01
1.000000000000000000e+01,7.400000000000000000e+01,2.094418928322895057e-01
1.000000000000000000e+01,7.500000000000000000e+01,2.094418928322895057e-01
1.000000000000000000e+01,7.600000000000000000e+01,2.094418928322895057e-01
1.000000000000000000e+01,7.700000000000000000e+01,2.094418928322895057e-01
1.000000000000000000e+01,7.800000000000000000e+01,2.094418928322895057e-01
1.000000000000000000e+01,7.900000000000000000e+01,2.094418928322895057e-01
1.000000000000000000e+01,8.000000000000000000e+01,2.094418928322895057e-01
1.000000000000000000e+01,8.100000000000000000e+01,2.094418928322895057e-01
1.000000000000000000e+01,8.200000000000000000e+01,2.094418928322895057e-01
1.000000000000000000e+01,8.300000000000000000e+01,2.094418928322895057e-01
1.000000000000000000e+01,8.400000000000000000e+01,2.094418928322895057e-01
1.000000000000000000e+01,8.500000000000000000e+01,2.094418928322895057e-01
1.000000000000000000e+01,8.600000000000000000e+01,2.094418928322895057e-01
1.000000000000000000e+01,8.700000000000000000e+01,2.094418928322895057e-01
1.000000000000000000e+01,8.800000000000000000e+01,2.094418928322895057e-01
1.000000000000000000e+01,8.900000000000000000e+01,2.094418928322895057e-01
1.000000000000000000e+01,9.000000000000000000e+01,2.094418928322895057e-01
1.000000000000000000e+01,9.100000000000000000e+01,2.094418928322895057e-01
1.000000000000000000e+01,9.200000000000000000e+01,2.094418928322895057e-01
1.000000000000000000e+01,9.300000000000000000e+01,2.094418928322895057e-01
1.000000000000000000e+01,9.400000000000000000e+01,2.094418928322895057e-01
1.000000000000000000e+01,9.500000000000000000e+01,2.094418928322895057e-01
1.000000000000000000e+01,9.600000000000000000e+01,2.094418928322895057e-01
1.000000000000000000e+01,9.700000000000000000e+01,2.094418928322895057e-01
1.000000000000000000e+01,9.800000000000000000e+01,2.094418928322895057e-01
1.000000000000000000e+01,9.900000000000000000e+01,2.094418928322895057e-01
1.000000000000000000e+01,1.000000000000000000e+02,2.094418928322895057e-01
