iteration: 1, error: 0.05297499999999998 pos: [0 0 0 1 1 0 0 0 1 0 0 1 0 1 1 1]
iteration: 2, error: 0.05297499999999998 pos: [0 0 0 1 1 0 0 0 1 0 0 1 0 1 1 1]
iteration: 3, error: 0.05297499999999998 pos: [0 0 0 1 1 0 0 0 1 0 0 1 0 1 1 1]
iteration: 4, error: 0.05297499999999998 pos: [0 0 0 1 1 0 0 0 1 0 0 1 0 1 1 1]
iteration: 5, error: 0.05297499999999998 pos: [0 0 0 1 1 0 0 0 1 0 0 1 0 1 1 1]
iteration: 6, error: 0.05297499999999998 pos: [0 0 0 1 1 0 0 0 1 0 0 1 0 1 1 1]
iteration: 7, error: 0.05297499999999998 pos: [0 0 0 1 1 0 0 0 1 0 0 1 0 1 1 1]
iteration: 8, error: 0.05297499999999998 pos: [0 0 0 1 1 0 0 0 1 0 0 1 0 1 1 1]
iteration: 9, error: 0.05297499999999998 pos: [0 0 0 1 1 0 0 0 1 0 0 1 0 1 1 1]
iteration: 10, error: 0.05297499999999998 pos: [0 0 0 1 1 0 0 0 1 0 0 1 0 1 1 1]
iteration: 11, error: 0.05297499999999998 pos: [0 0 0 1 1 0 0 0 1 0 0 1 0 1 1 1]
iteration: 12, error: 0.05297499999999998 pos: [0 0 0 1 1 0 0 0 1 0 0 1 0 1 1 1]
iteration: 13, error: 0.05297499999999998 pos: [0 0 0 1 1 0 0 0 1 0 0 1 0 1 1 1]
iteration: 14, error: 0.05297499999999998 pos: [0 0 0 1 1 0 0 0 1 0 0 1 0 1 1 1]
iteration: 15, error: 0.05297499999999998 pos: [0 0 0 1 1 0 0 0 1 0 0 1 0 1 1 1]
iteration: 16, error: 0.05297499999999998 pos: [0 0 0 1 1 0 0 0 1 0 0 1 0 1 1 1]
iteration: 17, error: 0.05297499999999998 pos: [0 0 0 1 1 0 0 0 1 0 0 1 0 1 1 1]
iteration: 18, error: 0.05297499999999998 pos: [0 0 0 1 1 0 0 0 1 0 0 1 0 1 1 1]
iteration: 19, error: 0.05297499999999998 pos: [0 0 0 1 1 0 0 0 1 0 0 1 0 1 1 1]
iteration: 20, error: 0.05297499999999998 pos: [0 0 0 1 1 0 0 0 1 0 0 1 0 1 1 1]
iteration: 21, error: 0.05297499999999998 pos: [0 0 0 1 1 0 0 0 1 0 0 1 0 1 1 1]
iteration: 22, error: 0.05297499999999998 pos: [0 0 0 1 1 0 0 0 1 0 0 1 0 1 1 1]
iteration: 23, error: 0.05297499999999998 pos: [0 0 0 1 1 0 0 0 1 0 0 1 0 1 1 1]
iteration: 24, error: 0.05297499999999998 pos: [0 0 0 1 1 0 0 0 1 0 0 1 0 1 1 1]
iteration: 25, error: 0.05297499999999998 pos: [0 0 0 1 1 0 0 0 1 0 0 1 0 1 1 1]
iteration: 26, error: 0.05297499999999998 pos: [0 0 0 1 1 0 0 0 1 0 0 1 0 1 1 1]
iteration: 27, error: 0.05297499999999998 pos: [0 0 0 1 1 0 0 0 1 0 0 1 0 1 1 1]
iteration: 28, error: 0.05297499999999998 pos: [0 0 0 1 1 0 0 0 1 0 0 1 0 1 1 1]
iteration: 29, error: 0.05297499999999998 pos: [0 0 0 1 1 0 0 0 1 0 0 1 0 1 1 1]
iteration: 30, error: 0.05297499999999998 pos: [0 0 0 1 1 0 0 0 1 0 0 1 0 1 1 1]
iteration: 31, error: 0.05297499999999998 pos: [0 0 0 1 1 0 0 0 1 0 0 1 0 1 1 1]
iteration: 32, error: 0.05297499999999998 pos: [0 0 0 1 1 0 0 0 1 0 0 1 0 1 1 1]
iteration: 33, error: 0.05297499999999998 pos: [0 0 0 1 1 0 0 0 1 0 0 1 0 1 1 1]
iteration: 34, error: 0.05297499999999998 pos: [0 0 0 1 1 0 0 0 1 0 0 1 0 1 1 1]
iteration: 35, error: 0.05297499999999998 pos: [0 0 0 1 1 0 0 0 1 0 0 1 0 1 1 1]
iteration: 36, error: 0.05297499999999998 pos: [0 0 0 1 1 0 0 0 1 0 0 1 0 1 1 1]
iteration: 37, error: 0.05297499999999998 pos: [0 0 0 1 1 0 0 0 1 0 0 1 0 1 1 1]
iteration: 38, error: 0.05297499999999998 pos: [0 0 0 1 1 0 0 0 1 0 0 1 0 1 1 1]
iteration: 39, error: 0.05297499999999998 pos: [0 0 0 1 1 0 0 0 1 0 0 1 0 1 1 1]
iteration: 40, error: 0.05297499999999998 pos: [0 0 0 1 1 0 0 0 1 0 0 1 0 1 1 1]
iteration: 41, error: 0.05297499999999998 pos: [0 0 0 1 1 0 0 0 1 0 0 1 0 1 1 1]
iteration: 42, error: 0.05297499999999998 pos: [0 0 0 1 1 0 0 0 1 0 0 1 0 1 1 1]
iteration: 43, error: 0.05297499999999998 pos: [0 0 0 1 1 0 0 0 1 0 0 1 0 1 1 1]
iteration: 44, error: 0.05297499999999998 pos: [0 0 0 1 1 0 0 0 1 0 0 1 0 1 1 1]
iteration: 45, error: 0.05297499999999998 pos: [0 0 0 1 1 0 0 0 1 0 0 1 0 1 1 1]
iteration: 46, error: 0.05297499999999998 pos: [0 0 0 1 1 0 0 0 1 0 0 1 0 1 1 1]
iteration: 47, error: 0.05297499999999998 pos: [0 0 0 1 1 0 0 0 1 0 0 1 0 1 1 1]
iteration: 48, error: 0.05297499999999998 pos: [0 0 0 1 1 0 0 0 1 0 0 1 0 1 1 1]
iteration: 49, error: 0.05297499999999998 pos: [0 0 0 1 1 0 0 0 1 0 0 1 0 1 1 1]
iteration: 50, error: 0.05297499999999998 pos: [0 0 0 1 1 0 0 0 1 0 0 1 0 1 1 1]
iteration: 51, error: 0.05297499999999998 pos: [0 0 0 1 1 0 0 0 1 0 0 1 0 1 1 1]
iteration: 52, error: 0.05297499999999998 pos: [0 0 0 1 1 0 0 0 1 0 0 1 0 1 1 1]
iteration: 53, error: 0.05297499999999998 pos: [0 0 0 1 1 0 0 0 1 0 0 1 0 1 1 1]
iteration: 54, error: 0.05297499999999998 pos: [0 0 0 1 1 0 0 0 1 0 0 1 0 1 1 1]
iteration: 55, error: 0.05297499999999998 pos: [0 0 0 1 1 0 0 0 1 0 0 1 0 1 1 1]
iteration: 56, error: 0.05297499999999998 pos: [0 0 0 1 1 0 0 0 1 0 0 1 0 1 1 1]
iteration: 57, error: 0.05297499999999998 pos: [0 0 0 1 1 0 0 0 1 0 0 1 0 1 1 1]
iteration: 58, error: 0.05297499999999998 pos: [0 0 0 1 1 0 0 0 1 0 0 1 0 1 1 1]
iteration: 59, error: 0.05297499999999998 pos: [0 0 0 1 1 0 0 0 1 0 0 1 0 1 1 1]
iteration: 60, error: 0.05297499999999998 pos: [0 0 0 1 1 0 0 0 1 0 0 1 0 1 1 1]
iteration: 61, error: 0.05297499999999998 pos: [0 0 0 1 1 0 0 0 1 0 0 1 0 1 1 1]
iteration: 62, error: 0.05297499999999998 pos: [0 0 0 1 1 0 0 0 1 0 0 1 0 1 1 1]
iteration: 63, error: 0.05297499999999998 pos: [0 0 0 1 1 0 0 0 1 0 0 1 0 1 1 1]
iteration: 64, error: 0.05297499999999998 pos: [0 0 0 1 1 0 0 0 1 0 0 1 0 1 1 1]
iteration: 65, error: 0.05297499999999998 pos: [0 0 0 1 1 0 0 0 1 0 0 1 0 1 1 1]
iteration: 66, error: 0.05297499999999998 pos: [0 0 0 1 1 0 0 0 1 0 0 1 0 1 1 1]
iteration: 67, error: 0.05297499999999998 pos: [0 0 0 1 1 0 0 0 1 0 0 1 0 1 1 1]
iteration: 68, error: 0.05297499999999998 pos: [0 0 0 1 1 0 0 0 1 0 0 1 0 1 1 1]
iteration: 69, error: 0.05297499999999998 pos: [0 0 0 1 1 0 0 0 1 0 0 1 0 1 1 1]
iteration: 70, error: 0.05297499999999998 pos: [0 0 0 1 1 0 0 0 1 0 0 1 0 1 1 1]
iteration: 71, error: 0.05297499999999998 pos: [0 0 0 1 1 0 0 0 1 0 0 1 0 1 1 1]
iteration: 72, error: 0.05297499999999998 pos: [0 0 0 1 1 0 0 0 1 0 0 1 0 1 1 1]
iteration: 73, error: 0.05297499999999998 pos: [0 0 0 1 1 0 0 0 1 0 0 1 0 1 1 1]
iteration: 74, error: 0.05297499999999998 pos: [0 0 0 1 1 0 0 0 1 0 0 1 0 1 1 1]
iteration: 75, error: 0.05297499999999998 pos: [0 0 0 1 1 0 0 0 1 0 0 1 0 1 1 1]
iteration: 76, error: 0.05297499999999998 pos: [0 0 0 1 1 0 0 0 1 0 0 1 0 1 1 1]
iteration: 77, error: 0.05297499999999998 pos: [0 0 0 1 1 0 0 0 1 0 0 1 0 1 1 1]
iteration: 78, error: 0.05297499999999998 pos: [0 0 0 1 1 0 0 0 1 0 0 1 0 1 1 1]
iteration: 79, error: 0.05297499999999998 pos: [0 0 0 1 1 0 0 0 1 0 0 1 0 1 1 1]
iteration: 80, error: 0.05297499999999998 pos: [0 0 0 1 1 0 0 0 1 0 0 1 0 1 1 1]
iteration: 81, error: 0.05297499999999998 pos: [0 0 0 1 1 0 0 0 1 0 0 1 0 1 1 1]
iteration: 82, error: 0.05297499999999998 pos: [0 0 0 1 1 0 0 0 1 0 0 1 0 1 1 1]
iteration: 83, error: 0.05297499999999998 pos: [0 0 0 1 1 0 0 0 1 0 0 1 0 1 1 1]
iteration: 84, error: 0.05297499999999998 pos: [0 0 0 1 1 0 0 0 1 0 0 1 0 1 1 1]
iteration: 85, error: 0.05297499999999998 pos: [0 0 0 1 1 0 0 0 1 0 0 1 0 1 1 1]
iteration: 86, error: 0.05297499999999998 pos: [0 0 0 1 1 0 0 0 1 0 0 1 0 1 1 1]
iteration: 87, error: 0.05297499999999998 pos: [0 0 0 1 1 0 0 0 1 0 0 1 0 1 1 1]
iteration: 88, error: 0.05297499999999998 pos: [0 0 0 1 1 0 0 0 1 0 0 1 0 1 1 1]
iteration: 89, error: 0.05297499999999998 pos: [0 0 0 1 1 0 0 0 1 0 0 1 0 1 1 1]
iteration: 90, error: 0.05297499999999998 pos: [0 0 0 1 1 0 0 0 1 0 0 1 0 1 1 1]
iteration: 91, error: 0.05297499999999998 pos: [0 0 0 1 1 0 0 0 1 0 0 1 0 1 1 1]
iteration: 92, error: 0.05297499999999998 pos: [0 0 0 1 1 0 0 0 1 0 0 1 0 1 1 1]
iteration: 93, error: 0.05297499999999998 pos: [0 0 0 1 1 0 0 0 1 0 0 1 0 1 1 1]
iteration: 94, error: 0.05297499999999998 pos: [0 0 0 1 1 0 0 0 1 0 0 1 0 1 1 1]
iteration: 95, error: 0.05297499999999998 pos: [0 0 0 1 1 0 0 0 1 0 0 1 0 1 1 1]
iteration: 96, error: 0.05297499999999998 pos: [0 0 0 1 1 0 0 0 1 0 0 1 0 1 1 1]
iteration: 97, error: 0.05297499999999998 pos: [0 0 0 1 1 0 0 0 1 0 0 1 0 1 1 1]
iteration: 98, error: 0.05297499999999998 pos: [0 0 0 1 1 0 0 0 1 0 0 1 0 1 1 1]
iteration: 99, error: 0.05297499999999998 pos: [0 0 0 1 1 0 0 0 1 0 0 1 0 1 1 1]
iteration: 100, error: 0.05297499999999998 pos: [0 0 0 1 1 0 0 0 1 0 0 1 0 1 1 1]
