Curve: [0.235111, 0.235111, 0.221583, 0.217083, 0.217083, 0.217083, 0.216972, 0.211806, 0.211806, 0.203556, 0.203556, 0.203556, 0.200361, 0.200361, 0.200361, 0.200361, 0.200361, 0.200361, 0.200361, 0.200361, 0.200361, 0.200361, 0.200361, 0.200361, 0.200361, 0.200361, 0.200361, 0.200361, 0.200361, 0.200361, 0.200361, 0.200361, 0.200361, 0.200361, 0.200361, 0.200361, 0.200361, 0.200361, 0.200361, 0.200361, 0.199917, 0.199917, 0.199917, 0.199917, 0.199917, 0.199917, 0.199917, 0.199917, 0.199917, 0.199917, 0.193972, 0.183083, 0.183083, 0.177472, 0.177472, 0.177472, 0.177472, 0.177472, 0.177472, 0.177472, 0.177472, 0.177472, 0.177472, 0.177472, 0.177472, 0.177361, 0.177361, 0.177361, 0.177361, 0.177250, 0.177028, 0.174500, 0.174500, 0.174500, 0.174500, 0.174500, 0.174500, 0.174500, 0.174500, 0.174500, 0.174500, 0.174500, 0.174500, 0.174389, 0.174389, 0.174389, 0.174389, 0.174389, 0.174389, 0.174389, 0.174389, 0.174389, 0.174389, 0.174389, 0.174389, 0.174389, 0.174389, 0.174389, 0.174389, 0.174389]
Run 1
BPO Best Score: 1.965833e-01
BPO Best Pos: [-2.022212, -0.507032, 1.055818, 1.743022, -0.666920, 1.000000, 1.510034, 1.184007, 1.000000, -0.047046, -0.025265, 0.286899, -1.038705, 1.565435, 1.458619, -0.000000, -0.000000, 2.779560, -1.782712, 1.000000, -0.350392, -0.082090, 0.602378, 1.000000, 2.495648, 1.000000, 1.075955, 1.465025, 0.000000, 0.472537, -0.363558, 1.992775, 1.000000, -0.000000, 1.000000, 0.971775, -0.368569, -1.173947, 0.000000, 1.000000, 1.331172, 1.268766, -0.170252, 0.000000, -0.000000, 0.282631, 1.152120, 1.000000, 1.000000, -0.000000, 1.000000, 1.396061, -0.006766, 0.681753, 1.265760, 1.075639, 0.841579, 0.279553, 1.000000, 2.175899, 1.992063, 0.035962, 0.938770, 1.000000, 1.606724, -0.618499, 1.000000, 0.035773, -0.000000, 1.172156, -1.162249, -0.554349, 1.074353, 1.000000, -0.494567, 1.408636, 2.024629, 1.000180, -0.309318, 0.046860, -0.751246, -0.391448, 1.203960, 1.727709, 1.154570, 1.000000, 1.501090, 0.000000, 1.000000, -0.000000]
Curve: [0.205389, 0.205389, 0.205389, 0.205389, 0.205389, 0.205389, 0.205389, 0.205389, 0.205389, 0.205389, 0.205389, 0.205389, 0.205389, 0.205389, 0.205389, 0.205389, 0.205389, 0.205389, 0.205389, 0.205389, 0.205389, 0.205389, 0.205389, 0.205389, 0.205389, 0.205389, 0.205389, 0.205389, 0.205389, 0.205389, 0.205389, 0.205389, 0.205389, 0.205389, 0.205389, 0.205389, 0.205389, 0.205389, 0.205389, 0.205389, 0.205389, 0.205389, 0.205389, 0.205389, 0.205389, 0.205389, 0.205389, 0.205389, 0.205389, 0.205389, 0.205389, 0.205389, 0.205389, 0.205389, 0.205389, 0.205389, 0.205389, 0.205389, 0.205389, 0.205389, 0.205389, 0.205389, 0.202528, 0.202528, 0.202528, 0.202417, 0.202417, 0.202417, 0.197028, 0.197028, 0.197028, 0.197028, 0.197028, 0.196583, 0.196583, 0.196583, 0.196583, 0.196583, 0.196583, 0.196583, 0.196583, 0.196583, 0.196583, 0.196583, 0.196583, 0.196583, 0.196583, 0.196583, 0.196583, 0.196583, 0.196583, 0.196583, 0.196583, 0.196583, 0.196583, 0.196583, 0.196583, 0.196583, 0.196583, 0.196583]
HLBPO Best Score: 2.140000e-01
HLBPO Best Pos: [1.000000, 1.000000, 0.000000, 1.000000, 0.000000, 1.000000, 1.000000, 0.000000, 1.000000, 0.000000, 1.000000, 1.000000, 1.000000, 0.000000, 0.000000, 1.000000, 1.000000, 1.000000, 0.000000, 0.000000, 1.000000, 0.000000, 0.000000, 1.000000, 0.000000, 0.000000, 0.000000, 1.000000, 0.000000, 1.000000, 0.000000, 1.000000, 1.000000, 0.000000, 1.000000, 1.000000, 0.000000, 1.000000, 0.000000, 1.000000, 1.000000, 0.000000, 0.000000, 0.000000, 0.000000, 1.000000, 0.000000, 1.000000, 1.000000, 1.000000, 1.000000, 0.000000, 1.000000, 0.000000, 1.000000, 1.000000, 1.000000, 0.000000, 0.000000, 1.000000, 1.000000, 0.000000, 1.000000, 0.000000, 0.000000, 0.000000, 1.000000, 0.000000, 0.000000, 0.000000, 0.000000, 0.000000, 0.000000, 0.000000, 1.000000, 1.000000, 0.000000, 1.000000, 1.000000, 0.000000, 1.000000, 1.000000, 0.000000, 0.000000, 0.000000, 0.000000, 0.000000, 1.000000, 1.000000, 1.000000]
Curve: [0.214000, 0.214000, 0.214000, 0.214000, 0.214000, 0.214000, 0.214000, 0.214000, 0.214000, 0.214000, 0.214000, 0.214000, 0.214000, 0.214000, 0.214000, 0.214000, 0.214000, 0.214000, 0.214000, 0.214000, 0.214000, 0.214000, 0.214000, 0.214000, 0.214000, 0.214000, 0.214000, 0.214000, 0.214000, 0.214000, 0.214000, 0.214000, 0.214000, 0.214000, 0.214000, 0.214000, 0.214000, 0.214000, 0.214000, 0.214000, 0.214000, 0.214000, 0.214000, 0.214000, 0.214000, 0.214000, 0.214000, 0.214000, 0.214000, 0.214000, 0.214000, 0.214000, 0.214000, 0.214000, 0.214000, 0.214000, 0.214000, 0.214000, 0.214000, 0.214000, 0.214000, 0.214000, 0.214000, 0.214000, 0.214000, 0.214000, 0.214000, 0.214000, 0.214000, 0.214000, 0.214000, 0.214000, 0.214000, 0.214000, 0.214000, 0.214000, 0.214000, 0.214000, 0.214000, 0.214000, 0.214000, 0.214000, 0.214000, 0.214000, 0.214000, 0.214000, 0.214000, 0.214000, 0.214000, 0.214000, 0.214000, 0.214000, 0.214000, 0.214000, 0.214000, 0.214000, 0.214000, 0.214000, 0.214000, 0.214000]
Run 2
BPO Best Score: 2.196944e-01
BPO Best Pos: [1.575575, 1.000000, -0.523854, 0.000000, 1.000000, 1.000000, 1.000000, 0.764690, -1.568663, 1.021183, 1.000000, 0.022073, -1.528392, 0.877808, 0.498544, 0.945205, 0.784958, 0.032351, 1.000000, 1.000000, 4.518773, 0.261745, 0.966641, -1.608250, 0.171078, 1.000000, 0.510879, 0.118027, 0.000000, 0.950516, 0.753302, -0.415263, 0.000000, 0.000000, 1.000000, 1.000000, 0.000000, 2.602590, 1.068005, 0.342425, -0.913917, 1.000000, 0.256946, 1.601499, -0.361665, 1.000000, 0.346432, 0.896647, 1.243586, 1.000000, 0.762636, -0.935548, 1.000000, -0.480382, 1.000000, -1.151196, 1.000000, 1.000000, 0.131407, 1.176422, 0.270604, 0.339845, 1.000000, -0.302355, 1.000000, 0.987152, -1.079795, 0.963183, 0.000000, 0.868373, 1.000000, 0.683841, 0.000000, 1.178934, -0.691973, -0.788436, -0.903889, 0.795343, 0.167524, 1.264777, 0.000000, 0.162779, 1.754265, 2.333614, 1.000000, 0.471910, 0.115975, 1.000000, 1.007475, 2.437564]
Curve: [0.221583, 0.219694, 0.219694, 0.219694, 0.219694, 0.219694, 0.219694, 0.219694, 0.219694, 0.219694, 0.219694, 0.219694, 0.219694, 0.219694, 0.219694, 0.219694, 0.219694, 0.219694, 0.219694, 0.219694, 0.219694, 0.219694, 0.219694, 0.219694, 0.219694, 0.219694, 0.219694, 0.219694, 0.219694, 0.219694, 0.219694, 0.219694, 0.219694, 0.219694, 0.219694, 0.219694, 0.219694, 0.219694, 0.219694, 0.219694, 0.219694, 0.219694, 0.219694, 0.219694, 0.219694, 0.219694, 0.219694, 0.219694, 0.219694, 0.219694, 0.219694, 0.219694, 0.219694, 0.219694, 0.219694, 0.219694, 0.219694, 0.219694, 0.219694, 0.219694, 0.219694, 0.219694, 0.219694, 0.219694, 0.219694, 0.219694, 0.219694, 0.219694, 0.219694, 0.219694, 0.219694, 0.219694, 0.219694, 0.219694, 0.219694, 0.219694, 0.219694, 0.219694, 0.219694, 0.219694, 0.219694, 0.219694, 0.219694, 0.219694, 0.219694, 0.219694, 0.219694, 0.219694, 0.219694, 0.219694, 0.219694, 0.219694, 0.219694, 0.219694, 0.219694, 0.219694, 0.219694, 0.219694, 0.219694, 0.219694]
HLBPO Best Score: 2.176389e-01
HLBPO Best Pos: [1.000000, 0.000000, 1.000000, 1.000000, 0.000000, 1.000000, 1.000000, 1.000000, 1.000000, 0.000000, 1.000000, 1.000000, 1.000000, 0.000000, 1.000000, 0.000000, 1.000000, 0.000000, 0.000000, 0.000000, 0.000000, 1.000000, 1.000000, 0.000000, 1.000000, 0.000000, 1.000000, 0.000000, 0.000000, 1.000000, 1.000000, 1.000000, 0.000000, 1.000000, 1.000000, 1.000000, 0.000000, 1.000000, 0.000000, 1.000000, 0.000000, 1.000000, 1.000000, 1.000000, 0.000000, 1.000000, 0.000000, 1.000000, 1.000000, 1.000000, 0.000000, 1.000000, 0.000000, 1.000000, 1.000000, 1.000000, 1.000000, 1.000000, 1.000000, 0.000000, 1.000000, 0.000000, 0.000000, 1.000000, 0.000000, 0.000000, 0.000000, 1.000000, 1.000000, 0.000000, 0.000000, 1.000000, 1.000000, 1.000000, 1.000000, 0.000000, 0.000000, 1.000000, 0.000000, 0.000000, 1.000000, 0.000000, 1.000000, 1.000000, 0.000000, 1.000000, 0.000000, 0.000000, 1.000000, 1.000000]
Curve: [0.217639, 0.217639, 0.217639, 0.217639, 0.217639, 0.217639, 0.217639, 0.217639, 0.217639, 0.217639, 0.217639, 0.217639, 0.217639, 0.217639, 0.217639, 0.217639, 0.217639, 0.217639, 0.217639, 0.217639, 0.217639, 0.217639, 0.217639, 0.217639, 0.217639, 0.217639, 0.217639, 0.217639, 0.217639, 0.217639, 0.217639, 0.217639, 0.217639, 0.217639, 0.217639, 0.217639, 0.217639, 0.217639, 0.217639, 0.217639, 0.217639, 0.217639, 0.217639, 0.217639, 0.217639, 0.217639, 0.217639, 0.217639, 0.217639, 0.217639, 0.217639, 0.217639, 0.217639, 0.217639, 0.217639, 0.217639, 0.217639, 0.217639, 0.217639, 0.217639, 0.217639, 0.217639, 0.217639, 0.217639, 0.217639, 0.217639, 0.217639, 0.217639, 0.217639, 0.217639, 0.217639, 0.217639, 0.217639, 0.217639, 0.217639, 0.217639, 0.217639, 0.217639, 0.217639, 0.217639, 0.217639, 0.217639, 0.217639, 0.217639, 0.217639, 0.217639, 0.217639, 0.217639, 0.217639, 0.217639, 0.217639, 0.217639, 0.217639, 0.217639, 0.217639, 0.217639, 0.217639, 0.217639, 0.217639, 0.217639]
Run 3
BPO Best Score: 2.063889e-01
BPO Best Pos: [1.000000, 2.540032, -1.224622, 0.345164, 0.000000, 1.000000, 1.000000, 0.000000, 1.000000, 0.000000, -0.258901, 0.624809, 1.000000, 1.000000, -1.124266, 0.000000, 0.000000, 1.000000, -0.090143, -0.963505, 1.000000, 0.000000, 1.610063, 1.000000, 1.000000, 1.450974, 1.000000, -0.707505, 0.057723, 1.000000, -0.333600, 1.000000, 1.000000, 1.551024, 0.000000, 1.860914, 1.000000, 0.000000, 0.089616, 0.000000, 0.651972, -0.146342, 0.000000, 0.559126, -1.067054, 0.000000, 0.457307, 0.620837, 0.000000, 1.000000, 0.806029, 0.000000, -1.228905, 1.040761, 0.473274, 1.000000, 1.000000, 1.749486, 0.000000, -0.305986, -0.481952, 1.000000, 2.186205, 1.995487, 0.000000, 0.733921, 0.000000, -0.349211, 1.293245, 1.000000, 1.000000, 1.000000, 0.000000, 0.000000, -0.583435, 1.845042, 0.150869, 1.000000, 1.000000, 0.124301, 0.000000, 0.404790, 0.000000, 0.780580, 0.000000, 0.000000, 0.702307, 0.525882, 1.000000, 1.000000]
Curve: [0.206389, 0.206389, 0.206389, 0.206389, 0.206389, 0.206389, 0.206389, 0.206389, 0.206389, 0.206389, 0.206389, 0.206389, 0.206389, 0.206389, 0.206389, 0.206389, 0.206389, 0.206389, 0.206389, 0.206389, 0.206389, 0.206389, 0.206389, 0.206389, 0.206389, 0.206389, 0.206389, 0.206389, 0.206389, 0.206389, 0.206389, 0.206389, 0.206389, 0.206389, 0.206389, 0.206389, 0.206389, 0.206389, 0.206389, 0.206389, 0.206389, 0.206389, 0.206389, 0.206389, 0.206389, 0.206389, 0.206389, 0.206389, 0.206389, 0.206389, 0.206389, 0.206389, 0.206389, 0.206389, 0.206389, 0.206389, 0.206389, 0.206389, 0.206389, 0.206389, 0.206389, 0.206389, 0.206389, 0.206389, 0.206389, 0.206389, 0.206389, 0.206389, 0.206389, 0.206389, 0.206389, 0.206389, 0.206389, 0.206389, 0.206389, 0.206389, 0.206389, 0.206389, 0.206389, 0.206389, 0.206389, 0.206389, 0.206389, 0.206389, 0.206389, 0.206389, 0.206389, 0.206389, 0.206389, 0.206389, 0.206389, 0.206389, 0.206389, 0.206389, 0.206389, 0.206389, 0.206389, 0.206389, 0.206389, 0.206389]
HLBPO Best Score: 2.244167e-01
HLBPO Best Pos: [-1.630851, 0.673504, 0.000000, 1.017802, 0.040541, 1.000000, -0.395260, 1.000000, 1.000000, -0.581093, -0.563951, 0.176595, 1.372260, 0.344668, 0.000000, 0.000000, 1.681365, 0.000000, 1.135434, 1.832903, 1.427967, 1.260902, 1.820637, 0.250148, 0.000000, 1.000000, 0.906627, -0.468574, -0.460111, 1.022132, 0.126021, 1.000000, 1.000000, 0.020683, 1.000000, -0.794251, 0.648073, 0.190758, -0.393447, 1.365768, 0.896932, 1.915139, 1.104629, 1.000000, 1.713712, 1.000000, -0.086956, 0.000000, 1.348856, 1.684692, 0.000000, 1.608274, -0.527901, -0.637735, 1.000000, 0.000000, 0.719296, 0.000000, 0.951405, 1.947494, 0.599892, 1.000000, -0.230228, 1.000000, 0.000000, -0.145494, 1.000000, 0.366761, -0.077897, 1.000000, -0.738267, 0.508092, -0.200098, 1.657313, 1.577801, -0.814699, 1.024255, 1.000000, 0.632363, -0.176960, -0.310378, 0.000000, 0.000000, 0.608306, 0.000000, -0.739756, -0.198823, 0.000000, -0.658233, 2.166326]
Curve: [0.224417, 0.224417, 0.224417, 0.224417, 0.224417, 0.224417, 0.224417, 0.224417, 0.224417, 0.224417, 0.224417, 0.224417, 0.224417, 0.224417, 0.224417, 0.224417, 0.224417, 0.224417, 0.224417, 0.224417, 0.224417, 0.224417, 0.224417, 0.224417, 0.224417, 0.224417, 0.224417, 0.224417, 0.224417, 0.224417, 0.224417, 0.224417, 0.224417, 0.224417, 0.224417, 0.224417, 0.224417, 0.224417, 0.224417, 0.224417, 0.224417, 0.224417, 0.224417, 0.224417, 0.224417, 0.224417, 0.224417, 0.224417, 0.224417, 0.224417, 0.224417, 0.224417, 0.224417, 0.224417, 0.224417, 0.224417, 0.224417, 0.224417, 0.224417, 0.224417, 0.224417, 0.224417, 0.224417, 0.224417, 0.224417, 0.224417, 0.224417, 0.224417, 0.224417, 0.224417, 0.224417, 0.224417, 0.224417, 0.224417, 0.224417, 0.224417, 0.224417, 0.224417, 0.224417, 0.224417, 0.224417, 0.224417, 0.224417, 0.224417, 0.224417, 0.224417, 0.224417, 0.224417, 0.224417, 0.224417, 0.224417, 0.224417, 0.224417, 0.224417, 0.224417, 0.224417, 0.224417, 0.224417, 0.224417, 0.224417]
Run 4
BPO Best Score: 1.965833e-01
BPO Best Pos: [1.000000, 0.000000, 1.000000, 1.000000, 0.000000, 1.000000, 0.000000, 1.000000, -0.000000, 1.000000, 0.000000, -0.000000, 0.000000, -0.000000, 1.000000, -0.000000, 1.000000, -0.000000, 0.000000, 1.000000, 1.000000, 0.000000, 1.000000, -0.000000, 1.000000, 1.000000, 0.000000, 1.000000, 1.000000, 1.000000, 1.000000, 1.000000, 1.000000, 1.000000, 0.000000, 0.000000, 0.000000, -0.000000, -0.000000, 0.000000, 0.000000, -0.000000, -0.000000, 0.000000, 1.000000, 0.000000, -0.000000, -0.000000, 1.000000, 1.000000, -0.000000, 1.000000, -0.000000, 1.000000, -0.000000, -0.000000, 1.000000, -0.000000, 1.000000, 1.000000, 1.000000, 1.000000, 0.000000, 0.000000, -0.000000, 0.000000, -0.000000, -0.000000, 0.000000, 1.000000, 0.000000, 1.000000, -0.000000, 0.000000, -0.000000, 0.000000, 0.000000, 1.000000, -0.000000, -0.000000, 0.000000, -0.000000, -0.000000, 1.000000, 1.000000, -0.000000, -0.000000, 0.000000, 0.000000, -0.000000]
Curve: [0.210139, 0.210139, 0.210139, 0.210139, 0.210139, 0.210139, 0.210139, 0.210139, 0.210139, 0.210139, 0.210139, 0.210139, 0.210139, 0.210139, 0.210139, 0.210139, 0.210139, 0.210139, 0.210139, 0.210139, 0.210139, 0.210139, 0.210139, 0.210139, 0.210139, 0.210139, 0.210139, 0.210139, 0.210139, 0.210139, 0.210139, 0.210139, 0.210139, 0.210139, 0.210139, 0.210139, 0.210139, 0.210139, 0.210139, 0.210139, 0.210139, 0.210139, 0.210139, 0.210139, 0.210139, 0.210139, 0.210139, 0.210139, 0.210139, 0.210139, 0.210139, 0.210139, 0.210139, 0.210139, 0.210139, 0.210139, 0.210139, 0.210139, 0.210139, 0.210139, 0.210139, 0.210139, 0.210139, 0.210139, 0.210139, 0.210139, 0.210139, 0.210139, 0.210139, 0.210139, 0.210139, 0.210139, 0.210139, 0.210139, 0.210139, 0.210139, 0.210139, 0.210139, 0.210139, 0.210139, 0.210139, 0.210139, 0.210139, 0.210139, 0.210139, 0.210139, 0.210139, 0.210139, 0.210139, 0.210139, 0.197361, 0.197139, 0.197139, 0.197139, 0.197139, 0.197139, 0.197139, 0.197139, 0.197139, 0.196583]
HLBPO Best Score: 2.236389e-01
HLBPO Best Pos: [0.888699, -0.920163, -0.215305, 1.000000, -0.002187, 1.119276, 1.000000, 1.150749, -0.487908, 0.468524, 0.559402, 1.490342, -0.302410, -0.019894, -0.193692, 1.086031, 0.046935, -0.374159, 1.718018, 0.001399, -0.780095, 1.175014, 0.080441, -0.097887, 0.967032, 0.210899, 1.000000, 1.000000, 1.264145, 1.679465, 1.000000, 1.222608, 0.000000, 1.945862, 1.260805, 0.242609, 1.000000, -0.133893, 1.005589, -1.279826, 1.027535, -0.570009, 1.306472, 0.818767, -0.442324, 1.003476, 0.000000, 1.545370, 0.229760, 0.021369, 0.000000, 0.000000, 1.046666, 1.594925, 1.000000, -0.946504, 0.291980, 1.543332, 0.000000, 1.000000, 0.220874, 0.447131, 1.138954, 0.000000, 0.851697, 1.737340, 1.138319, 1.198909, 0.364794, 1.526344, 1.142675, -1.372171, -0.509654, 0.535524, 0.156437, -0.198650, 0.057739, -0.062122, 0.959714, -0.068079, -0.885015, 0.000000, 0.199376, -0.711161, 0.814618, -0.031764, 0.000000, -0.040892, 0.715413, 0.741730]
Curve: [0.225861, 0.223639, 0.223639, 0.223639, 0.223639, 0.223639, 0.223639, 0.223639, 0.223639, 0.223639, 0.223639, 0.223639, 0.223639, 0.223639, 0.223639, 0.223639, 0.223639, 0.223639, 0.223639, 0.223639, 0.223639, 0.223639, 0.223639, 0.223639, 0.223639, 0.223639, 0.223639, 0.223639, 0.223639, 0.223639, 0.223639, 0.223639, 0.223639, 0.223639, 0.223639, 0.223639, 0.223639, 0.223639, 0.223639, 0.223639, 0.223639, 0.223639, 0.223639, 0.223639, 0.223639, 0.223639, 0.223639, 0.223639, 0.223639, 0.223639, 0.223639, 0.223639, 0.223639, 0.223639, 0.223639, 0.223639, 0.223639, 0.223639, 0.223639, 0.223639, 0.223639, 0.223639, 0.223639, 0.223639, 0.223639, 0.223639, 0.223639, 0.223639, 0.223639, 0.223639, 0.223639, 0.223639, 0.223639, 0.223639, 0.223639, 0.223639, 0.223639, 0.223639, 0.223639, 0.223639, 0.223639, 0.223639, 0.223639, 0.223639, 0.223639, 0.223639, 0.223639, 0.223639, 0.223639, 0.223639, 0.223639, 0.223639, 0.223639, 0.223639, 0.223639, 0.223639, 0.223639, 0.223639, 0.223639, 0.223639]
Run 5
BPO Best Score: 2.114722e-01
BPO Best Pos: [1.000000, 1.000000, 0.000000, 1.000000, 1.000000, 1.000000, 0.000000, 0.000000, 0.000000, 1.000000, 1.000000, 1.000000, 0.000000, 1.000000, 1.000000, 1.000000, 1.000000, 0.000000, 0.000000, 0.000000, 1.000000, 0.000000, 0.000000, 1.000000, 0.000000, 1.000000, 0.000000, 1.000000, 0.000000, 1.000000, 0.000000, 1.000000, 1.000000, 0.000000, 1.000000, 0.000000, 0.000000, 1.000000, 0.000000, 1.000000, 1.000000, 1.000000, 1.000000, 1.000000, 0.000000, 0.000000, 1.000000, 0.000000, 1.000000, 0.000000, 0.000000, 0.000000, 1.000000, 0.000000, 1.000000, 0.000000, 1.000000, 0.000000, 1.000000, 1.000000, 1.000000, 1.000000, 0.000000, 1.000000, 0.000000, 0.000000, 1.000000, 0.000000, 0.000000, 0.000000, 1.000000, 1.000000, 0.000000, 0.000000, 1.000000, 1.000000, 0.000000, 0.000000, 0.000000, 0.000000, 0.000000, 0.000000, 1.000000, 1.000000, 1.000000, 0.000000, 1.000000, 1.000000, 0.000000, 1.000000]
Curve: [0.211472, 0.211472, 0.211472, 0.211472, 0.211472, 0.211472, 0.211472, 0.211472, 0.211472, 0.211472, 0.211472, 0.211472, 0.211472, 0.211472, 0.211472, 0.211472, 0.211472, 0.211472, 0.211472, 0.211472, 0.211472, 0.211472, 0.211472, 0.211472, 0.211472, 0.211472, 0.211472, 0.211472, 0.211472, 0.211472, 0.211472, 0.211472, 0.211472, 0.211472, 0.211472, 0.211472, 0.211472, 0.211472, 0.211472, 0.211472, 0.211472, 0.211472, 0.211472, 0.211472, 0.211472, 0.211472, 0.211472, 0.211472, 0.211472, 0.211472, 0.211472, 0.211472, 0.211472, 0.211472, 0.211472, 0.211472, 0.211472, 0.211472, 0.211472, 0.211472, 0.211472, 0.211472, 0.211472, 0.211472, 0.211472, 0.211472, 0.211472, 0.211472, 0.211472, 0.211472, 0.211472, 0.211472, 0.211472, 0.211472, 0.211472, 0.211472, 0.211472, 0.211472, 0.211472, 0.211472, 0.211472, 0.211472, 0.211472, 0.211472, 0.211472, 0.211472, 0.211472, 0.211472, 0.211472, 0.211472, 0.211472, 0.211472, 0.211472, 0.211472, 0.211472, 0.211472, 0.211472, 0.211472, 0.211472, 0.211472]
HLBPO Best Score: 2.079167e-01
HLBPO Best Pos: [1.799643, 0.739842, 0.000000, 0.000000, 0.003118, 0.000000, 1.000000, 1.000000, 0.946939, -0.967833, 1.781064, 0.000000, 1.000000, 0.991749, 0.084956, 1.000000, 0.908349, 1.050778, 0.372066, 0.911218, 3.831335, 0.349189, 2.018902, 1.000000, 0.000000, 1.000000, 1.119681, 0.502401, 0.889022, 1.141473, -0.565153, 1.939350, 1.000000, -0.592626, 1.047468, 1.000000, 0.938843, -1.256775, 0.000000, -0.268817, 1.901541, 0.000000, 0.000000, 0.407027, 0.000000, 1.000000, 1.095593, -0.767545, 1.906703, 0.639796, 2.358664, -0.859354, 0.154603, 1.619591, 0.232248, 0.000000, -1.140624, 1.000000, -0.063234, 1.000000, 1.000000, 1.676095, 0.517968, -1.138488, 0.497330, 0.919937, 0.000000, 1.449268, 0.000000, -0.057894, -0.330411, 1.000000, -0.872320, 1.489905, 1.676663, 0.000000, 0.530598, 0.000000, 0.000000, 0.996413, -2.001853, 0.528690, 2.500961, 1.715387, 0.000000, 0.000000, 1.000000, 0.000000, 0.000000, 1.000000]
Curve: [0.211778, 0.207917, 0.207917, 0.207917, 0.207917, 0.207917, 0.207917, 0.207917, 0.207917, 0.207917, 0.207917, 0.207917, 0.207917, 0.207917, 0.207917, 0.207917, 0.207917, 0.207917, 0.207917, 0.207917, 0.207917, 0.207917, 0.207917, 0.207917, 0.207917, 0.207917, 0.207917, 0.207917, 0.207917, 0.207917, 0.207917, 0.207917, 0.207917, 0.207917, 0.207917, 0.207917, 0.207917, 0.207917, 0.207917, 0.207917, 0.207917, 0.207917, 0.207917, 0.207917, 0.207917, 0.207917, 0.207917, 0.207917, 0.207917, 0.207917, 0.207917, 0.207917, 0.207917, 0.207917, 0.207917, 0.207917, 0.207917, 0.207917, 0.207917, 0.207917, 0.207917, 0.207917, 0.207917, 0.207917, 0.207917, 0.207917, 0.207917, 0.207917, 0.207917, 0.207917, 0.207917, 0.207917, 0.207917, 0.207917, 0.207917, 0.207917, 0.207917, 0.207917, 0.207917, 0.207917, 0.207917, 0.207917, 0.207917, 0.207917, 0.207917, 0.207917, 0.207917, 0.207917, 0.207917, 0.207917, 0.207917, 0.207917, 0.207917, 0.207917, 0.207917, 0.207917, 0.207917, 0.207917, 0.207917, 0.207917]
Run 6
BPO Best Score: 2.080278e-01
BPO Best Pos: [1.000000, -0.476247, 0.088296, 1.678634, 0.986168, -0.691988, 1.000000, 0.974887, 1.603248, 1.947059, -1.301260, -0.398243, 0.749150, 0.996912, 1.000000, -1.426850, 0.000000, 0.208023, 0.030654, 1.265000, 1.000000, -0.299148, 0.935322, 1.000000, 1.624121, 1.000000, -0.519705, 0.136123, 0.000000, 0.005062, -0.242198, 1.000000, 1.997024, -1.107004, 1.458287, 1.893427, -0.941132, 1.138961, -0.617876, 1.000000, 1.000000, -0.545906, -0.248225, 1.278085, 1.391716, -0.448315, -0.622795, 2.261389, 1.639411, 1.538583, 0.396406, 1.531771, 1.000000, 1.000000, 0.000000, 0.000000, 1.013910, 0.109480, 1.911088, 0.993888, -0.157634, 0.000000, 0.810186, 0.255993, -0.785432, 1.000000, 0.761263, 1.000000, 2.057522, -0.541213, 0.000000, -0.429974, 1.054005, 1.143301, -0.087978, 1.000000, 0.974879, 0.000000, 2.152831, 1.538929, 0.000000, 1.481131, -0.893818, 0.514489, 0.515912, 0.995930, 1.000000, 0.180632, 1.801623, 1.000000]
Curve: [0.208028, 0.208028, 0.208028, 0.208028, 0.208028, 0.208028, 0.208028, 0.208028, 0.208028, 0.208028, 0.208028, 0.208028, 0.208028, 0.208028, 0.208028, 0.208028, 0.208028, 0.208028, 0.208028, 0.208028, 0.208028, 0.208028, 0.208028, 0.208028, 0.208028, 0.208028, 0.208028, 0.208028, 0.208028, 0.208028, 0.208028, 0.208028, 0.208028, 0.208028, 0.208028, 0.208028, 0.208028, 0.208028, 0.208028, 0.208028, 0.208028, 0.208028, 0.208028, 0.208028, 0.208028, 0.208028, 0.208028, 0.208028, 0.208028, 0.208028, 0.208028, 0.208028, 0.208028, 0.208028, 0.208028, 0.208028, 0.208028, 0.208028, 0.208028, 0.208028, 0.208028, 0.208028, 0.208028, 0.208028, 0.208028, 0.208028, 0.208028, 0.208028, 0.208028, 0.208028, 0.208028, 0.208028, 0.208028, 0.208028, 0.208028, 0.208028, 0.208028, 0.208028, 0.208028, 0.208028, 0.208028, 0.208028, 0.208028, 0.208028, 0.208028, 0.208028, 0.208028, 0.208028, 0.208028, 0.208028, 0.208028, 0.208028, 0.208028, 0.208028, 0.208028, 0.208028, 0.208028, 0.208028, 0.208028, 0.208028]
HLBPO Best Score: 2.169444e-01
HLBPO Best Pos: [1.141518, 1.000000, 1.000000, -0.561350, 1.774538, 0.608019, 1.827543, 0.805868, 0.985430, 1.000000, 1.000000, 1.000000, 1.000000, 0.000000, 1.000000, 0.933066, 1.000000, -0.985295, -1.603030, 0.000000, -1.498378, 0.860475, 1.000000, 1.747502, 1.781783, 1.886032, 2.734789, 1.028918, 1.000000, 1.324478, 0.401068, 0.602288, 1.439199, 1.000000, 1.463499, 0.837950, 0.549967, -0.783675, 0.263210, 0.638061, 1.073732, 0.832194, 0.000000, 1.000000, 0.024172, 1.000000, 0.000000, 0.000000, 1.000000, 0.290759, 1.169919, 1.278104, 1.000000, 1.000000, 0.358794, 1.000000, 1.000000, -0.849528, 1.088095, 0.359564, 2.554373, -1.191603, 1.576374, 1.000000, -0.145183, 0.610551, 0.000000, 1.000000, 0.000000, 2.081264, 0.889187, 2.104352, 0.048467, 0.216835, 0.000000, 0.000000, 1.799993, -0.796741, 1.429671, 2.321836, 1.000000, 0.000000, 0.501492, 0.000000, 0.000000, 1.435219, -0.321676, 1.000000, 0.000000, 0.000000]
Curve: [0.216944, 0.216944, 0.216944, 0.216944, 0.216944, 0.216944, 0.216944, 0.216944, 0.216944, 0.216944, 0.216944, 0.216944, 0.216944, 0.216944, 0.216944, 0.216944, 0.216944, 0.216944, 0.216944, 0.216944, 0.216944, 0.216944, 0.216944, 0.216944, 0.216944, 0.216944, 0.216944, 0.216944, 0.216944, 0.216944, 0.216944, 0.216944, 0.216944, 0.216944, 0.216944, 0.216944, 0.216944, 0.216944, 0.216944, 0.216944, 0.216944, 0.216944, 0.216944, 0.216944, 0.216944, 0.216944, 0.216944, 0.216944, 0.216944, 0.216944, 0.216944, 0.216944, 0.216944, 0.216944, 0.216944, 0.216944, 0.216944, 0.216944, 0.216944, 0.216944, 0.216944, 0.216944, 0.216944, 0.216944, 0.216944, 0.216944, 0.216944, 0.216944, 0.216944, 0.216944, 0.216944, 0.216944, 0.216944, 0.216944, 0.216944, 0.216944, 0.216944, 0.216944, 0.216944, 0.216944, 0.216944, 0.216944, 0.216944, 0.216944, 0.216944, 0.216944, 0.216944, 0.216944, 0.216944, 0.216944, 0.216944, 0.216944, 0.216944, 0.216944, 0.216944, 0.216944, 0.216944, 0.216944, 0.216944, 0.216944]
Run 7
BPO Best Score: 2.159444e-01
BPO Best Pos: [0.000000, 1.195227, 1.000000, 1.000000, 1.915537, 0.000000, -0.289991, 0.671553, 1.000000, 0.558036, 1.000000, -1.450481, -0.506063, 0.002332, 1.273298, 0.360572, 1.472106, 1.236820, 1.101761, -0.124278, 0.038784, 1.277492, 0.000000, 0.917364, 1.023186, 0.000000, 1.694522, -0.059542, 0.000000, 1.000000, 1.227046, 1.457377, 1.000000, 1.000000, -0.639037, 0.000000, 1.903006, 0.432120, 1.000000, 1.175260, 0.251978, 0.739247, -0.158704, 0.000000, 1.494985, 0.000000, 0.000000, 1.677717, -0.468468, 1.000000, 0.479514, 0.445831, 0.000000, 0.991774, 1.000000, 1.000000, 0.023057, 1.032729, 0.000000, 1.772397, -0.214920, -0.934237, 1.000000, -0.321153, 1.184957, 0.123380, -0.180520, 1.276711, -0.166570, -0.538764, -0.870995, 0.839150, 1.529614, -0.344650, 1.039869, 1.228795, -0.139949, 0.539316, 1.286578, 0.000000, 1.935949, 0.101422, 0.690955, -0.901762, 1.027772, -0.087238, 1.000000, 1.200071, 0.000000, 0.000000]
Curve: [0.215944, 0.215944, 0.215944, 0.215944, 0.215944, 0.215944, 0.215944, 0.215944, 0.215944, 0.215944, 0.215944, 0.215944, 0.215944, 0.215944, 0.215944, 0.215944, 0.215944, 0.215944, 0.215944, 0.215944, 0.215944, 0.215944, 0.215944, 0.215944, 0.215944, 0.215944, 0.215944, 0.215944, 0.215944, 0.215944, 0.215944, 0.215944, 0.215944, 0.215944, 0.215944, 0.215944, 0.215944, 0.215944, 0.215944, 0.215944, 0.215944, 0.215944, 0.215944, 0.215944, 0.215944, 0.215944, 0.215944, 0.215944, 0.215944, 0.215944, 0.215944, 0.215944, 0.215944, 0.215944, 0.215944, 0.215944, 0.215944, 0.215944, 0.215944, 0.215944, 0.215944, 0.215944, 0.215944, 0.215944, 0.215944, 0.215944, 0.215944, 0.215944, 0.215944, 0.215944, 0.215944, 0.215944, 0.215944, 0.215944, 0.215944, 0.215944, 0.215944, 0.215944, 0.215944, 0.215944, 0.215944, 0.215944, 0.215944, 0.215944, 0.215944, 0.215944, 0.215944, 0.215944, 0.215944, 0.215944, 0.215944, 0.215944, 0.215944, 0.215944, 0.215944, 0.215944, 0.215944, 0.215944, 0.215944, 0.215944]
HLBPO Best Score: 2.170556e-01
HLBPO Best Pos: [-0.418811, 2.914208, 1.000000, -0.952407, 1.152828, 1.117592, -0.368822, 0.000000, 1.000000, 1.000000, 1.000000, 1.000000, 1.906429, 0.000000, 1.355727, 2.291317, 0.000000, 0.500053, 0.255091, 0.000000, 1.000000, 0.000000, 0.044401, 1.000000, 1.494633, 1.000000, 1.000000, 0.222228, 1.000000, -0.112876, 0.000000, 0.000000, 1.000000, 1.000000, 1.000000, 2.811539, -0.885746, -0.424604, 1.000000, 1.898141, 1.000000, 0.000000, -0.350939, 0.870227, -0.223850, -1.054939, 0.000000, 0.000000, -0.180909, 0.871394, 1.138929, 1.000000, 0.000000, 0.000000, -0.510157, -0.065596, 1.000000, -0.755074, 1.000000, 1.000000, 1.049330, 0.000000, 2.583387, 0.000000, 0.295844, 0.000000, -1.379982, 1.274039, 0.437788, 1.000000, 0.000000, 0.000000, 1.000000, 1.191822, 1.000000, 0.505354, 0.000000, 0.000000, 1.348139, 0.000000, -1.254961, 0.000000, 1.000000, -0.087113, 1.894364, 0.000000, 0.427644, -0.652051, 0.741192, 0.752602]
Curve: [0.217056, 0.217056, 0.217056, 0.217056, 0.217056, 0.217056, 0.217056, 0.217056, 0.217056, 0.217056, 0.217056, 0.217056, 0.217056, 0.217056, 0.217056, 0.217056, 0.217056, 0.217056, 0.217056, 0.217056, 0.217056, 0.217056, 0.217056, 0.217056, 0.217056, 0.217056, 0.217056, 0.217056, 0.217056, 0.217056, 0.217056, 0.217056, 0.217056, 0.217056, 0.217056, 0.217056, 0.217056, 0.217056, 0.217056, 0.217056, 0.217056, 0.217056, 0.217056, 0.217056, 0.217056, 0.217056, 0.217056, 0.217056, 0.217056, 0.217056, 0.217056, 0.217056, 0.217056, 0.217056, 0.217056, 0.217056, 0.217056, 0.217056, 0.217056, 0.217056, 0.217056, 0.217056, 0.217056, 0.217056, 0.217056, 0.217056, 0.217056, 0.217056, 0.217056, 0.217056, 0.217056, 0.217056, 0.217056, 0.217056, 0.217056, 0.217056, 0.217056, 0.217056, 0.217056, 0.217056, 0.217056, 0.217056, 0.217056, 0.217056, 0.217056, 0.217056, 0.217056, 0.217056, 0.217056, 0.217056, 0.217056, 0.217056, 0.217056, 0.217056, 0.217056, 0.217056, 0.217056, 0.217056, 0.217056, 0.217056]
Run 8
BPO Best Score: 1.915278e-01
BPO Best Pos: [1.000000, -0.507933, -1.761992, 1.000000, -1.506900, 1.000000, -0.000000, -0.000000, 1.000000, -0.000000, 1.000000, 2.168244, 2.245981, -0.169679, -0.000000, -1.674799, 1.000000, 1.998817, 0.000000, 0.000000, -1.269027, 1.000000, 0.000000, 1.643839, 2.783227, 1.794793, -2.350824, 1.000000, 1.000000, -1.096234, -0.978135, -2.098365, -0.000000, 0.000000, 0.000000, -0.825905, -0.000000, 0.000000, -2.748756, 1.337860, 1.899082, -0.826810, 0.000000, -0.040621, 1.250233, 0.000000, 0.000000, 2.242448, -0.000000, 1.000000, 0.000000, -0.463209, -0.770319, 1.000000, 1.529100, 2.990593, 1.000000, 1.000000, -0.204105, 1.000000, -1.891257, -0.000000, 0.000000, 1.494369, -0.576326, -0.553560, 1.042618, 1.569146, -0.794398, 1.000000, 0.000000, -2.090787, 1.123817, 0.000000, 1.541891, 1.000000, 0.000000, 2.605428, -0.000000, -1.062294, -0.086769, -1.390182, -0.000000, 1.000000, 0.000000, 0.000000, 2.127597, 2.561723, 1.000000, 1.322106]
Curve: [0.205500, 0.205500, 0.205500, 0.205500, 0.205500, 0.205500, 0.205500, 0.205500, 0.205500, 0.205500, 0.205500, 0.205500, 0.205500, 0.205500, 0.205500, 0.205500, 0.205500, 0.205500, 0.205500, 0.205500, 0.205500, 0.205500, 0.205500, 0.205500, 0.205500, 0.205500, 0.205500, 0.205500, 0.205500, 0.205500, 0.205500, 0.205500, 0.205500, 0.205500, 0.205500, 0.205500, 0.205500, 0.205500, 0.205500, 0.205500, 0.205500, 0.205500, 0.205500, 0.205500, 0.205500, 0.205500, 0.205500, 0.205500, 0.205500, 0.205500, 0.205500, 0.205500, 0.205500, 0.205500, 0.205500, 0.205500, 0.205500, 0.205500, 0.205500, 0.205500, 0.191528, 0.191528, 0.191528, 0.191528, 0.191528, 0.191528, 0.191528, 0.191528, 0.191528, 0.191528, 0.191528, 0.191528, 0.191528, 0.191528, 0.191528, 0.191528, 0.191528, 0.191528, 0.191528, 0.191528, 0.191528, 0.191528, 0.191528, 0.191528, 0.191528, 0.191528, 0.191528, 0.191528, 0.191528, 0.191528, 0.191528, 0.191528, 0.191528, 0.191528, 0.191528, 0.191528, 0.191528, 0.191528, 0.191528, 0.191528]
HLBPO Best Score: 2.061667e-01
HLBPO Best Pos: [-0.112952, 0.000000, -0.313186, 1.812714, 0.000000, 1.111466, 1.854110, 1.961048, 1.000000, 1.190317, -0.168246, 0.000000, 1.000000, -0.215184, 0.000000, 1.841968, 1.000000, 1.649385, -0.094266, 1.000000, 1.000000, -0.609318, 1.570595, 1.690527, 1.000000, 1.000000, -0.509741, 1.000000, 0.000000, -0.404524, 1.000000, 1.000000, 1.861409, -0.129983, 1.000000, 1.000000, 1.000000, 0.000000, 1.602030, -0.496665, 0.000000, 1.000000, 1.000000, 0.000000, -0.101199, -0.034451, 0.000000, 0.000000, -0.205777, -0.896389, 0.000000, 1.000000, -0.914463, 1.000000, 1.269537, 0.000000, -0.922993, 0.000000, 1.000000, 1.000000, -0.061780, 1.351905, 1.445868, 1.442960, 1.000000, -0.506256, -0.618731, 1.000000, 0.000000, -0.946917, 1.625033, 1.000000, 0.000000, 0.000000, 1.817167, 0.000000, 0.000000, 0.000000, 0.000000, -0.615425, 0.000000, -0.618301, 0.000000, 0.000000, -0.408092, 1.000000, 1.217790, 1.000000, 1.482511, 0.000000]
Curve: [0.206167, 0.206167, 0.206167, 0.206167, 0.206167, 0.206167, 0.206167, 0.206167, 0.206167, 0.206167, 0.206167, 0.206167, 0.206167, 0.206167, 0.206167, 0.206167, 0.206167, 0.206167, 0.206167, 0.206167, 0.206167, 0.206167, 0.206167, 0.206167, 0.206167, 0.206167, 0.206167, 0.206167, 0.206167, 0.206167, 0.206167, 0.206167, 0.206167, 0.206167, 0.206167, 0.206167, 0.206167, 0.206167, 0.206167, 0.206167, 0.206167, 0.206167, 0.206167, 0.206167, 0.206167, 0.206167, 0.206167, 0.206167, 0.206167, 0.206167, 0.206167, 0.206167, 0.206167, 0.206167, 0.206167, 0.206167, 0.206167, 0.206167, 0.206167, 0.206167, 0.206167, 0.206167, 0.206167, 0.206167, 0.206167, 0.206167, 0.206167, 0.206167, 0.206167, 0.206167, 0.206167, 0.206167, 0.206167, 0.206167, 0.206167, 0.206167, 0.206167, 0.206167, 0.206167, 0.206167, 0.206167, 0.206167, 0.206167, 0.206167, 0.206167, 0.206167, 0.206167, 0.206167, 0.206167, 0.206167, 0.206167, 0.206167, 0.206167, 0.206167, 0.206167, 0.206167, 0.206167, 0.206167, 0.206167, 0.206167]
Run 9
BPO Best Score: 2.060556e-01
BPO Best Pos: [1.000000, 0.000000, -0.944084, -0.711217, 0.000000, 1.000000, 1.993395, 1.000000, 0.000000, -0.748029, 1.179020, 1.361916, -0.170719, -0.518764, 1.709298, 0.000000, -0.046714, 0.000000, 1.507493, 1.000000, -0.138271, -0.560306, 1.000000, 1.000000, 0.000000, 1.230703, -0.674321, 1.000000, 0.000000, -0.263750, 1.000000, 1.358809, 1.338930, -0.308261, 0.000000, -0.781736, 0.000000, 1.111859, 1.000000, -0.661952, 0.000000, 1.000000, 0.000000, 1.513742, 1.191285, 0.000000, -0.446669, -0.494089, 1.385865, -0.905612, 0.000000, 1.000000, 1.000000, 1.000000, -0.100787, 0.000000, 1.000000, 0.000000, -0.447337, 1.364134, 1.457211, 1.827507, 0.000000, 1.000000, 0.000000, 1.000000, 1.302781, 1.000000, -0.951558, 1.000000, -0.881876, 1.678817, -0.609104, 0.000000, 1.000000, -0.017842, 0.000000, 1.000000, 1.834955, 0.000000, -0.088678, 0.000000, 0.000000, 1.000000, -0.573861, -0.553152, 1.000000, -0.895133, 1.087044, 1.000000]
Curve: [0.206056, 0.206056, 0.206056, 0.206056, 0.206056, 0.206056, 0.206056, 0.206056, 0.206056, 0.206056, 0.206056, 0.206056, 0.206056, 0.206056, 0.206056, 0.206056, 0.206056, 0.206056, 0.206056, 0.206056, 0.206056, 0.206056, 0.206056, 0.206056, 0.206056, 0.206056, 0.206056, 0.206056, 0.206056, 0.206056, 0.206056, 0.206056, 0.206056, 0.206056, 0.206056, 0.206056, 0.206056, 0.206056, 0.206056, 0.206056, 0.206056, 0.206056, 0.206056, 0.206056, 0.206056, 0.206056, 0.206056, 0.206056, 0.206056, 0.206056, 0.206056, 0.206056, 0.206056, 0.206056, 0.206056, 0.206056, 0.206056, 0.206056, 0.206056, 0.206056, 0.206056, 0.206056, 0.206056, 0.206056, 0.206056, 0.206056, 0.206056, 0.206056, 0.206056, 0.206056, 0.206056, 0.206056, 0.206056, 0.206056, 0.206056, 0.206056, 0.206056, 0.206056, 0.206056, 0.206056, 0.206056, 0.206056, 0.206056, 0.206056, 0.206056, 0.206056, 0.206056, 0.206056, 0.206056, 0.206056, 0.206056, 0.206056, 0.206056, 0.206056, 0.206056, 0.206056, 0.206056, 0.206056, 0.206056, 0.206056]
HLBPO Best Score: 2.134444e-01
HLBPO Best Pos: [1.000000, 0.000000, 1.000000, 0.000000, 1.000000, 0.000000, 1.000000, 1.000000, 0.000000, 0.000000, 0.000000, 0.000000, 1.000000, 0.000000, 1.000000, 1.000000, 0.000000, 0.000000, 0.000000, 0.000000, 1.000000, 1.000000, 1.000000, 0.000000, 1.000000, 1.000000, 1.000000, 1.000000, 0.000000, 0.000000, 1.000000, 0.000000, 1.000000, 0.000000, 1.000000, 1.000000, 0.000000, 1.000000, 0.000000, 0.000000, 0.000000, 0.000000, 0.000000, 1.000000, 0.000000, 1.000000, 0.000000, 1.000000, 1.000000, 0.000000, 1.000000, 1.000000, 1.000000, 0.000000, 1.000000, 1.000000, 0.000000, 1.000000, 0.000000, 1.000000, 1.000000, 1.000000, 0.000000, 1.000000, 0.000000, 0.000000, 1.000000, 0.000000, 0.000000, 0.000000, 0.000000, 0.000000, 0.000000, 0.000000, 0.000000, 0.000000, 0.000000, 1.000000, 0.000000, 0.000000, 1.000000, 0.000000, 0.000000, 1.000000, 0.000000, 0.000000, 1.000000, 0.000000, 0.000000, 1.000000]
Curve: [0.213444, 0.213444, 0.213444, 0.213444, 0.213444, 0.213444, 0.213444, 0.213444, 0.213444, 0.213444, 0.213444, 0.213444, 0.213444, 0.213444, 0.213444, 0.213444, 0.213444, 0.213444, 0.213444, 0.213444, 0.213444, 0.213444, 0.213444, 0.213444, 0.213444, 0.213444, 0.213444, 0.213444, 0.213444, 0.213444, 0.213444, 0.213444, 0.213444, 0.213444, 0.213444, 0.213444, 0.213444, 0.213444, 0.213444, 0.213444, 0.213444, 0.213444, 0.213444, 0.213444, 0.213444, 0.213444, 0.213444, 0.213444, 0.213444, 0.213444, 0.213444, 0.213444, 0.213444, 0.213444, 0.213444, 0.213444, 0.213444, 0.213444, 0.213444, 0.213444, 0.213444, 0.213444, 0.213444, 0.213444, 0.213444, 0.213444, 0.213444, 0.213444, 0.213444, 0.213444, 0.213444, 0.213444, 0.213444, 0.213444, 0.213444, 0.213444, 0.213444, 0.213444, 0.213444, 0.213444, 0.213444, 0.213444, 0.213444, 0.213444, 0.213444, 0.213444, 0.213444, 0.213444, 0.213444, 0.213444, 0.213444, 0.213444, 0.213444, 0.213444, 0.213444, 0.213444, 0.213444, 0.213444, 0.213444, 0.213444]
Run 10
BPO Best Score: 1.830556e-01
BPO Best Pos: [1.000000, 1.000000, 0.999505, 1.000000, -0.000064, 1.000000, 1.000000, 1.000000, 1.000000, 0.000000, 1.000006, 1.003682, 1.000003, -0.000004, -0.000000, -0.000000, 0.000029, -0.000035, -0.004536, -0.000044, -0.000000, 0.000000, 1.002406, 0.000000, 0.004935, 1.000000, 1.000000, 0.000113, 1.000000, 1.000000, 1.000000, 1.000000, 1.000022, 0.010780, 1.000000, -0.000000, -0.000000, 1.000000, -0.000000, 1.000000, 0.999600, -0.000000, -0.000000, 0.000000, 1.001232, 0.999916, 1.010957, -0.000000, -0.000018, 1.020944, 0.000000, 0.000000, 0.995575, 1.000000, 1.000000, -0.000016, 0.000000, 0.000000, 1.000000, 0.000000, 0.000060, 1.000000, 1.000000, -0.000000, 0.000000, -0.000012, 1.000000, 0.000194, 0.970575, 1.000006, -0.000000, 0.999986, -0.000000, 1.000000, 0.000002, -0.000078, 0.000004, 0.000653, 1.000000, 0.000026, 0.000014, 0.999238, 0.000000, -0.000000, 0.999805, 1.000025, -0.000004, 1.000000, 0.000000, 0.000000]
Curve: [0.208278, 0.208278, 0.208278, 0.208278, 0.208278, 0.208278, 0.208278, 0.208278, 0.208278, 0.208278, 0.208278, 0.208278, 0.208278, 0.208278, 0.208278, 0.208278, 0.208278, 0.208278, 0.208278, 0.208278, 0.208278, 0.208278, 0.208278, 0.208278, 0.208278, 0.208278, 0.208278, 0.208278, 0.208278, 0.208278, 0.208278, 0.208278, 0.208278, 0.208278, 0.208278, 0.208278, 0.208278, 0.208278, 0.208278, 0.208278, 0.208278, 0.208278, 0.208278, 0.208278, 0.208278, 0.208278, 0.208278, 0.208278, 0.208278, 0.208278, 0.208278, 0.208278, 0.208278, 0.208278, 0.208278, 0.208278, 0.208278, 0.208278, 0.208278, 0.208278, 0.208278, 0.208278, 0.208278, 0.208278, 0.208278, 0.208278, 0.208278, 0.208278, 0.208278, 0.208278, 0.208278, 0.208278, 0.208278, 0.208278, 0.208278, 0.208278, 0.208278, 0.205722, 0.205722, 0.205722, 0.205278, 0.205278, 0.205278, 0.205278, 0.205278, 0.205278, 0.205278, 0.205278, 0.205278, 0.183056, 0.183056, 0.183056, 0.183056, 0.183056, 0.183056, 0.183056, 0.183056, 0.183056, 0.183056, 0.183056]
HLBPO Best Score: 2.133333e-01
HLBPO Best Pos: [0.000000, 1.000000, 1.000000, 1.000000, 0.000000, 0.000000, 1.000000, 0.000000, 1.000000, 1.000000, 0.000000, 1.000000, 1.000000, 0.000000, 1.000000, 0.000000, 1.000000, 0.000000, 0.000000, 1.000000, 0.000000, 0.000000, 1.000000, 0.000000, 0.000000, 1.000000, 1.000000, 1.000000, 1.000000, 0.000000, 1.000000, 0.000000, 1.000000, 1.000000, 0.000000, 1.000000, 0.000000, 0.000000, 1.000000, 0.000000, 0.000000, 1.000000, 0.000000, 0.000000, 1.000000, 0.000000, 1.000000, 0.000000, 1.000000, 1.000000, 1.000000, 0.000000, 0.000000, 1.000000, 0.000000, 0.000000, 1.000000, 1.000000, 0.000000, 0.000000, 0.000000, 0.000000, 0.000000, 0.000000, 1.000000, 1.000000, 0.000000, 0.000000, 0.000000, 1.000000, 0.000000, 1.000000, 1.000000, 1.000000, 0.000000, 0.000000, 0.000000, 0.000000, 0.000000, 0.000000, 0.000000, 0.000000, 0.000000, 1.000000, 1.000000, 1.000000, 0.000000, 0.000000, 0.000000, 0.000000]
Curve: [0.213333, 0.213333, 0.213333, 0.213333, 0.213333, 0.213333, 0.213333, 0.213333, 0.213333, 0.213333, 0.213333, 0.213333, 0.213333, 0.213333, 0.213333, 0.213333, 0.213333, 0.213333, 0.213333, 0.213333, 0.213333, 0.213333, 0.213333, 0.213333, 0.213333, 0.213333, 0.213333, 0.213333, 0.213333, 0.213333, 0.213333, 0.213333, 0.213333, 0.213333, 0.213333, 0.213333, 0.213333, 0.213333, 0.213333, 0.213333, 0.213333, 0.213333, 0.213333, 0.213333, 0.213333, 0.213333, 0.213333, 0.213333, 0.213333, 0.213333, 0.213333, 0.213333, 0.213333, 0.213333, 0.213333, 0.213333, 0.213333, 0.213333, 0.213333, 0.213333, 0.213333, 0.213333, 0.213333, 0.213333, 0.213333, 0.213333, 0.213333, 0.213333, 0.213333, 0.213333, 0.213333, 0.213333, 0.213333, 0.213333, 0.213333, 0.213333, 0.213333, 0.213333, 0.213333, 0.213333, 0.213333, 0.213333, 0.213333, 0.213333, 0.213333, 0.213333, 0.213333, 0.213333, 0.213333, 0.213333, 0.213333, 0.213333, 0.213333, 0.213333, 0.213333, 0.213333, 0.213333, 0.213333, 0.213333, 0.213333]
