Curve: [0.024800, 0.024800, 0.024244, 0.023689, 0.023689, 0.022578, 0.022578, 0.022578, 0.022022, 0.022022, 0.017089, 0.017089, 0.015422, 0.015422, 0.015422, 0.015422, 0.015422, 0.015422, 0.015422, 0.015422, 0.015422, 0.015422, 0.015422, 0.014867, 0.014867, 0.014867, 0.014311, 0.014311, 0.014311, 0.014311, 0.014311, 0.014311, 0.014311, 0.014311, 0.014311, 0.014311, 0.014311, 0.014311, 0.014311, 0.014311, 0.014311, 0.014311, 0.014311, 0.014311, 0.014311, 0.014311, 0.014311, 0.014311, 0.014311, 0.014311, 0.014311, 0.014311, 0.014311, 0.014311, 0.014311, 0.014311, 0.014311, 0.014311, 0.014311, 0.014311, 0.014311, 0.014311, 0.014311, 0.014311, 0.014311, 0.014311, 0.014311, 0.014311, 0.014311, 0.014311, 0.014311, 0.014311, 0.014311, 0.014311, 0.014311, 0.014311, 0.014311, 0.014311, 0.014311, 0.014311, 0.014311, 0.014311, 0.014311, 0.014311, 0.014311, 0.014311, 0.014311, 0.014311, 0.014311, 0.014311, 0.014311, 0.014311, 0.014311, 0.014311, 0.014311, 0.014311, 0.014311, 0.014311, 0.014311, 0.014311]
Run 1
BPO Best Score: 2.091111e-02
BPO Best Pos: [0.126714, -5.003742, -1.861762, 4.107507, 1.000000, -0.230552, -0.489288, 1.244229, 1.000000, 3.687592, 1.246553, 0.039037, -0.053934, 0.000000, -0.450840, -2.656818, 0.632721, 0.000000]
Curve: [0.021383, 0.020911, 0.020911, 0.020911, 0.020911, 0.020911, 0.020911, 0.020911, 0.020911, 0.020911, 0.020911, 0.020911, 0.020911, 0.020911, 0.020911, 0.020911, 0.020911, 0.020911, 0.020911, 0.020911, 0.020911, 0.020911, 0.020911, 0.020911, 0.020911, 0.020911, 0.020911, 0.020911, 0.020911, 0.020911, 0.020911, 0.020911, 0.020911, 0.020911, 0.020911, 0.020911, 0.020911, 0.020911, 0.020911, 0.020911, 0.020911, 0.020911, 0.020911, 0.020911, 0.020911, 0.020911, 0.020911, 0.020911, 0.020911, 0.020911, 0.020911, 0.020911, 0.020911, 0.020911, 0.020911, 0.020911, 0.020911, 0.020911, 0.020911, 0.020911, 0.020911, 0.020911, 0.020911, 0.020911, 0.020911, 0.020911, 0.020911, 0.020911, 0.020911, 0.020911, 0.020911, 0.020911, 0.020911, 0.020911, 0.020911, 0.020911, 0.020911, 0.020911, 0.020911, 0.020911, 0.020911, 0.020911, 0.020911, 0.020911, 0.020911, 0.020911, 0.020911, 0.020911, 0.020911, 0.020911, 0.020911, 0.020911, 0.020911, 0.020911, 0.020911, 0.020911, 0.020911, 0.020911, 0.020911, 0.020911]
HLBPO Best Score: 1.431111e-02
HLBPO Best Pos: [0.143313, 0.218326, 0.014402, 1.982808, 1.536333, 1.000000, 1.071186, 0.466932, 1.000000, 0.525489, 1.602064, 0.680898, -0.032878, 1.255947, -0.648582, -0.106022, 1.270325, 1.793836]
Curve: [0.014311, 0.014311, 0.014311, 0.014311, 0.014311, 0.014311, 0.014311, 0.014311, 0.014311, 0.014311, 0.014311, 0.014311, 0.014311, 0.014311, 0.014311, 0.014311, 0.014311, 0.014311, 0.014311, 0.014311, 0.014311, 0.014311, 0.014311, 0.014311, 0.014311, 0.014311, 0.014311, 0.014311, 0.014311, 0.014311, 0.014311, 0.014311, 0.014311, 0.014311, 0.014311, 0.014311, 0.014311, 0.014311, 0.014311, 0.014311, 0.014311, 0.014311, 0.014311, 0.014311, 0.014311, 0.014311, 0.014311, 0.014311, 0.014311, 0.014311, 0.014311, 0.014311, 0.014311, 0.014311, 0.014311, 0.014311, 0.014311, 0.014311, 0.014311, 0.014311, 0.014311, 0.014311, 0.014311, 0.014311, 0.014311, 0.014311, 0.014311, 0.014311, 0.014311, 0.014311, 0.014311, 0.014311, 0.014311, 0.014311, 0.014311, 0.014311, 0.014311, 0.014311, 0.014311, 0.014311, 0.014311, 0.014311, 0.014311, 0.014311, 0.014311, 0.014311, 0.014311, 0.014311, 0.014311, 0.014311, 0.014311, 0.014311, 0.014311, 0.014311, 0.014311, 0.014311, 0.014311, 0.014311, 0.014311, 0.014311]
Run 2
BPO Best Score: 1.542222e-02
BPO Best Pos: [1.000000, 0.682641, 0.983127, 1.527783, -0.724531, -0.451393, 1.000000, -0.509403, 1.000000, 0.000000, 0.000000, 0.568769, 1.000000, -0.292329, -0.948652, 0.000000, 1.815415, -0.180635]
Curve: [0.015422, 0.015422, 0.015422, 0.015422, 0.015422, 0.015422, 0.015422, 0.015422, 0.015422, 0.015422, 0.015422, 0.015422, 0.015422, 0.015422, 0.015422, 0.015422, 0.015422, 0.015422, 0.015422, 0.015422, 0.015422, 0.015422, 0.015422, 0.015422, 0.015422, 0.015422, 0.015422, 0.015422, 0.015422, 0.015422, 0.015422, 0.015422, 0.015422, 0.015422, 0.015422, 0.015422, 0.015422, 0.015422, 0.015422, 0.015422, 0.015422, 0.015422, 0.015422, 0.015422, 0.015422, 0.015422, 0.015422, 0.015422, 0.015422, 0.015422, 0.015422, 0.015422, 0.015422, 0.015422, 0.015422, 0.015422, 0.015422, 0.015422, 0.015422, 0.015422, 0.015422, 0.015422, 0.015422, 0.015422, 0.015422, 0.015422, 0.015422, 0.015422, 0.015422, 0.015422, 0.015422, 0.015422, 0.015422, 0.015422, 0.015422, 0.015422, 0.015422, 0.015422, 0.015422, 0.015422, 0.015422, 0.015422, 0.015422, 0.015422, 0.015422, 0.015422, 0.015422, 0.015422, 0.015422, 0.015422, 0.015422, 0.015422, 0.015422, 0.015422, 0.015422, 0.015422, 0.015422, 0.015422, 0.015422, 0.015422]
HLBPO Best Score: 1.431111e-02
HLBPO Best Pos: [2.541353, -0.024387, -0.210264, 0.305477, -0.478007, 1.000000, -0.621419, 0.549659, 1.000000, -0.025277, 1.550214, -0.531225, -1.304807, 0.000000, -0.061441, -0.918304, 1.135835, -0.524006]
Curve: [0.014311, 0.014311, 0.014311, 0.014311, 0.014311, 0.014311, 0.014311, 0.014311, 0.014311, 0.014311, 0.014311, 0.014311, 0.014311, 0.014311, 0.014311, 0.014311, 0.014311, 0.014311, 0.014311, 0.014311, 0.014311, 0.014311, 0.014311, 0.014311, 0.014311, 0.014311, 0.014311, 0.014311, 0.014311, 0.014311, 0.014311, 0.014311, 0.014311, 0.014311, 0.014311, 0.014311, 0.014311, 0.014311, 0.014311, 0.014311, 0.014311, 0.014311, 0.014311, 0.014311, 0.014311, 0.014311, 0.014311, 0.014311, 0.014311, 0.014311, 0.014311, 0.014311, 0.014311, 0.014311, 0.014311, 0.014311, 0.014311, 0.014311, 0.014311, 0.014311, 0.014311, 0.014311, 0.014311, 0.014311, 0.014311, 0.014311, 0.014311, 0.014311, 0.014311, 0.014311, 0.014311, 0.014311, 0.014311, 0.014311, 0.014311, 0.014311, 0.014311, 0.014311, 0.014311, 0.014311, 0.014311, 0.014311, 0.014311, 0.014311, 0.014311, 0.014311, 0.014311, 0.014311, 0.014311, 0.014311, 0.014311, 0.014311, 0.014311, 0.014311, 0.014311, 0.014311, 0.014311, 0.014311, 0.014311, 0.014311]
Run 3
BPO Best Score: 1.431111e-02
BPO Best Pos: [1.950098, 1.530853, 0.071122, -0.652601, 0.000000, 1.000000, 0.000000, 0.406250, 1.000000, 0.337902, 1.928646, 0.000000, -0.670274, 0.174972, -0.433224, 0.948633, 1.522512, 1.076847]
Curve: [0.014311, 0.014311, 0.014311, 0.014311, 0.014311, 0.014311, 0.014311, 0.014311, 0.014311, 0.014311, 0.014311, 0.014311, 0.014311, 0.014311, 0.014311, 0.014311, 0.014311, 0.014311, 0.014311, 0.014311, 0.014311, 0.014311, 0.014311, 0.014311, 0.014311, 0.014311, 0.014311, 0.014311, 0.014311, 0.014311, 0.014311, 0.014311, 0.014311, 0.014311, 0.014311, 0.014311, 0.014311, 0.014311, 0.014311, 0.014311, 0.014311, 0.014311, 0.014311, 0.014311, 0.014311, 0.014311, 0.014311, 0.014311, 0.014311, 0.014311, 0.014311, 0.014311, 0.014311, 0.014311, 0.014311, 0.014311, 0.014311, 0.014311, 0.014311, 0.014311, 0.014311, 0.014311, 0.014311, 0.014311, 0.014311, 0.014311, 0.014311, 0.014311, 0.014311, 0.014311, 0.014311, 0.014311, 0.014311, 0.014311, 0.014311, 0.014311, 0.014311, 0.014311, 0.014311, 0.014311, 0.014311, 0.014311, 0.014311, 0.014311, 0.014311, 0.014311, 0.014311, 0.014311, 0.014311, 0.014311, 0.014311, 0.014311, 0.014311, 0.014311, 0.014311, 0.014311, 0.014311, 0.014311, 0.014311, 0.014311]
HLBPO Best Score: 2.146667e-02
HLBPO Best Pos: [1.305576, -0.035486, 0.000000, 1.193299, 0.000000, -0.492918, 1.000000, 0.150408, 1.000000, 1.002387, 0.662711, -0.877484, 0.000000, 0.000000, 1.979869, 0.000000, 1.000000, -0.747244]
Curve: [0.021467, 0.021467, 0.021467, 0.021467, 0.021467, 0.021467, 0.021467, 0.021467, 0.021467, 0.021467, 0.021467, 0.021467, 0.021467, 0.021467, 0.021467, 0.021467, 0.021467, 0.021467, 0.021467, 0.021467, 0.021467, 0.021467, 0.021467, 0.021467, 0.021467, 0.021467, 0.021467, 0.021467, 0.021467, 0.021467, 0.021467, 0.021467, 0.021467, 0.021467, 0.021467, 0.021467, 0.021467, 0.021467, 0.021467, 0.021467, 0.021467, 0.021467, 0.021467, 0.021467, 0.021467, 0.021467, 0.021467, 0.021467, 0.021467, 0.021467, 0.021467, 0.021467, 0.021467, 0.021467, 0.021467, 0.021467, 0.021467, 0.021467, 0.021467, 0.021467, 0.021467, 0.021467, 0.021467, 0.021467, 0.021467, 0.021467, 0.021467, 0.021467, 0.021467, 0.021467, 0.021467, 0.021467, 0.021467, 0.021467, 0.021467, 0.021467, 0.021467, 0.021467, 0.021467, 0.021467, 0.021467, 0.021467, 0.021467, 0.021467, 0.021467, 0.021467, 0.021467, 0.021467, 0.021467, 0.021467, 0.021467, 0.021467, 0.021467, 0.021467, 0.021467, 0.021467, 0.021467, 0.021467, 0.021467, 0.021467]
Run 4
BPO Best Score: 1.431111e-02
BPO Best Pos: [-0.298726, 1.644323, 0.466431, 0.040967, 0.000000, 1.000000, 1.441409, 0.222731, 1.000000, 1.487407, -0.430669, -0.538497, 1.907703, 0.000000, -0.764997, 0.929797, 0.031512, -0.438158]
Curve: [0.014311, 0.014311, 0.014311, 0.014311, 0.014311, 0.014311, 0.014311, 0.014311, 0.014311, 0.014311, 0.014311, 0.014311, 0.014311, 0.014311, 0.014311, 0.014311, 0.014311, 0.014311, 0.014311, 0.014311, 0.014311, 0.014311, 0.014311, 0.014311, 0.014311, 0.014311, 0.014311, 0.014311, 0.014311, 0.014311, 0.014311, 0.014311, 0.014311, 0.014311, 0.014311, 0.014311, 0.014311, 0.014311, 0.014311, 0.014311, 0.014311, 0.014311, 0.014311, 0.014311, 0.014311, 0.014311, 0.014311, 0.014311, 0.014311, 0.014311, 0.014311, 0.014311, 0.014311, 0.014311, 0.014311, 0.014311, 0.014311, 0.014311, 0.014311, 0.014311, 0.014311, 0.014311, 0.014311, 0.014311, 0.014311, 0.014311, 0.014311, 0.014311, 0.014311, 0.014311, 0.014311, 0.014311, 0.014311, 0.014311, 0.014311, 0.014311, 0.014311, 0.014311, 0.014311, 0.014311, 0.014311, 0.014311, 0.014311, 0.014311, 0.014311, 0.014311, 0.014311, 0.014311, 0.014311, 0.014311, 0.014311, 0.014311, 0.014311, 0.014311, 0.014311, 0.014311, 0.014311, 0.014311, 0.014311, 0.014311]
HLBPO Best Score: 1.431111e-02
HLBPO Best Pos: [0.000000, -0.781635, 0.082098, 0.000000, 0.954316, 1.000000, -0.092188, 1.436111, 1.000000, 1.152776, -0.065151, -0.766888, 0.322754, -0.313982, 0.322231, 1.157596, 0.329702, 1.643235]
Curve: [0.014311, 0.014311, 0.014311, 0.014311, 0.014311, 0.014311, 0.014311, 0.014311, 0.014311, 0.014311, 0.014311, 0.014311, 0.014311, 0.014311, 0.014311, 0.014311, 0.014311, 0.014311, 0.014311, 0.014311, 0.014311, 0.014311, 0.014311, 0.014311, 0.014311, 0.014311, 0.014311, 0.014311, 0.014311, 0.014311, 0.014311, 0.014311, 0.014311, 0.014311, 0.014311, 0.014311, 0.014311, 0.014311, 0.014311, 0.014311, 0.014311, 0.014311, 0.014311, 0.014311, 0.014311, 0.014311, 0.014311, 0.014311, 0.014311, 0.014311, 0.014311, 0.014311, 0.014311, 0.014311, 0.014311, 0.014311, 0.014311, 0.014311, 0.014311, 0.014311, 0.014311, 0.014311, 0.014311, 0.014311, 0.014311, 0.014311, 0.014311, 0.014311, 0.014311, 0.014311, 0.014311, 0.014311, 0.014311, 0.014311, 0.014311, 0.014311, 0.014311, 0.014311, 0.014311, 0.014311, 0.014311, 0.014311, 0.014311, 0.014311, 0.014311, 0.014311, 0.014311, 0.014311, 0.014311, 0.014311, 0.014311, 0.014311, 0.014311, 0.014311, 0.014311, 0.014311, 0.014311, 0.014311, 0.014311, 0.014311]
Run 5
BPO Best Score: 1.486667e-02
BPO Best Pos: [-0.517613, -1.399372, 0.011836, 1.000000, -0.277268, 1.000000, -0.966428, 1.042411, 1.000000, -0.139109, 0.155774, -1.744792, 0.000000, 0.140121, -0.969813, 0.209633, 2.459882, -0.039037]
Curve: [0.014867, 0.014867, 0.014867, 0.014867, 0.014867, 0.014867, 0.014867, 0.014867, 0.014867, 0.014867, 0.014867, 0.014867, 0.014867, 0.014867, 0.014867, 0.014867, 0.014867, 0.014867, 0.014867, 0.014867, 0.014867, 0.014867, 0.014867, 0.014867, 0.014867, 0.014867, 0.014867, 0.014867, 0.014867, 0.014867, 0.014867, 0.014867, 0.014867, 0.014867, 0.014867, 0.014867, 0.014867, 0.014867, 0.014867, 0.014867, 0.014867, 0.014867, 0.014867, 0.014867, 0.014867, 0.014867, 0.014867, 0.014867, 0.014867, 0.014867, 0.014867, 0.014867, 0.014867, 0.014867, 0.014867, 0.014867, 0.014867, 0.014867, 0.014867, 0.014867, 0.014867, 0.014867, 0.014867, 0.014867, 0.014867, 0.014867, 0.014867, 0.014867, 0.014867, 0.014867, 0.014867, 0.014867, 0.014867, 0.014867, 0.014867, 0.014867, 0.014867, 0.014867, 0.014867, 0.014867, 0.014867, 0.014867, 0.014867, 0.014867, 0.014867, 0.014867, 0.014867, 0.014867, 0.014867, 0.014867, 0.014867, 0.014867, 0.014867, 0.014867, 0.014867, 0.014867, 0.014867, 0.014867, 0.014867, 0.014867]
HLBPO Best Score: 1.431111e-02
HLBPO Best Pos: [0.000000, 0.000000, -0.501531, 0.200081, -0.358739, 1.000000, 1.354181, -0.920100, 1.000000, -0.787085, -0.441514, 1.026702, 0.000000, 1.667465, 1.573691, 1.018792, 0.603633, 0.912752]
Curve: [0.014311, 0.014311, 0.014311, 0.014311, 0.014311, 0.014311, 0.014311, 0.014311, 0.014311, 0.014311, 0.014311, 0.014311, 0.014311, 0.014311, 0.014311, 0.014311, 0.014311, 0.014311, 0.014311, 0.014311, 0.014311, 0.014311, 0.014311, 0.014311, 0.014311, 0.014311, 0.014311, 0.014311, 0.014311, 0.014311, 0.014311, 0.014311, 0.014311, 0.014311, 0.014311, 0.014311, 0.014311, 0.014311, 0.014311, 0.014311, 0.014311, 0.014311, 0.014311, 0.014311, 0.014311, 0.014311, 0.014311, 0.014311, 0.014311, 0.014311, 0.014311, 0.014311, 0.014311, 0.014311, 0.014311, 0.014311, 0.014311, 0.014311, 0.014311, 0.014311, 0.014311, 0.014311, 0.014311, 0.014311, 0.014311, 0.014311, 0.014311, 0.014311, 0.014311, 0.014311, 0.014311, 0.014311, 0.014311, 0.014311, 0.014311, 0.014311, 0.014311, 0.014311, 0.014311, 0.014311, 0.014311, 0.014311, 0.014311, 0.014311, 0.014311, 0.014311, 0.014311, 0.014311, 0.014311, 0.014311, 0.014311, 0.014311, 0.014311, 0.014311, 0.014311, 0.014311, 0.014311, 0.014311, 0.014311, 0.014311]
Run 6
BPO Best Score: 1.431111e-02
BPO Best Pos: [1.456018, -0.028846, 1.556250, 1.264820, 1.161892, 1.000000, -0.001712, 0.289840, 1.000000, -0.005329, 1.166161, 0.450625, 0.000000, -0.371699, 0.000000, 0.143874, 0.535884, 0.938369]
Curve: [0.014311, 0.014311, 0.014311, 0.014311, 0.014311, 0.014311, 0.014311, 0.014311, 0.014311, 0.014311, 0.014311, 0.014311, 0.014311, 0.014311, 0.014311, 0.014311, 0.014311, 0.014311, 0.014311, 0.014311, 0.014311, 0.014311, 0.014311, 0.014311, 0.014311, 0.014311, 0.014311, 0.014311, 0.014311, 0.014311, 0.014311, 0.014311, 0.014311, 0.014311, 0.014311, 0.014311, 0.014311, 0.014311, 0.014311, 0.014311, 0.014311, 0.014311, 0.014311, 0.014311, 0.014311, 0.014311, 0.014311, 0.014311, 0.014311, 0.014311, 0.014311, 0.014311, 0.014311, 0.014311, 0.014311, 0.014311, 0.014311, 0.014311, 0.014311, 0.014311, 0.014311, 0.014311, 0.014311, 0.014311, 0.014311, 0.014311, 0.014311, 0.014311, 0.014311, 0.014311, 0.014311, 0.014311, 0.014311, 0.014311, 0.014311, 0.014311, 0.014311, 0.014311, 0.014311, 0.014311, 0.014311, 0.014311, 0.014311, 0.014311, 0.014311, 0.014311, 0.014311, 0.014311, 0.014311, 0.014311, 0.014311, 0.014311, 0.014311, 0.014311, 0.014311, 0.014311, 0.014311, 0.014311, 0.014311, 0.014311]
HLBPO Best Score: 1.486667e-02
HLBPO Best Pos: [1.200384, 0.127088, 1.000000, 0.041574, -0.937611, 1.422221, 1.000000, -0.029513, 1.000000, 0.759702, -0.269417, 1.116557, -0.083138, -0.056846, 0.000000, 2.167854, -0.077163, -0.423243]
Curve: [0.014867, 0.014867, 0.014867, 0.014867, 0.014867, 0.014867, 0.014867, 0.014867, 0.014867, 0.014867, 0.014867, 0.014867, 0.014867, 0.014867, 0.014867, 0.014867, 0.014867, 0.014867, 0.014867, 0.014867, 0.014867, 0.014867, 0.014867, 0.014867, 0.014867, 0.014867, 0.014867, 0.014867, 0.014867, 0.014867, 0.014867, 0.014867, 0.014867, 0.014867, 0.014867, 0.014867, 0.014867, 0.014867, 0.014867, 0.014867, 0.014867, 0.014867, 0.014867, 0.014867, 0.014867, 0.014867, 0.014867, 0.014867, 0.014867, 0.014867, 0.014867, 0.014867, 0.014867, 0.014867, 0.014867, 0.014867, 0.014867, 0.014867, 0.014867, 0.014867, 0.014867, 0.014867, 0.014867, 0.014867, 0.014867, 0.014867, 0.014867, 0.014867, 0.014867, 0.014867, 0.014867, 0.014867, 0.014867, 0.014867, 0.014867, 0.014867, 0.014867, 0.014867, 0.014867, 0.014867, 0.014867, 0.014867, 0.014867, 0.014867, 0.014867, 0.014867, 0.014867, 0.014867, 0.014867, 0.014867, 0.014867, 0.014867, 0.014867, 0.014867, 0.014867, 0.014867, 0.014867, 0.014867, 0.014867, 0.014867]
Run 7
BPO Best Score: 2.091111e-02
BPO Best Pos: [-0.075235, 0.000000, -0.969451, 0.000000, 1.000000, -1.029867, 0.126496, 1.497151, 1.000000, 0.912100, -0.815471, -0.563805, 0.000000, 0.736773, 1.808756, 0.885730, 1.051940, -0.410314]
Curve: [0.020911, 0.020911, 0.020911, 0.020911, 0.020911, 0.020911, 0.020911, 0.020911, 0.020911, 0.020911, 0.020911, 0.020911, 0.020911, 0.020911, 0.020911, 0.020911, 0.020911, 0.020911, 0.020911, 0.020911, 0.020911, 0.020911, 0.020911, 0.020911, 0.020911, 0.020911, 0.020911, 0.020911, 0.020911, 0.020911, 0.020911, 0.020911, 0.020911, 0.020911, 0.020911, 0.020911, 0.020911, 0.020911, 0.020911, 0.020911, 0.020911, 0.020911, 0.020911, 0.020911, 0.020911, 0.020911, 0.020911, 0.020911, 0.020911, 0.020911, 0.020911, 0.020911, 0.020911, 0.020911, 0.020911, 0.020911, 0.020911, 0.020911, 0.020911, 0.020911, 0.020911, 0.020911, 0.020911, 0.020911, 0.020911, 0.020911, 0.020911, 0.020911, 0.020911, 0.020911, 0.020911, 0.020911, 0.020911, 0.020911, 0.020911, 0.020911, 0.020911, 0.020911, 0.020911, 0.020911, 0.020911, 0.020911, 0.020911, 0.020911, 0.020911, 0.020911, 0.020911, 0.020911, 0.020911, 0.020911, 0.020911, 0.020911, 0.020911, 0.020911, 0.020911, 0.020911, 0.020911, 0.020911, 0.020911, 0.020911]
HLBPO Best Score: 1.486667e-02
HLBPO Best Pos: [1.000000, 0.328693, 1.296749, -0.105591, 1.000000, 0.085366, 0.000000, 0.437166, 1.000000, 0.000000, 0.420061, 0.074030, 0.000000, -0.087056, 1.417682, 0.306966, 1.878909, 0.000000]
Curve: [0.014867, 0.014867, 0.014867, 0.014867, 0.014867, 0.014867, 0.014867, 0.014867, 0.014867, 0.014867, 0.014867, 0.014867, 0.014867, 0.014867, 0.014867, 0.014867, 0.014867, 0.014867, 0.014867, 0.014867, 0.014867, 0.014867, 0.014867, 0.014867, 0.014867, 0.014867, 0.014867, 0.014867, 0.014867, 0.014867, 0.014867, 0.014867, 0.014867, 0.014867, 0.014867, 0.014867, 0.014867, 0.014867, 0.014867, 0.014867, 0.014867, 0.014867, 0.014867, 0.014867, 0.014867, 0.014867, 0.014867, 0.014867, 0.014867, 0.014867, 0.014867, 0.014867, 0.014867, 0.014867, 0.014867, 0.014867, 0.014867, 0.014867, 0.014867, 0.014867, 0.014867, 0.014867, 0.014867, 0.014867, 0.014867, 0.014867, 0.014867, 0.014867, 0.014867, 0.014867, 0.014867, 0.014867, 0.014867, 0.014867, 0.014867, 0.014867, 0.014867, 0.014867, 0.014867, 0.014867, 0.014867, 0.014867, 0.014867, 0.014867, 0.014867, 0.014867, 0.014867, 0.014867, 0.014867, 0.014867, 0.014867, 0.014867, 0.014867, 0.014867, 0.014867, 0.014867, 0.014867, 0.014867, 0.014867, 0.014867]
Run 8
BPO Best Score: 1.431111e-02
BPO Best Pos: [-0.001108, 1.372965, 1.761778, 1.341665, 1.558365, 1.000000, -0.201731, 1.869562, 1.000000, 2.038662, -0.055429, -0.028177, -0.154030, 0.166357, -0.019349, 1.126462, -0.288099, -0.639655]
Curve: [0.014311, 0.014311, 0.014311, 0.014311, 0.014311, 0.014311, 0.014311, 0.014311, 0.014311, 0.014311, 0.014311, 0.014311, 0.014311, 0.014311, 0.014311, 0.014311, 0.014311, 0.014311, 0.014311, 0.014311, 0.014311, 0.014311, 0.014311, 0.014311, 0.014311, 0.014311, 0.014311, 0.014311, 0.014311, 0.014311, 0.014311, 0.014311, 0.014311, 0.014311, 0.014311, 0.014311, 0.014311, 0.014311, 0.014311, 0.014311, 0.014311, 0.014311, 0.014311, 0.014311, 0.014311, 0.014311, 0.014311, 0.014311, 0.014311, 0.014311, 0.014311, 0.014311, 0.014311, 0.014311, 0.014311, 0.014311, 0.014311, 0.014311, 0.014311, 0.014311, 0.014311, 0.014311, 0.014311, 0.014311, 0.014311, 0.014311, 0.014311, 0.014311, 0.014311, 0.014311, 0.014311, 0.014311, 0.014311, 0.014311, 0.014311, 0.014311, 0.014311, 0.014311, 0.014311, 0.014311, 0.014311, 0.014311, 0.014311, 0.014311, 0.014311, 0.014311, 0.014311, 0.014311, 0.014311, 0.014311, 0.014311, 0.014311, 0.014311, 0.014311, 0.014311, 0.014311, 0.014311, 0.014311, 0.014311, 0.014311]
HLBPO Best Score: 2.091111e-02
HLBPO Best Pos: [-4.119999, -1.327372, 3.469768, 7.670827, -0.724372, -0.355913, 1.327706, 1.187674, 1.000000, 0.626448, 1.000000, 1.061098, 3.100336, -0.912284, -2.230111, -0.082558, 0.330180, -0.141752]
Curve: [0.021467, 0.020911, 0.020911, 0.020911, 0.020911, 0.020911, 0.020911, 0.020911, 0.020911, 0.020911, 0.020911, 0.020911, 0.020911, 0.020911, 0.020911, 0.020911, 0.020911, 0.020911, 0.020911, 0.020911, 0.020911, 0.020911, 0.020911, 0.020911, 0.020911, 0.020911, 0.020911, 0.020911, 0.020911, 0.020911, 0.020911, 0.020911, 0.020911, 0.020911, 0.020911, 0.020911, 0.020911, 0.020911, 0.020911, 0.020911, 0.020911, 0.020911, 0.020911, 0.020911, 0.020911, 0.020911, 0.020911, 0.020911, 0.020911, 0.020911, 0.020911, 0.020911, 0.020911, 0.020911, 0.020911, 0.020911, 0.020911, 0.020911, 0.020911, 0.020911, 0.020911, 0.020911, 0.020911, 0.020911, 0.020911, 0.020911, 0.020911, 0.020911, 0.020911, 0.020911, 0.020911, 0.020911, 0.020911, 0.020911, 0.020911, 0.020911, 0.020911, 0.020911, 0.020911, 0.020911, 0.020911, 0.020911, 0.020911, 0.020911, 0.020911, 0.020911, 0.020911, 0.020911, 0.020911, 0.020911, 0.020911, 0.020911, 0.020911, 0.020911, 0.020911, 0.020911, 0.020911, 0.020911, 0.020911, 0.020911]
Run 9
BPO Best Score: 2.091111e-02
BPO Best Pos: [1.827338, 0.407048, -0.059842, 1.299688, -0.099878, -0.253734, 0.332183, 0.140754, 1.000000, 0.909937, 1.000000, 0.695199, 0.620733, 0.000000, -0.326741, 1.721765, 0.366448, -0.579658]
Curve: [0.021467, 0.020911, 0.020911, 0.020911, 0.020911, 0.020911, 0.020911, 0.020911, 0.020911, 0.020911, 0.020911, 0.020911, 0.020911, 0.020911, 0.020911, 0.020911, 0.020911, 0.020911, 0.020911, 0.020911, 0.020911, 0.020911, 0.020911, 0.020911, 0.020911, 0.020911, 0.020911, 0.020911, 0.020911, 0.020911, 0.020911, 0.020911, 0.020911, 0.020911, 0.020911, 0.020911, 0.020911, 0.020911, 0.020911, 0.020911, 0.020911, 0.020911, 0.020911, 0.020911, 0.020911, 0.020911, 0.020911, 0.020911, 0.020911, 0.020911, 0.020911, 0.020911, 0.020911, 0.020911, 0.020911, 0.020911, 0.020911, 0.020911, 0.020911, 0.020911, 0.020911, 0.020911, 0.020911, 0.020911, 0.020911, 0.020911, 0.020911, 0.020911, 0.020911, 0.020911, 0.020911, 0.020911, 0.020911, 0.020911, 0.020911, 0.020911, 0.020911, 0.020911, 0.020911, 0.020911, 0.020911, 0.020911, 0.020911, 0.020911, 0.020911, 0.020911, 0.020911, 0.020911, 0.020911, 0.020911, 0.020911, 0.020911, 0.020911, 0.020911, 0.020911, 0.020911, 0.020911, 0.020911, 0.020911, 0.020911]
HLBPO Best Score: 1.653333e-02
HLBPO Best Pos: [1.000000, 0.000000, 1.000000, 1.000000, 1.000000, 0.000000, 1.000000, 0.000000, 1.000000, 0.000000, 0.000000, 0.000000, 0.000000, 0.000000, 0.000000, 0.000000, 0.000000, 0.000000]
Curve: [0.016533, 0.016533, 0.016533, 0.016533, 0.016533, 0.016533, 0.016533, 0.016533, 0.016533, 0.016533, 0.016533, 0.016533, 0.016533, 0.016533, 0.016533, 0.016533, 0.016533, 0.016533, 0.016533, 0.016533, 0.016533, 0.016533, 0.016533, 0.016533, 0.016533, 0.016533, 0.016533, 0.016533, 0.016533, 0.016533, 0.016533, 0.016533, 0.016533, 0.016533, 0.016533, 0.016533, 0.016533, 0.016533, 0.016533, 0.016533, 0.016533, 0.016533, 0.016533, 0.016533, 0.016533, 0.016533, 0.016533, 0.016533, 0.016533, 0.016533, 0.016533, 0.016533, 0.016533, 0.016533, 0.016533, 0.016533, 0.016533, 0.016533, 0.016533, 0.016533, 0.016533, 0.016533, 0.016533, 0.016533, 0.016533, 0.016533, 0.016533, 0.016533, 0.016533, 0.016533, 0.016533, 0.016533, 0.016533, 0.016533, 0.016533, 0.016533, 0.016533, 0.016533, 0.016533, 0.016533, 0.016533, 0.016533, 0.016533, 0.016533, 0.016533, 0.016533, 0.016533, 0.016533, 0.016533, 0.016533, 0.016533, 0.016533, 0.016533, 0.016533, 0.016533, 0.016533, 0.016533, 0.016533, 0.016533, 0.016533]
Run 10
BPO Best Score: 2.091111e-02
BPO Best Pos: [-0.788609, 0.000000, -0.347893, 1.123291, 1.410672, -0.622592, 0.000000, -0.880319, 1.000000, -0.407612, 1.000000, 1.062704, 0.000000, 0.000000, 0.000000, -0.018953, 1.389247, 0.000000]
Curve: [0.020911, 0.020911, 0.020911, 0.020911, 0.020911, 0.020911, 0.020911, 0.020911, 0.020911, 0.020911, 0.020911, 0.020911, 0.020911, 0.020911, 0.020911, 0.020911, 0.020911, 0.020911, 0.020911, 0.020911, 0.020911, 0.020911, 0.020911, 0.020911, 0.020911, 0.020911, 0.020911, 0.020911, 0.020911, 0.020911, 0.020911, 0.020911, 0.020911, 0.020911, 0.020911, 0.020911, 0.020911, 0.020911, 0.020911, 0.020911, 0.020911, 0.020911, 0.020911, 0.020911, 0.020911, 0.020911, 0.020911, 0.020911, 0.020911, 0.020911, 0.020911, 0.020911, 0.020911, 0.020911, 0.020911, 0.020911, 0.020911, 0.020911, 0.020911, 0.020911, 0.020911, 0.020911, 0.020911, 0.020911, 0.020911, 0.020911, 0.020911, 0.020911, 0.020911, 0.020911, 0.020911, 0.020911, 0.020911, 0.020911, 0.020911, 0.020911, 0.020911, 0.020911, 0.020911, 0.020911, 0.020911, 0.020911, 0.020911, 0.020911, 0.020911, 0.020911, 0.020911, 0.020911, 0.020911, 0.020911, 0.020911, 0.020911, 0.020911, 0.020911, 0.020911, 0.020911, 0.020911, 0.020911, 0.020911, 0.020911]
HLBPO Best Score: 1.486667e-02
HLBPO Best Pos: [0.000000, -0.643713, 0.000000, 1.000000, 0.000000, -0.748404, 1.000000, -0.249071, 1.000000, -0.300302, 0.000000, -0.959520, 0.000000, 0.000000, -0.017190, 1.617390, 0.000000, 0.000000]
Curve: [0.014867, 0.014867, 0.014867, 0.014867, 0.014867, 0.014867, 0.014867, 0.014867, 0.014867, 0.014867, 0.014867, 0.014867, 0.014867, 0.014867, 0.014867, 0.014867, 0.014867, 0.014867, 0.014867, 0.014867, 0.014867, 0.014867, 0.014867, 0.014867, 0.014867, 0.014867, 0.014867, 0.014867, 0.014867, 0.014867, 0.014867, 0.014867, 0.014867, 0.014867, 0.014867, 0.014867, 0.014867, 0.014867, 0.014867, 0.014867, 0.014867, 0.014867, 0.014867, 0.014867, 0.014867, 0.014867, 0.014867, 0.014867, 0.014867, 0.014867, 0.014867, 0.014867, 0.014867, 0.014867, 0.014867, 0.014867, 0.014867, 0.014867, 0.014867, 0.014867, 0.014867, 0.014867, 0.014867, 0.014867, 0.014867, 0.014867, 0.014867, 0.014867, 0.014867, 0.014867, 0.014867, 0.014867, 0.014867, 0.014867, 0.014867, 0.014867, 0.014867, 0.014867, 0.014867, 0.014867, 0.014867, 0.014867, 0.014867, 0.014867, 0.014867, 0.014867, 0.014867, 0.014867, 0.014867, 0.014867, 0.014867, 0.014867, 0.014867, 0.014867, 0.014867, 0.014867, 0.014867, 0.014867, 0.014867, 0.014867]
