Curve: [0.639412, 0.620206, 0.619029, 0.616706, 0.599029, 0.599029, 0.599029, 0.599029, 0.599029, 0.599029, 0.599029, 0.599029, 0.599029, 0.599029, 0.599029, 0.599029, 0.599029, 0.599029, 0.599029, 0.599029, 0.599029, 0.599029, 0.599029, 0.599029, 0.599029, 0.599029, 0.599029, 0.598441, 0.598441, 0.598441, 0.583118, 0.583118, 0.583118, 0.583118, 0.583118, 0.583118, 0.579529, 0.579529, 0.579529, 0.579529, 0.579529, 0.579529, 0.579529, 0.579529, 0.579529, 0.579529, 0.579529, 0.579529, 0.579529, 0.579529, 0.579529, 0.579529, 0.579529, 0.579529, 0.579529, 0.579529, 0.579529, 0.579529, 0.579529, 0.579529, 0.579529, 0.579529, 0.579529, 0.579529, 0.579529, 0.579529, 0.579529, 0.579529, 0.579529, 0.579529, 0.579529, 0.579529, 0.579529, 0.579529, 0.579529, 0.579529, 0.579529, 0.579529, 0.579529, 0.579529, 0.579529, 0.579529, 0.579529, 0.579529, 0.579529, 0.579529, 0.579529, 0.579529, 0.579529, 0.579529, 0.579529, 0.579529, 0.579529, 0.579529, 0.579529, 0.579529, 0.579529, 0.579529, 0.579529, 0.579529]
Run 1
BPO Best Score: 6.417941e-01
BPO Best Pos: [-0.333188, -0.129804, 1.000000, 1.000000, 1.000000, -1.295060, 0.658741, 1.946742, 0.000000, -0.276715, 0.000000, 1.301429, 1.313912, 1.000000, 1.373603, -0.578770, 0.912875]
Curve: [0.641794, 0.641794, 0.641794, 0.641794, 0.641794, 0.641794, 0.641794, 0.641794, 0.641794, 0.641794, 0.641794, 0.641794, 0.641794, 0.641794, 0.641794, 0.641794, 0.641794, 0.641794, 0.641794, 0.641794, 0.641794, 0.641794, 0.641794, 0.641794, 0.641794, 0.641794, 0.641794, 0.641794, 0.641794, 0.641794, 0.641794, 0.641794, 0.641794, 0.641794, 0.641794, 0.641794, 0.641794, 0.641794, 0.641794, 0.641794, 0.641794, 0.641794, 0.641794, 0.641794, 0.641794, 0.641794, 0.641794, 0.641794, 0.641794, 0.641794, 0.641794, 0.641794, 0.641794, 0.641794, 0.641794, 0.641794, 0.641794, 0.641794, 0.641794, 0.641794, 0.641794, 0.641794, 0.641794, 0.641794, 0.641794, 0.641794, 0.641794, 0.641794, 0.641794, 0.641794, 0.641794, 0.641794, 0.641794, 0.641794, 0.641794, 0.641794, 0.641794, 0.641794, 0.641794, 0.641794, 0.641794, 0.641794, 0.641794, 0.641794, 0.641794, 0.641794, 0.641794, 0.641794, 0.641794, 0.641794, 0.641794, 0.641794, 0.641794, 0.641794, 0.641794, 0.641794, 0.641794, 0.641794, 0.641794, 0.641794]
HLBPO Best Score: 6.249412e-01
HLBPO Best Pos: [0.000000, 1.000000, 1.000000, 0.000000, 1.000000, 1.000000, 1.000000, 1.000000, 0.000000, 0.000000, 0.000000, 1.000000, 1.000000, 0.000000, 1.000000, 1.000000, 0.000000]
Curve: [0.624941, 0.624941, 0.624941, 0.624941, 0.624941, 0.624941, 0.624941, 0.624941, 0.624941, 0.624941, 0.624941, 0.624941, 0.624941, 0.624941, 0.624941, 0.624941, 0.624941, 0.624941, 0.624941, 0.624941, 0.624941, 0.624941, 0.624941, 0.624941, 0.624941, 0.624941, 0.624941, 0.624941, 0.624941, 0.624941, 0.624941, 0.624941, 0.624941, 0.624941, 0.624941, 0.624941, 0.624941, 0.624941, 0.624941, 0.624941, 0.624941, 0.624941, 0.624941, 0.624941, 0.624941, 0.624941, 0.624941, 0.624941, 0.624941, 0.624941, 0.624941, 0.624941, 0.624941, 0.624941, 0.624941, 0.624941, 0.624941, 0.624941, 0.624941, 0.624941, 0.624941, 0.624941, 0.624941, 0.624941, 0.624941, 0.624941, 0.624941, 0.624941, 0.624941, 0.624941, 0.624941, 0.624941, 0.624941, 0.624941, 0.624941, 0.624941, 0.624941, 0.624941, 0.624941, 0.624941, 0.624941, 0.624941, 0.624941, 0.624941, 0.624941, 0.624941, 0.624941, 0.624941, 0.624941, 0.624941, 0.624941, 0.624941, 0.624941, 0.624941, 0.624941, 0.624941, 0.624941, 0.624941, 0.624941, 0.624941]
Run 2
BPO Best Score: 6.417941e-01
BPO Best Pos: [0.885727, 0.260171, 1.000000, 1.000000, 1.000000, 0.000000, 1.861210, 1.249595, -0.220661, -0.127659, 0.608587, 0.160045, 1.900675, 1.000000, 0.332302, -0.850798, 0.365946]
Curve: [0.642382, 0.641794, 0.641794, 0.641794, 0.641794, 0.641794, 0.641794, 0.641794, 0.641794, 0.641794, 0.641794, 0.641794, 0.641794, 0.641794, 0.641794, 0.641794, 0.641794, 0.641794, 0.641794, 0.641794, 0.641794, 0.641794, 0.641794, 0.641794, 0.641794, 0.641794, 0.641794, 0.641794, 0.641794, 0.641794, 0.641794, 0.641794, 0.641794, 0.641794, 0.641794, 0.641794, 0.641794, 0.641794, 0.641794, 0.641794, 0.641794, 0.641794, 0.641794, 0.641794, 0.641794, 0.641794, 0.641794, 0.641794, 0.641794, 0.641794, 0.641794, 0.641794, 0.641794, 0.641794, 0.641794, 0.641794, 0.641794, 0.641794, 0.641794, 0.641794, 0.641794, 0.641794, 0.641794, 0.641794, 0.641794, 0.641794, 0.641794, 0.641794, 0.641794, 0.641794, 0.641794, 0.641794, 0.641794, 0.641794, 0.641794, 0.641794, 0.641794, 0.641794, 0.641794, 0.641794, 0.641794, 0.641794, 0.641794, 0.641794, 0.641794, 0.641794, 0.641794, 0.641794, 0.641794, 0.641794, 0.641794, 0.641794, 0.641794, 0.641794, 0.641794, 0.641794, 0.641794, 0.641794, 0.641794, 0.641794]
HLBPO Best Score: 5.987353e-01
HLBPO Best Pos: [0.000000, 1.000000, 1.000000, 0.000000, 1.000000, 1.000000, 0.000000, 0.000000, 0.000000, 0.000000, 1.000000, 1.000000, 1.000000, 0.000000, 1.000000, 1.000000, 1.000000]
Curve: [0.598735, 0.598735, 0.598735, 0.598735, 0.598735, 0.598735, 0.598735, 0.598735, 0.598735, 0.598735, 0.598735, 0.598735, 0.598735, 0.598735, 0.598735, 0.598735, 0.598735, 0.598735, 0.598735, 0.598735, 0.598735, 0.598735, 0.598735, 0.598735, 0.598735, 0.598735, 0.598735, 0.598735, 0.598735, 0.598735, 0.598735, 0.598735, 0.598735, 0.598735, 0.598735, 0.598735, 0.598735, 0.598735, 0.598735, 0.598735, 0.598735, 0.598735, 0.598735, 0.598735, 0.598735, 0.598735, 0.598735, 0.598735, 0.598735, 0.598735, 0.598735, 0.598735, 0.598735, 0.598735, 0.598735, 0.598735, 0.598735, 0.598735, 0.598735, 0.598735, 0.598735, 0.598735, 0.598735, 0.598735, 0.598735, 0.598735, 0.598735, 0.598735, 0.598735, 0.598735, 0.598735, 0.598735, 0.598735, 0.598735, 0.598735, 0.598735, 0.598735, 0.598735, 0.598735, 0.598735, 0.598735, 0.598735, 0.598735, 0.598735, 0.598735, 0.598735, 0.598735, 0.598735, 0.598735, 0.598735, 0.598735, 0.598735, 0.598735, 0.598735, 0.598735, 0.598735, 0.598735, 0.598735, 0.598735, 0.598735]
Run 3
BPO Best Score: 5.977647e-01
BPO Best Pos: [1.000000, 1.000000, 1.000000, 0.000000, 1.000000, 1.000000, 0.000000, 1.000000, 1.000000, 1.000000, 0.000000, 1.000000, 1.000000, 0.000000, 1.000000, 1.000000, 1.000000]
Curve: [0.597765, 0.597765, 0.597765, 0.597765, 0.597765, 0.597765, 0.597765, 0.597765, 0.597765, 0.597765, 0.597765, 0.597765, 0.597765, 0.597765, 0.597765, 0.597765, 0.597765, 0.597765, 0.597765, 0.597765, 0.597765, 0.597765, 0.597765, 0.597765, 0.597765, 0.597765, 0.597765, 0.597765, 0.597765, 0.597765, 0.597765, 0.597765, 0.597765, 0.597765, 0.597765, 0.597765, 0.597765, 0.597765, 0.597765, 0.597765, 0.597765, 0.597765, 0.597765, 0.597765, 0.597765, 0.597765, 0.597765, 0.597765, 0.597765, 0.597765, 0.597765, 0.597765, 0.597765, 0.597765, 0.597765, 0.597765, 0.597765, 0.597765, 0.597765, 0.597765, 0.597765, 0.597765, 0.597765, 0.597765, 0.597765, 0.597765, 0.597765, 0.597765, 0.597765, 0.597765, 0.597765, 0.597765, 0.597765, 0.597765, 0.597765, 0.597765, 0.597765, 0.597765, 0.597765, 0.597765, 0.597765, 0.597765, 0.597765, 0.597765, 0.597765, 0.597765, 0.597765, 0.597765, 0.597765, 0.597765, 0.597765, 0.597765, 0.597765, 0.597765, 0.597765, 0.597765, 0.597765, 0.597765, 0.597765, 0.597765]
HLBPO Best Score: 6.123235e-01
HLBPO Best Pos: [1.000000, 1.000000, 1.000000, 0.000000, 1.000000, 1.000000, 0.000000, 1.000000, 1.000000, 1.000000, 0.000000, 1.000000, 1.000000, 1.000000, 0.000000, 1.000000, 1.000000]
Curve: [0.612324, 0.612324, 0.612324, 0.612324, 0.612324, 0.612324, 0.612324, 0.612324, 0.612324, 0.612324, 0.612324, 0.612324, 0.612324, 0.612324, 0.612324, 0.612324, 0.612324, 0.612324, 0.612324, 0.612324, 0.612324, 0.612324, 0.612324, 0.612324, 0.612324, 0.612324, 0.612324, 0.612324, 0.612324, 0.612324, 0.612324, 0.612324, 0.612324, 0.612324, 0.612324, 0.612324, 0.612324, 0.612324, 0.612324, 0.612324, 0.612324, 0.612324, 0.612324, 0.612324, 0.612324, 0.612324, 0.612324, 0.612324, 0.612324, 0.612324, 0.612324, 0.612324, 0.612324, 0.612324, 0.612324, 0.612324, 0.612324, 0.612324, 0.612324, 0.612324, 0.612324, 0.612324, 0.612324, 0.612324, 0.612324, 0.612324, 0.612324, 0.612324, 0.612324, 0.612324, 0.612324, 0.612324, 0.612324, 0.612324, 0.612324, 0.612324, 0.612324, 0.612324, 0.612324, 0.612324, 0.612324, 0.612324, 0.612324, 0.612324, 0.612324, 0.612324, 0.612324, 0.612324, 0.612324, 0.612324, 0.612324, 0.612324, 0.612324, 0.612324, 0.612324, 0.612324, 0.612324, 0.612324, 0.612324, 0.612324]
Run 4
BPO Best Score: 6.009706e-01
BPO Best Pos: [0.000000, 1.000000, 1.000000, 0.000000, 1.000000, 1.000000, 0.000000, 0.000000, 0.000000, 1.000000, 0.000000, 1.000000, 1.000000, 0.000000, 1.000000, 1.000000, 0.000000]
Curve: [0.600971, 0.600971, 0.600971, 0.600971, 0.600971, 0.600971, 0.600971, 0.600971, 0.600971, 0.600971, 0.600971, 0.600971, 0.600971, 0.600971, 0.600971, 0.600971, 0.600971, 0.600971, 0.600971, 0.600971, 0.600971, 0.600971, 0.600971, 0.600971, 0.600971, 0.600971, 0.600971, 0.600971, 0.600971, 0.600971, 0.600971, 0.600971, 0.600971, 0.600971, 0.600971, 0.600971, 0.600971, 0.600971, 0.600971, 0.600971, 0.600971, 0.600971, 0.600971, 0.600971, 0.600971, 0.600971, 0.600971, 0.600971, 0.600971, 0.600971, 0.600971, 0.600971, 0.600971, 0.600971, 0.600971, 0.600971, 0.600971, 0.600971, 0.600971, 0.600971, 0.600971, 0.600971, 0.600971, 0.600971, 0.600971, 0.600971, 0.600971, 0.600971, 0.600971, 0.600971, 0.600971, 0.600971, 0.600971, 0.600971, 0.600971, 0.600971, 0.600971, 0.600971, 0.600971, 0.600971, 0.600971, 0.600971, 0.600971, 0.600971, 0.600971, 0.600971, 0.600971, 0.600971, 0.600971, 0.600971, 0.600971, 0.600971, 0.600971, 0.600971, 0.600971, 0.600971, 0.600971, 0.600971, 0.600971, 0.600971]
HLBPO Best Score: 6.366765e-01
HLBPO Best Pos: [0.000000, 1.000000, 1.000000, 0.000000, 0.000000, 0.000000, 1.000000, 0.000000, 0.000000, 1.000000, 1.000000, 1.000000, 1.000000, 1.000000, 1.000000, 0.000000, 1.000000]
Curve: [0.636676, 0.636676, 0.636676, 0.636676, 0.636676, 0.636676, 0.636676, 0.636676, 0.636676, 0.636676, 0.636676, 0.636676, 0.636676, 0.636676, 0.636676, 0.636676, 0.636676, 0.636676, 0.636676, 0.636676, 0.636676, 0.636676, 0.636676, 0.636676, 0.636676, 0.636676, 0.636676, 0.636676, 0.636676, 0.636676, 0.636676, 0.636676, 0.636676, 0.636676, 0.636676, 0.636676, 0.636676, 0.636676, 0.636676, 0.636676, 0.636676, 0.636676, 0.636676, 0.636676, 0.636676, 0.636676, 0.636676, 0.636676, 0.636676, 0.636676, 0.636676, 0.636676, 0.636676, 0.636676, 0.636676, 0.636676, 0.636676, 0.636676, 0.636676, 0.636676, 0.636676, 0.636676, 0.636676, 0.636676, 0.636676, 0.636676, 0.636676, 0.636676, 0.636676, 0.636676, 0.636676, 0.636676, 0.636676, 0.636676, 0.636676, 0.636676, 0.636676, 0.636676, 0.636676, 0.636676, 0.636676, 0.636676, 0.636676, 0.636676, 0.636676, 0.636676, 0.636676, 0.636676, 0.636676, 0.636676, 0.636676, 0.636676, 0.636676, 0.636676, 0.636676, 0.636676, 0.636676, 0.636676, 0.636676, 0.636676]
Run 5
BPO Best Score: 6.385000e-01
BPO Best Pos: [-0.000000, 1.000000, 1.000000, 0.000000, 1.000000, 0.000000, 1.000000, 0.000000, -0.000000, -0.000000, -0.000000, 0.000000, 1.000000, 1.000000, 1.000000, 1.000000, 1.000000]
Curve: [0.638912, 0.638912, 0.638912, 0.638912, 0.638912, 0.638912, 0.638912, 0.638912, 0.638912, 0.638912, 0.638912, 0.638912, 0.638912, 0.638912, 0.638912, 0.638912, 0.638912, 0.638912, 0.638912, 0.638912, 0.638912, 0.638912, 0.638912, 0.638912, 0.638912, 0.638912, 0.638912, 0.638912, 0.638912, 0.638912, 0.638912, 0.638912, 0.638912, 0.638912, 0.638912, 0.638912, 0.638912, 0.638912, 0.638912, 0.638912, 0.638912, 0.638912, 0.638912, 0.638912, 0.638912, 0.638912, 0.638912, 0.638912, 0.638912, 0.638912, 0.638912, 0.638912, 0.638912, 0.638912, 0.638912, 0.638912, 0.638912, 0.638912, 0.638912, 0.638912, 0.638912, 0.638912, 0.638912, 0.638912, 0.638912, 0.638912, 0.638912, 0.638912, 0.638912, 0.638500, 0.638500, 0.638500, 0.638500, 0.638500, 0.638500, 0.638500, 0.638500, 0.638500, 0.638500, 0.638500, 0.638500, 0.638500, 0.638500, 0.638500, 0.638500, 0.638500, 0.638500, 0.638500, 0.638500, 0.638500, 0.638500, 0.638500, 0.638500, 0.638500, 0.638500, 0.638500, 0.638500, 0.638500, 0.638500, 0.638500]
HLBPO Best Score: 6.120294e-01
HLBPO Best Pos: [1.000000, 1.000000, 1.000000, 0.000000, 0.000000, 0.000000, 0.000000, 0.000000, 1.000000, 1.000000, 0.000000, 0.000000, 1.000000, 1.000000, 1.000000, 0.000000, 0.000000]
Curve: [0.612029, 0.612029, 0.612029, 0.612029, 0.612029, 0.612029, 0.612029, 0.612029, 0.612029, 0.612029, 0.612029, 0.612029, 0.612029, 0.612029, 0.612029, 0.612029, 0.612029, 0.612029, 0.612029, 0.612029, 0.612029, 0.612029, 0.612029, 0.612029, 0.612029, 0.612029, 0.612029, 0.612029, 0.612029, 0.612029, 0.612029, 0.612029, 0.612029, 0.612029, 0.612029, 0.612029, 0.612029, 0.612029, 0.612029, 0.612029, 0.612029, 0.612029, 0.612029, 0.612029, 0.612029, 0.612029, 0.612029, 0.612029, 0.612029, 0.612029, 0.612029, 0.612029, 0.612029, 0.612029, 0.612029, 0.612029, 0.612029, 0.612029, 0.612029, 0.612029, 0.612029, 0.612029, 0.612029, 0.612029, 0.612029, 0.612029, 0.612029, 0.612029, 0.612029, 0.612029, 0.612029, 0.612029, 0.612029, 0.612029, 0.612029, 0.612029, 0.612029, 0.612029, 0.612029, 0.612029, 0.612029, 0.612029, 0.612029, 0.612029, 0.612029, 0.612029, 0.612029, 0.612029, 0.612029, 0.612029, 0.612029, 0.612029, 0.612029, 0.612029, 0.612029, 0.612029, 0.612029, 0.612029, 0.612029, 0.612029]
