Curve: [0.080657, 0.080657, 0.076179, 0.076179, 0.069800, 0.069800, 0.069800, 0.069800, 0.069800, 0.069800, 0.069800, 0.069800, 0.069800, 0.069800, 0.069800, 0.069800, 0.069800, 0.069800, 0.069800, 0.069800, 0.069800, 0.069800, 0.069800, 0.069800, 0.069800, 0.069800, 0.069800, 0.069800, 0.069800, 0.069800, 0.069800, 0.069800, 0.069800, 0.069800, 0.069800, 0.069800, 0.069800, 0.069800, 0.069800, 0.069800, 0.069800, 0.069800, 0.069800, 0.069800, 0.069800, 0.069800, 0.069800, 0.069800, 0.069800, 0.069800, 0.069800, 0.069800, 0.069800, 0.069800, 0.069800, 0.069800, 0.069800, 0.069800, 0.069800, 0.069800, 0.069800, 0.069800, 0.069800, 0.069800, 0.069800, 0.069800, 0.069800, 0.069800, 0.069800, 0.069800, 0.069800, 0.069800, 0.069800, 0.069800, 0.069800, 0.069800, 0.069800, 0.069800, 0.069800, 0.069800, 0.069800, 0.069800, 0.069800, 0.069800, 0.069800, 0.069800, 0.069800, 0.069800, 0.069800, 0.069800, 0.069800, 0.069800, 0.069800, 0.069800, 0.069800, 0.069800, 0.069800, 0.069800, 0.069800, 0.069800]
Run 1
BPO Best Score: 6.980000e-02
BPO Best Pos: [0.000000, 1.000000, 1.373076, 1.531072, -0.259391, -0.835045, 1.000000]
Curve: [0.069800, 0.069800, 0.069800, 0.069800, 0.069800, 0.069800, 0.069800, 0.069800, 0.069800, 0.069800, 0.069800, 0.069800, 0.069800, 0.069800, 0.069800, 0.069800, 0.069800, 0.069800, 0.069800, 0.069800, 0.069800, 0.069800, 0.069800, 0.069800, 0.069800, 0.069800, 0.069800, 0.069800, 0.069800, 0.069800, 0.069800, 0.069800, 0.069800, 0.069800, 0.069800, 0.069800, 0.069800, 0.069800, 0.069800, 0.069800, 0.069800, 0.069800, 0.069800, 0.069800, 0.069800, 0.069800, 0.069800, 0.069800, 0.069800, 0.069800, 0.069800, 0.069800, 0.069800, 0.069800, 0.069800, 0.069800, 0.069800, 0.069800, 0.069800, 0.069800, 0.069800, 0.069800, 0.069800, 0.069800, 0.069800, 0.069800, 0.069800, 0.069800, 0.069800, 0.069800, 0.069800, 0.069800, 0.069800, 0.069800, 0.069800, 0.069800, 0.069800, 0.069800, 0.069800, 0.069800, 0.069800, 0.069800, 0.069800, 0.069800, 0.069800, 0.069800, 0.069800, 0.069800, 0.069800, 0.069800, 0.069800, 0.069800, 0.069800, 0.069800, 0.069800, 0.069800, 0.069800, 0.069800, 0.069800, 0.069800]
HLBPO Best Score: 6.980000e-02
HLBPO Best Pos: [1.219591, 1.000000, -0.991790, -0.494580, 0.680991, 2.007277, 1.000000]
Curve: [0.069800, 0.069800, 0.069800, 0.069800, 0.069800, 0.069800, 0.069800, 0.069800, 0.069800, 0.069800, 0.069800, 0.069800, 0.069800, 0.069800, 0.069800, 0.069800, 0.069800, 0.069800, 0.069800, 0.069800, 0.069800, 0.069800, 0.069800, 0.069800, 0.069800, 0.069800, 0.069800, 0.069800, 0.069800, 0.069800, 0.069800, 0.069800, 0.069800, 0.069800, 0.069800, 0.069800, 0.069800, 0.069800, 0.069800, 0.069800, 0.069800, 0.069800, 0.069800, 0.069800, 0.069800, 0.069800, 0.069800, 0.069800, 0.069800, 0.069800, 0.069800, 0.069800, 0.069800, 0.069800, 0.069800, 0.069800, 0.069800, 0.069800, 0.069800, 0.069800, 0.069800, 0.069800, 0.069800, 0.069800, 0.069800, 0.069800, 0.069800, 0.069800, 0.069800, 0.069800, 0.069800, 0.069800, 0.069800, 0.069800, 0.069800, 0.069800, 0.069800, 0.069800, 0.069800, 0.069800, 0.069800, 0.069800, 0.069800, 0.069800, 0.069800, 0.069800, 0.069800, 0.069800, 0.069800, 0.069800, 0.069800, 0.069800, 0.069800, 0.069800, 0.069800, 0.069800, 0.069800, 0.069800, 0.069800, 0.069800]
Run 2
BPO Best Score: 8.065714e-02
BPO Best Pos: [0.000000, 0.000000, 0.000000, 1.000000, 1.000000, 0.000000, 1.000000]
Curve: [0.080657, 0.080657, 0.080657, 0.080657, 0.080657, 0.080657, 0.080657, 0.080657, 0.080657, 0.080657, 0.080657, 0.080657, 0.080657, 0.080657, 0.080657, 0.080657, 0.080657, 0.080657, 0.080657, 0.080657, 0.080657, 0.080657, 0.080657, 0.080657, 0.080657, 0.080657, 0.080657, 0.080657, 0.080657, 0.080657, 0.080657, 0.080657, 0.080657, 0.080657, 0.080657, 0.080657, 0.080657, 0.080657, 0.080657, 0.080657, 0.080657, 0.080657, 0.080657, 0.080657, 0.080657, 0.080657, 0.080657, 0.080657, 0.080657, 0.080657, 0.080657, 0.080657, 0.080657, 0.080657, 0.080657, 0.080657, 0.080657, 0.080657, 0.080657, 0.080657, 0.080657, 0.080657, 0.080657, 0.080657, 0.080657, 0.080657, 0.080657, 0.080657, 0.080657, 0.080657, 0.080657, 0.080657, 0.080657, 0.080657, 0.080657, 0.080657, 0.080657, 0.080657, 0.080657, 0.080657, 0.080657, 0.080657, 0.080657, 0.080657, 0.080657, 0.080657, 0.080657, 0.080657, 0.080657, 0.080657, 0.080657, 0.080657, 0.080657, 0.080657, 0.080657, 0.080657, 0.080657, 0.080657, 0.080657, 0.080657]
HLBPO Best Score: 6.980000e-02
HLBPO Best Pos: [-0.068547, 1.000000, 1.436380, 1.207201, -0.001145, -0.251385, 1.000000]
Curve: [0.069800, 0.069800, 0.069800, 0.069800, 0.069800, 0.069800, 0.069800, 0.069800, 0.069800, 0.069800, 0.069800, 0.069800, 0.069800, 0.069800, 0.069800, 0.069800, 0.069800, 0.069800, 0.069800, 0.069800, 0.069800, 0.069800, 0.069800, 0.069800, 0.069800, 0.069800, 0.069800, 0.069800, 0.069800, 0.069800, 0.069800, 0.069800, 0.069800, 0.069800, 0.069800, 0.069800, 0.069800, 0.069800, 0.069800, 0.069800, 0.069800, 0.069800, 0.069800, 0.069800, 0.069800, 0.069800, 0.069800, 0.069800, 0.069800, 0.069800, 0.069800, 0.069800, 0.069800, 0.069800, 0.069800, 0.069800, 0.069800, 0.069800, 0.069800, 0.069800, 0.069800, 0.069800, 0.069800, 0.069800, 0.069800, 0.069800, 0.069800, 0.069800, 0.069800, 0.069800, 0.069800, 0.069800, 0.069800, 0.069800, 0.069800, 0.069800, 0.069800, 0.069800, 0.069800, 0.069800, 0.069800, 0.069800, 0.069800, 0.069800, 0.069800, 0.069800, 0.069800, 0.069800, 0.069800, 0.069800, 0.069800, 0.069800, 0.069800, 0.069800, 0.069800, 0.069800, 0.069800, 0.069800, 0.069800, 0.069800]
