Curve: [0.121429, 0.083318, 0.054794, 0.054794, 0.054794, 0.054206, 0.054206, 0.054206, 0.054206, 0.054206, 0.054206, 0.054206, 0.054206, 0.054206, 0.054206, 0.054206, 0.054206, 0.054206, 0.054206, 0.054206, 0.054206, 0.054206, 0.054206, 0.054206, 0.054206, 0.054206, 0.054206, 0.054206, 0.054206, 0.054206, 0.054206, 0.054206, 0.054206, 0.054206, 0.054206, 0.054206, 0.054206, 0.054206, 0.054206, 0.054206, 0.054206, 0.053618, 0.053618, 0.053618, 0.053618, 0.053618, 0.053618, 0.053618, 0.043718, 0.043718, 0.043718, 0.043718, 0.043718, 0.043718, 0.043718, 0.043718, 0.043718, 0.043718, 0.043718, 0.043718, 0.043718, 0.043718, 0.043718, 0.043718, 0.043718, 0.043718, 0.043718, 0.043718, 0.043718, 0.043718, 0.043718, 0.043718, 0.043718, 0.043718, 0.043718, 0.043718, 0.043718, 0.043718, 0.043718, 0.043718, 0.043718, 0.043718, 0.043718, 0.043718, 0.043718, 0.043718, 0.043718, 0.043718, 0.043718, 0.043718, 0.043718, 0.043718, 0.043718, 0.043718, 0.043718, 0.043718, 0.043718, 0.043718, 0.043718, 0.043718]
Run 1
BPO Best Score: 6.202941e-02
BPO Best Pos: [-0.000000, 0.000000, 1.000000, 0.000000, 1.000000, 1.000000, 1.000000, -0.000000, -0.000000, 1.000000, 1.000000, -0.000000, 0.000000, 0.000000, 1.000000, 1.000000, 1.000000]
Curve: [0.074594, 0.074594, 0.074594, 0.074594, 0.074594, 0.074594, 0.074594, 0.074594, 0.074594, 0.074594, 0.074594, 0.074594, 0.074594, 0.074594, 0.074594, 0.074594, 0.074594, 0.074594, 0.074594, 0.074594, 0.074594, 0.074594, 0.074594, 0.074594, 0.074594, 0.074594, 0.074594, 0.074594, 0.074594, 0.074594, 0.074594, 0.074594, 0.074594, 0.074594, 0.074594, 0.074594, 0.074594, 0.074594, 0.074594, 0.074594, 0.074594, 0.074594, 0.074594, 0.074594, 0.074594, 0.074594, 0.074594, 0.074594, 0.074594, 0.074594, 0.074594, 0.074594, 0.074594, 0.074594, 0.074594, 0.074594, 0.074594, 0.074594, 0.074594, 0.074594, 0.074594, 0.074594, 0.074594, 0.074594, 0.074594, 0.074594, 0.074594, 0.074594, 0.074594, 0.074594, 0.074594, 0.074594, 0.074594, 0.074594, 0.074594, 0.062029, 0.062029, 0.062029, 0.062029, 0.062029, 0.062029, 0.062029, 0.062029, 0.062029, 0.062029, 0.062029, 0.062029, 0.062029, 0.062029, 0.062029, 0.062029, 0.062029, 0.062029, 0.062029, 0.062029, 0.062029, 0.062029, 0.062029, 0.062029, 0.062029]
HLBPO Best Score: 6.320588e-02
HLBPO Best Pos: [0.000000, 0.000000, 1.000000, 1.000000, 0.000000, 1.000000, 1.000000, 0.000000, 0.000000, 1.000000, 1.000000, 0.000000, 1.000000, 0.000000, 1.000000, 0.000000, 0.000000]
Curve: [0.063206, 0.063206, 0.063206, 0.063206, 0.063206, 0.063206, 0.063206, 0.063206, 0.063206, 0.063206, 0.063206, 0.063206, 0.063206, 0.063206, 0.063206, 0.063206, 0.063206, 0.063206, 0.063206, 0.063206, 0.063206, 0.063206, 0.063206, 0.063206, 0.063206, 0.063206, 0.063206, 0.063206, 0.063206, 0.063206, 0.063206, 0.063206, 0.063206, 0.063206, 0.063206, 0.063206, 0.063206, 0.063206, 0.063206, 0.063206, 0.063206, 0.063206, 0.063206, 0.063206, 0.063206, 0.063206, 0.063206, 0.063206, 0.063206, 0.063206, 0.063206, 0.063206, 0.063206, 0.063206, 0.063206, 0.063206, 0.063206, 0.063206, 0.063206, 0.063206, 0.063206, 0.063206, 0.063206, 0.063206, 0.063206, 0.063206, 0.063206, 0.063206, 0.063206, 0.063206, 0.063206, 0.063206, 0.063206, 0.063206, 0.063206, 0.063206, 0.063206, 0.063206, 0.063206, 0.063206, 0.063206, 0.063206, 0.063206, 0.063206, 0.063206, 0.063206, 0.063206, 0.063206, 0.063206, 0.063206, 0.063206, 0.063206, 0.063206, 0.063206, 0.063206, 0.063206, 0.063206, 0.063206, 0.063206, 0.063206]
Run 2
BPO Best Score: 6.410588e-02
BPO Best Pos: [0.000000, 1.000000, 1.000000, 1.000000, 1.000000, 0.000000, 1.000000, -0.000000, -0.000000, 1.000000, 1.000000, 0.000000, 1.000000, 0.000000, 0.000000, 1.000000, 1.000000]
Curve: [0.065282, 0.065282, 0.065282, 0.065282, 0.065282, 0.065282, 0.065282, 0.065282, 0.065282, 0.065282, 0.065282, 0.065282, 0.065282, 0.065282, 0.065282, 0.065282, 0.065282, 0.065282, 0.065282, 0.065282, 0.065282, 0.065282, 0.065282, 0.065282, 0.065282, 0.065282, 0.065282, 0.065282, 0.065282, 0.065282, 0.065282, 0.065282, 0.065282, 0.065282, 0.065282, 0.065282, 0.065282, 0.065282, 0.065282, 0.065282, 0.065282, 0.065282, 0.065282, 0.065282, 0.065282, 0.065282, 0.065282, 0.065282, 0.065282, 0.065282, 0.065282, 0.065282, 0.065282, 0.065282, 0.065282, 0.065282, 0.065282, 0.065282, 0.065282, 0.065282, 0.065282, 0.065282, 0.064106, 0.064106, 0.064106, 0.064106, 0.064106, 0.064106, 0.064106, 0.064106, 0.064106, 0.064106, 0.064106, 0.064106, 0.064106, 0.064106, 0.064106, 0.064106, 0.064106, 0.064106, 0.064106, 0.064106, 0.064106, 0.064106, 0.064106, 0.064106, 0.064106, 0.064106, 0.064106, 0.064106, 0.064106, 0.064106, 0.064106, 0.064106, 0.064106, 0.064106, 0.064106, 0.064106, 0.064106, 0.064106]
HLBPO Best Score: 8.124118e-02
HLBPO Best Pos: [-0.209195, 0.899516, 1.000000, 0.357183, 1.000000, 0.704004, 0.000000, 0.000000, 0.424991, -0.247741, 1.000000, 1.000000, 0.344018, 0.637745, 1.000000, 0.946360, 0.997247]
Curve: [0.104294, 0.081241, 0.081241, 0.081241, 0.081241, 0.081241, 0.081241, 0.081241, 0.081241, 0.081241, 0.081241, 0.081241, 0.081241, 0.081241, 0.081241, 0.081241, 0.081241, 0.081241, 0.081241, 0.081241, 0.081241, 0.081241, 0.081241, 0.081241, 0.081241, 0.081241, 0.081241, 0.081241, 0.081241, 0.081241, 0.081241, 0.081241, 0.081241, 0.081241, 0.081241, 0.081241, 0.081241, 0.081241, 0.081241, 0.081241, 0.081241, 0.081241, 0.081241, 0.081241, 0.081241, 0.081241, 0.081241, 0.081241, 0.081241, 0.081241, 0.081241, 0.081241, 0.081241, 0.081241, 0.081241, 0.081241, 0.081241, 0.081241, 0.081241, 0.081241, 0.081241, 0.081241, 0.081241, 0.081241, 0.081241, 0.081241, 0.081241, 0.081241, 0.081241, 0.081241, 0.081241, 0.081241, 0.081241, 0.081241, 0.081241, 0.081241, 0.081241, 0.081241, 0.081241, 0.081241, 0.081241, 0.081241, 0.081241, 0.081241, 0.081241, 0.081241, 0.081241, 0.081241, 0.081241, 0.081241, 0.081241, 0.081241, 0.081241, 0.081241, 0.081241, 0.081241, 0.081241, 0.081241, 0.081241, 0.081241]
Run 3
BPO Best Score: 1.118412e-01
BPO Best Pos: [0.000000, 1.000000, 0.000000, 0.000000, 1.000000, 1.000000, 0.000000, 0.000000, 0.000000, 1.000000, 0.000000, 0.000000, 0.000000, 1.000000, 0.000000, 0.000000, 0.000000]
Curve: [0.111841, 0.111841, 0.111841, 0.111841, 0.111841, 0.111841, 0.111841, 0.111841, 0.111841, 0.111841, 0.111841, 0.111841, 0.111841, 0.111841, 0.111841, 0.111841, 0.111841, 0.111841, 0.111841, 0.111841, 0.111841, 0.111841, 0.111841, 0.111841, 0.111841, 0.111841, 0.111841, 0.111841, 0.111841, 0.111841, 0.111841, 0.111841, 0.111841, 0.111841, 0.111841, 0.111841, 0.111841, 0.111841, 0.111841, 0.111841, 0.111841, 0.111841, 0.111841, 0.111841, 0.111841, 0.111841, 0.111841, 0.111841, 0.111841, 0.111841, 0.111841, 0.111841, 0.111841, 0.111841, 0.111841, 0.111841, 0.111841, 0.111841, 0.111841, 0.111841, 0.111841, 0.111841, 0.111841, 0.111841, 0.111841, 0.111841, 0.111841, 0.111841, 0.111841, 0.111841, 0.111841, 0.111841, 0.111841, 0.111841, 0.111841, 0.111841, 0.111841, 0.111841, 0.111841, 0.111841, 0.111841, 0.111841, 0.111841, 0.111841, 0.111841, 0.111841, 0.111841, 0.111841, 0.111841, 0.111841, 0.111841, 0.111841, 0.111841, 0.111841, 0.111841, 0.111841, 0.111841, 0.111841, 0.111841, 0.111841]
HLBPO Best Score: 6.410588e-02
HLBPO Best Pos: [0.000000, 0.000000, 1.000000, 1.000000, 0.000000, 1.000000, 0.000000, 1.000000, 1.000000, 0.000000, 1.000000, 0.000000, 0.000000, 0.000000, 1.000000, 0.000000, 1.000000]
Curve: [0.064106, 0.064106, 0.064106, 0.064106, 0.064106, 0.064106, 0.064106, 0.064106, 0.064106, 0.064106, 0.064106, 0.064106, 0.064106, 0.064106, 0.064106, 0.064106, 0.064106, 0.064106, 0.064106, 0.064106, 0.064106, 0.064106, 0.064106, 0.064106, 0.064106, 0.064106, 0.064106, 0.064106, 0.064106, 0.064106, 0.064106, 0.064106, 0.064106, 0.064106, 0.064106, 0.064106, 0.064106, 0.064106, 0.064106, 0.064106, 0.064106, 0.064106, 0.064106, 0.064106, 0.064106, 0.064106, 0.064106, 0.064106, 0.064106, 0.064106, 0.064106, 0.064106, 0.064106, 0.064106, 0.064106, 0.064106, 0.064106, 0.064106, 0.064106, 0.064106, 0.064106, 0.064106, 0.064106, 0.064106, 0.064106, 0.064106, 0.064106, 0.064106, 0.064106, 0.064106, 0.064106, 0.064106, 0.064106, 0.064106, 0.064106, 0.064106, 0.064106, 0.064106, 0.064106, 0.064106, 0.064106, 0.064106, 0.064106, 0.064106, 0.064106, 0.064106, 0.064106, 0.064106, 0.064106, 0.064106, 0.064106, 0.064106, 0.064106, 0.064106, 0.064106, 0.064106, 0.064106, 0.064106, 0.064106, 0.064106]
Run 4
BPO Best Score: 7.134118e-02
BPO Best Pos: [-0.000000, 1.000000, 0.000000, 1.000000, 1.000000, 1.000000, 1.000000, 1.000000, 1.000000, -0.000000, 1.000000, -0.000000, 0.000000, 0.000000, 1.000000, 1.000000, 0.000000]
Curve: [0.075182, 0.075182, 0.075182, 0.075182, 0.075182, 0.075182, 0.075182, 0.075182, 0.075182, 0.075182, 0.075182, 0.075182, 0.075182, 0.075182, 0.075182, 0.075182, 0.075182, 0.075182, 0.075182, 0.075182, 0.075182, 0.075182, 0.075182, 0.075182, 0.075182, 0.075182, 0.075182, 0.075182, 0.075182, 0.075182, 0.075182, 0.075182, 0.075182, 0.075182, 0.075182, 0.075182, 0.075182, 0.075182, 0.075182, 0.075182, 0.075182, 0.075182, 0.075182, 0.075182, 0.075182, 0.075182, 0.075182, 0.075182, 0.075182, 0.075182, 0.075182, 0.075182, 0.075182, 0.075182, 0.075182, 0.075182, 0.075182, 0.075182, 0.075182, 0.075182, 0.075182, 0.075182, 0.075182, 0.075182, 0.075182, 0.075182, 0.075182, 0.075182, 0.075182, 0.075182, 0.075182, 0.075182, 0.075182, 0.075182, 0.071929, 0.071929, 0.071929, 0.071929, 0.071929, 0.071929, 0.071929, 0.071929, 0.071929, 0.071929, 0.071929, 0.071929, 0.071341, 0.071341, 0.071341, 0.071341, 0.071341, 0.071341, 0.071341, 0.071341, 0.071341, 0.071341, 0.071341, 0.071341, 0.071341, 0.071341]
HLBPO Best Score: 7.577059e-02
HLBPO Best Pos: [0.000000, 1.000000, 1.000000, 1.000000, 1.000000, 0.000000, 1.000000, 0.000000, 1.000000, 1.000000, 1.000000, 1.000000, 0.000000, 0.000000, 1.000000, 1.000000, 0.000000]
Curve: [0.075771, 0.075771, 0.075771, 0.075771, 0.075771, 0.075771, 0.075771, 0.075771, 0.075771, 0.075771, 0.075771, 0.075771, 0.075771, 0.075771, 0.075771, 0.075771, 0.075771, 0.075771, 0.075771, 0.075771, 0.075771, 0.075771, 0.075771, 0.075771, 0.075771, 0.075771, 0.075771, 0.075771, 0.075771, 0.075771, 0.075771, 0.075771, 0.075771, 0.075771, 0.075771, 0.075771, 0.075771, 0.075771, 0.075771, 0.075771, 0.075771, 0.075771, 0.075771, 0.075771, 0.075771, 0.075771, 0.075771, 0.075771, 0.075771, 0.075771, 0.075771, 0.075771, 0.075771, 0.075771, 0.075771, 0.075771, 0.075771, 0.075771, 0.075771, 0.075771, 0.075771, 0.075771, 0.075771, 0.075771, 0.075771, 0.075771, 0.075771, 0.075771, 0.075771, 0.075771, 0.075771, 0.075771, 0.075771, 0.075771, 0.075771, 0.075771, 0.075771, 0.075771, 0.075771, 0.075771, 0.075771, 0.075771, 0.075771, 0.075771, 0.075771, 0.075771, 0.075771, 0.075771, 0.075771, 0.075771, 0.075771, 0.075771, 0.075771, 0.075771, 0.075771, 0.075771, 0.075771, 0.075771, 0.075771, 0.075771]
Run 5
BPO Best Score: 5.597059e-02
BPO Best Pos: [0.000000, 1.000000, 1.000000, 1.000000, 1.000000, 1.000000, 1.000000, 0.000000, 1.000000, 1.000000, 1.000000, 0.000000, 1.000000, 0.000000, 1.000000, 0.000000, 0.000000]
Curve: [0.055971, 0.055971, 0.055971, 0.055971, 0.055971, 0.055971, 0.055971, 0.055971, 0.055971, 0.055971, 0.055971, 0.055971, 0.055971, 0.055971, 0.055971, 0.055971, 0.055971, 0.055971, 0.055971, 0.055971, 0.055971, 0.055971, 0.055971, 0.055971, 0.055971, 0.055971, 0.055971, 0.055971, 0.055971, 0.055971, 0.055971, 0.055971, 0.055971, 0.055971, 0.055971, 0.055971, 0.055971, 0.055971, 0.055971, 0.055971, 0.055971, 0.055971, 0.055971, 0.055971, 0.055971, 0.055971, 0.055971, 0.055971, 0.055971, 0.055971, 0.055971, 0.055971, 0.055971, 0.055971, 0.055971, 0.055971, 0.055971, 0.055971, 0.055971, 0.055971, 0.055971, 0.055971, 0.055971, 0.055971, 0.055971, 0.055971, 0.055971, 0.055971, 0.055971, 0.055971, 0.055971, 0.055971, 0.055971, 0.055971, 0.055971, 0.055971, 0.055971, 0.055971, 0.055971, 0.055971, 0.055971, 0.055971, 0.055971, 0.055971, 0.055971, 0.055971, 0.055971, 0.055971, 0.055971, 0.055971, 0.055971, 0.055971, 0.055971, 0.055971, 0.055971, 0.055971, 0.055971, 0.055971, 0.055971, 0.055971]
HLBPO Best Score: 6.410588e-02
HLBPO Best Pos: [0.000000, 1.000000, 1.000000, 1.000000, 1.000000, 0.000000, 1.000000, 0.000000, 0.000000, 1.000000, 0.000000, 0.000000, 1.000000, 0.000000, 0.000000, 1.000000, 0.000000]
Curve: [0.064106, 0.064106, 0.064106, 0.064106, 0.064106, 0.064106, 0.064106, 0.064106, 0.064106, 0.064106, 0.064106, 0.064106, 0.064106, 0.064106, 0.064106, 0.064106, 0.064106, 0.064106, 0.064106, 0.064106, 0.064106, 0.064106, 0.064106, 0.064106, 0.064106, 0.064106, 0.064106, 0.064106, 0.064106, 0.064106, 0.064106, 0.064106, 0.064106, 0.064106, 0.064106, 0.064106, 0.064106, 0.064106, 0.064106, 0.064106, 0.064106, 0.064106, 0.064106, 0.064106, 0.064106, 0.064106, 0.064106, 0.064106, 0.064106, 0.064106, 0.064106, 0.064106, 0.064106, 0.064106, 0.064106, 0.064106, 0.064106, 0.064106, 0.064106, 0.064106, 0.064106, 0.064106, 0.064106, 0.064106, 0.064106, 0.064106, 0.064106, 0.064106, 0.064106, 0.064106, 0.064106, 0.064106, 0.064106, 0.064106, 0.064106, 0.064106, 0.064106, 0.064106, 0.064106, 0.064106, 0.064106, 0.064106, 0.064106, 0.064106, 0.064106, 0.064106, 0.064106, 0.064106, 0.064106, 0.064106, 0.064106, 0.064106, 0.064106, 0.064106, 0.064106, 0.064106, 0.064106, 0.064106, 0.064106, 0.064106]
Run 6
BPO Best Score: 8.065294e-02
BPO Best Pos: [-0.000000, 0.000000, 0.000128, 0.000000, 1.000000, 1.000000, 1.000000, 1.000000, 1.000000, 1.000000, 1.000000, 1.000000, -0.000000, -0.000000, 1.000000, -0.000000, -0.000000]
Curve: [0.093494, 0.093494, 0.093494, 0.093494, 0.093494, 0.093494, 0.093494, 0.093494, 0.093494, 0.093494, 0.093494, 0.093494, 0.093494, 0.093494, 0.093494, 0.093494, 0.093494, 0.093494, 0.093494, 0.093494, 0.093494, 0.093494, 0.093494, 0.093494, 0.093494, 0.093494, 0.093494, 0.093494, 0.093494, 0.093494, 0.093494, 0.093494, 0.093494, 0.093494, 0.093494, 0.093494, 0.093494, 0.093494, 0.093494, 0.093494, 0.080653, 0.080653, 0.080653, 0.080653, 0.080653, 0.080653, 0.080653, 0.080653, 0.080653, 0.080653, 0.080653, 0.080653, 0.080653, 0.080653, 0.080653, 0.080653, 0.080653, 0.080653, 0.080653, 0.080653, 0.080653, 0.080653, 0.080653, 0.080653, 0.080653, 0.080653, 0.080653, 0.080653, 0.080653, 0.080653, 0.080653, 0.080653, 0.080653, 0.080653, 0.080653, 0.080653, 0.080653, 0.080653, 0.080653, 0.080653, 0.080653, 0.080653, 0.080653, 0.080653, 0.080653, 0.080653, 0.080653, 0.080653, 0.080653, 0.080653, 0.080653, 0.080653, 0.080653, 0.080653, 0.080653, 0.080653, 0.080653, 0.080653, 0.080653, 0.080653]
HLBPO Best Score: 6.410588e-02
HLBPO Best Pos: [0.000000, 0.000000, 1.000000, 0.000000, 1.000000, 1.000000, 1.000000, 0.000000, 0.000000, 0.000000, 1.000000, 0.000000, 1.000000, 0.000000, 1.000000, 1.000000, 0.000000]
Curve: [0.064106, 0.064106, 0.064106, 0.064106, 0.064106, 0.064106, 0.064106, 0.064106, 0.064106, 0.064106, 0.064106, 0.064106, 0.064106, 0.064106, 0.064106, 0.064106, 0.064106, 0.064106, 0.064106, 0.064106, 0.064106, 0.064106, 0.064106, 0.064106, 0.064106, 0.064106, 0.064106, 0.064106, 0.064106, 0.064106, 0.064106, 0.064106, 0.064106, 0.064106, 0.064106, 0.064106, 0.064106, 0.064106, 0.064106, 0.064106, 0.064106, 0.064106, 0.064106, 0.064106, 0.064106, 0.064106, 0.064106, 0.064106, 0.064106, 0.064106, 0.064106, 0.064106, 0.064106, 0.064106, 0.064106, 0.064106, 0.064106, 0.064106, 0.064106, 0.064106, 0.064106, 0.064106, 0.064106, 0.064106, 0.064106, 0.064106, 0.064106, 0.064106, 0.064106, 0.064106, 0.064106, 0.064106, 0.064106, 0.064106, 0.064106, 0.064106, 0.064106, 0.064106, 0.064106, 0.064106, 0.064106, 0.064106, 0.064106, 0.064106, 0.064106, 0.064106, 0.064106, 0.064106, 0.064106, 0.064106, 0.064106, 0.064106, 0.064106, 0.064106, 0.064106, 0.064106, 0.064106, 0.064106, 0.064106, 0.064106]
Run 7
BPO Best Score: 6.292941e-02
BPO Best Pos: [0.000000, -0.382965, -0.150698, 1.658402, 1.000000, 1.000000, 1.597751, 0.000000, 1.000000, 1.491383, 0.000000, 0.000000, 1.000000, 0.000000, 1.000000, 1.958890, 1.000000]
Curve: [0.062929, 0.062929, 0.062929, 0.062929, 0.062929, 0.062929, 0.062929, 0.062929, 0.062929, 0.062929, 0.062929, 0.062929, 0.062929, 0.062929, 0.062929, 0.062929, 0.062929, 0.062929, 0.062929, 0.062929, 0.062929, 0.062929, 0.062929, 0.062929, 0.062929, 0.062929, 0.062929, 0.062929, 0.062929, 0.062929, 0.062929, 0.062929, 0.062929, 0.062929, 0.062929, 0.062929, 0.062929, 0.062929, 0.062929, 0.062929, 0.062929, 0.062929, 0.062929, 0.062929, 0.062929, 0.062929, 0.062929, 0.062929, 0.062929, 0.062929, 0.062929, 0.062929, 0.062929, 0.062929, 0.062929, 0.062929, 0.062929, 0.062929, 0.062929, 0.062929, 0.062929, 0.062929, 0.062929, 0.062929, 0.062929, 0.062929, 0.062929, 0.062929, 0.062929, 0.062929, 0.062929, 0.062929, 0.062929, 0.062929, 0.062929, 0.062929, 0.062929, 0.062929, 0.062929, 0.062929, 0.062929, 0.062929, 0.062929, 0.062929, 0.062929, 0.062929, 0.062929, 0.062929, 0.062929, 0.062929, 0.062929, 0.062929, 0.062929, 0.062929, 0.062929, 0.062929, 0.062929, 0.062929, 0.062929, 0.062929]
HLBPO Best Score: 5.714706e-02
HLBPO Best Pos: [0.000000, 1.000000, 1.000000, 1.000000, 1.000000, 1.000000, 1.000000, 0.000000, 1.000000, 1.000000, 0.000000, 1.000000, 1.000000, 0.000000, 1.000000, 1.000000, 1.000000]
Curve: [0.057147, 0.057147, 0.057147, 0.057147, 0.057147, 0.057147, 0.057147, 0.057147, 0.057147, 0.057147, 0.057147, 0.057147, 0.057147, 0.057147, 0.057147, 0.057147, 0.057147, 0.057147, 0.057147, 0.057147, 0.057147, 0.057147, 0.057147, 0.057147, 0.057147, 0.057147, 0.057147, 0.057147, 0.057147, 0.057147, 0.057147, 0.057147, 0.057147, 0.057147, 0.057147, 0.057147, 0.057147, 0.057147, 0.057147, 0.057147, 0.057147, 0.057147, 0.057147, 0.057147, 0.057147, 0.057147, 0.057147, 0.057147, 0.057147, 0.057147, 0.057147, 0.057147, 0.057147, 0.057147, 0.057147, 0.057147, 0.057147, 0.057147, 0.057147, 0.057147, 0.057147, 0.057147, 0.057147, 0.057147, 0.057147, 0.057147, 0.057147, 0.057147, 0.057147, 0.057147, 0.057147, 0.057147, 0.057147, 0.057147, 0.057147, 0.057147, 0.057147, 0.057147, 0.057147, 0.057147, 0.057147, 0.057147, 0.057147, 0.057147, 0.057147, 0.057147, 0.057147, 0.057147, 0.057147, 0.057147, 0.057147, 0.057147, 0.057147, 0.057147, 0.057147, 0.057147, 0.057147, 0.057147, 0.057147, 0.057147]
Run 8
BPO Best Score: 6.410588e-02
BPO Best Pos: [0.000000, 1.000000, 1.000000, 0.000000, 1.000000, 1.000000, 1.000000, 0.000000, -0.000000, 1.000000, 1.000000, 0.000000, 0.000000, 0.000000, 1.000000, 0.000000, 1.000000]
Curve: [0.064694, 0.064694, 0.064694, 0.064694, 0.064694, 0.064694, 0.064694, 0.064694, 0.064694, 0.064694, 0.064694, 0.064694, 0.064694, 0.064694, 0.064694, 0.064694, 0.064694, 0.064694, 0.064694, 0.064694, 0.064694, 0.064694, 0.064694, 0.064694, 0.064694, 0.064694, 0.064694, 0.064694, 0.064694, 0.064694, 0.064694, 0.064694, 0.064694, 0.064694, 0.064694, 0.064694, 0.064694, 0.064694, 0.064694, 0.064694, 0.064694, 0.064694, 0.064694, 0.064694, 0.064694, 0.064694, 0.064694, 0.064694, 0.064694, 0.064694, 0.064694, 0.064694, 0.064694, 0.064694, 0.064694, 0.064694, 0.064694, 0.064694, 0.064694, 0.064694, 0.064694, 0.064694, 0.064694, 0.064694, 0.064694, 0.064694, 0.064694, 0.064694, 0.064694, 0.064694, 0.064694, 0.064694, 0.064694, 0.064106, 0.064106, 0.064106, 0.064106, 0.064106, 0.064106, 0.064106, 0.064106, 0.064106, 0.064106, 0.064106, 0.064106, 0.064106, 0.064106, 0.064106, 0.064106, 0.064106, 0.064106, 0.064106, 0.064106, 0.064106, 0.064106, 0.064106, 0.064106, 0.064106, 0.064106, 0.064106]
HLBPO Best Score: 9.055294e-02
HLBPO Best Pos: [0.000000, -0.543800, 1.201168, 1.000000, -0.192913, 1.979897, -0.222706, -0.104622, 1.000000, 1.000000, 1.000000, 0.002470, 1.055339, 1.047957, -0.479705, -0.986623, 1.965512]
Curve: [0.092318, 0.090553, 0.090553, 0.090553, 0.090553, 0.090553, 0.090553, 0.090553, 0.090553, 0.090553, 0.090553, 0.090553, 0.090553, 0.090553, 0.090553, 0.090553, 0.090553, 0.090553, 0.090553, 0.090553, 0.090553, 0.090553, 0.090553, 0.090553, 0.090553, 0.090553, 0.090553, 0.090553, 0.090553, 0.090553, 0.090553, 0.090553, 0.090553, 0.090553, 0.090553, 0.090553, 0.090553, 0.090553, 0.090553, 0.090553, 0.090553, 0.090553, 0.090553, 0.090553, 0.090553, 0.090553, 0.090553, 0.090553, 0.090553, 0.090553, 0.090553, 0.090553, 0.090553, 0.090553, 0.090553, 0.090553, 0.090553, 0.090553, 0.090553, 0.090553, 0.090553, 0.090553, 0.090553, 0.090553, 0.090553, 0.090553, 0.090553, 0.090553, 0.090553, 0.090553, 0.090553, 0.090553, 0.090553, 0.090553, 0.090553, 0.090553, 0.090553, 0.090553, 0.090553, 0.090553, 0.090553, 0.090553, 0.090553, 0.090553, 0.090553, 0.090553, 0.090553, 0.090553, 0.090553, 0.090553, 0.090553, 0.090553, 0.090553, 0.090553, 0.090553, 0.090553, 0.090553, 0.090553, 0.090553, 0.090553]
Run 9
BPO Best Score: 5.361765e-02
BPO Best Pos: [0.000000, -0.209991, 0.000000, 1.664920, 1.000000, 1.000000, 1.143670, 0.000000, 1.000000, 1.000000, 1.000000, -0.664288, 0.352226, 0.000000, 1.000000, 1.135453, 1.000000]
Curve: [0.053618, 0.053618, 0.053618, 0.053618, 0.053618, 0.053618, 0.053618, 0.053618, 0.053618, 0.053618, 0.053618, 0.053618, 0.053618, 0.053618, 0.053618, 0.053618, 0.053618, 0.053618, 0.053618, 0.053618, 0.053618, 0.053618, 0.053618, 0.053618, 0.053618, 0.053618, 0.053618, 0.053618, 0.053618, 0.053618, 0.053618, 0.053618, 0.053618, 0.053618, 0.053618, 0.053618, 0.053618, 0.053618, 0.053618, 0.053618, 0.053618, 0.053618, 0.053618, 0.053618, 0.053618, 0.053618, 0.053618, 0.053618, 0.053618, 0.053618, 0.053618, 0.053618, 0.053618, 0.053618, 0.053618, 0.053618, 0.053618, 0.053618, 0.053618, 0.053618, 0.053618, 0.053618, 0.053618, 0.053618, 0.053618, 0.053618, 0.053618, 0.053618, 0.053618, 0.053618, 0.053618, 0.053618, 0.053618, 0.053618, 0.053618, 0.053618, 0.053618, 0.053618, 0.053618, 0.053618, 0.053618, 0.053618, 0.053618, 0.053618, 0.053618, 0.053618, 0.053618, 0.053618, 0.053618, 0.053618, 0.053618, 0.053618, 0.053618, 0.053618, 0.053618, 0.053618, 0.053618, 0.053618, 0.053618, 0.053618]
HLBPO Best Score: 7.459412e-02
HLBPO Best Pos: [0.000000, 1.000000, 1.000000, 1.000000, 0.000000, 0.000000, 1.000000, 0.000000, 1.000000, 0.000000, 1.000000, 0.000000, 0.000000, 0.000000, 1.000000, 1.000000, 1.000000]
Curve: [0.074594, 0.074594, 0.074594, 0.074594, 0.074594, 0.074594, 0.074594, 0.074594, 0.074594, 0.074594, 0.074594, 0.074594, 0.074594, 0.074594, 0.074594, 0.074594, 0.074594, 0.074594, 0.074594, 0.074594, 0.074594, 0.074594, 0.074594, 0.074594, 0.074594, 0.074594, 0.074594, 0.074594, 0.074594, 0.074594, 0.074594, 0.074594, 0.074594, 0.074594, 0.074594, 0.074594, 0.074594, 0.074594, 0.074594, 0.074594, 0.074594, 0.074594, 0.074594, 0.074594, 0.074594, 0.074594, 0.074594, 0.074594, 0.074594, 0.074594, 0.074594, 0.074594, 0.074594, 0.074594, 0.074594, 0.074594, 0.074594, 0.074594, 0.074594, 0.074594, 0.074594, 0.074594, 0.074594, 0.074594, 0.074594, 0.074594, 0.074594, 0.074594, 0.074594, 0.074594, 0.074594, 0.074594, 0.074594, 0.074594, 0.074594, 0.074594, 0.074594, 0.074594, 0.074594, 0.074594, 0.074594, 0.074594, 0.074594, 0.074594, 0.074594, 0.074594, 0.074594, 0.074594, 0.074594, 0.074594, 0.074594, 0.074594, 0.074594, 0.074594, 0.074594, 0.074594, 0.074594, 0.074594, 0.074594, 0.074594]
Run 10
BPO Best Score: 6.292941e-02
BPO Best Pos: [-0.000000, 0.000000, -0.000000, 1.000000, 1.000000, 1.000000, -0.000000, -0.000000, 1.000000, -0.000000, 1.000000, -0.000000, 0.000000, 0.000000, 1.000000, 1.000000, 1.000000]
Curve: [0.064106, 0.064106, 0.064106, 0.064106, 0.064106, 0.064106, 0.064106, 0.064106, 0.064106, 0.064106, 0.064106, 0.064106, 0.064106, 0.064106, 0.064106, 0.064106, 0.064106, 0.064106, 0.064106, 0.064106, 0.064106, 0.064106, 0.064106, 0.064106, 0.064106, 0.064106, 0.064106, 0.064106, 0.064106, 0.064106, 0.064106, 0.064106, 0.064106, 0.064106, 0.064106, 0.064106, 0.064106, 0.064106, 0.064106, 0.064106, 0.064106, 0.064106, 0.064106, 0.064106, 0.064106, 0.064106, 0.064106, 0.064106, 0.064106, 0.064106, 0.064106, 0.064106, 0.064106, 0.064106, 0.064106, 0.064106, 0.064106, 0.064106, 0.064106, 0.064106, 0.064106, 0.064106, 0.064106, 0.064106, 0.064106, 0.064106, 0.064106, 0.064106, 0.064106, 0.063518, 0.063518, 0.063518, 0.063518, 0.063518, 0.063518, 0.063518, 0.063518, 0.063518, 0.063518, 0.063518, 0.063518, 0.063518, 0.063518, 0.063518, 0.063518, 0.063518, 0.063518, 0.063518, 0.063518, 0.063518, 0.063518, 0.063518, 0.063518, 0.062929, 0.062929, 0.062929, 0.062929, 0.062929, 0.062929, 0.062929]
HLBPO Best Score: 6.292941e-02
HLBPO Best Pos: [0.000000, 0.000000, 1.000000, 1.231966, 1.000000, 0.000000, 1.000000, 0.756986, 0.775350, 1.000000, 1.000000, 1.103508, 1.002373, 0.000000, 1.000000, 0.000000, 0.000000]
Curve: [0.074594, 0.062929, 0.062929, 0.062929, 0.062929, 0.062929, 0.062929, 0.062929, 0.062929, 0.062929, 0.062929, 0.062929, 0.062929, 0.062929, 0.062929, 0.062929, 0.062929, 0.062929, 0.062929, 0.062929, 0.062929, 0.062929, 0.062929, 0.062929, 0.062929, 0.062929, 0.062929, 0.062929, 0.062929, 0.062929, 0.062929, 0.062929, 0.062929, 0.062929, 0.062929, 0.062929, 0.062929, 0.062929, 0.062929, 0.062929, 0.062929, 0.062929, 0.062929, 0.062929, 0.062929, 0.062929, 0.062929, 0.062929, 0.062929, 0.062929, 0.062929, 0.062929, 0.062929, 0.062929, 0.062929, 0.062929, 0.062929, 0.062929, 0.062929, 0.062929, 0.062929, 0.062929, 0.062929, 0.062929, 0.062929, 0.062929, 0.062929, 0.062929, 0.062929, 0.062929, 0.062929, 0.062929, 0.062929, 0.062929, 0.062929, 0.062929, 0.062929, 0.062929, 0.062929, 0.062929, 0.062929, 0.062929, 0.062929, 0.062929, 0.062929, 0.062929, 0.062929, 0.062929, 0.062929, 0.062929, 0.062929, 0.062929, 0.062929, 0.062929, 0.062929, 0.062929, 0.062929, 0.062929, 0.062929, 0.062929]
