Curve: [0.036200, 0.031069, 0.031069, 0.030629, 0.030629, 0.028467, 0.027659, 0.027659, 0.023336, 0.023336, 0.023336, 0.023336, 0.022453, 0.022453, 0.022453, 0.022453, 0.022453, 0.022453, 0.022453, 0.022453, 0.022453, 0.022453, 0.022453, 0.022453, 0.022453, 0.022453, 0.022453, 0.021791, 0.021791, 0.021791, 0.021791, 0.021791, 0.021791, 0.021791, 0.021791, 0.021791, 0.021791, 0.021791, 0.021791, 0.021277, 0.021277, 0.021277, 0.019998, 0.019998, 0.019998, 0.019998, 0.019703, 0.019703, 0.019703, 0.019703, 0.019703, 0.019703, 0.019409, 0.019409, 0.019115, 0.019115, 0.019115, 0.019115, 0.018821, 0.018821, 0.018821, 0.018821, 0.018821, 0.018821, 0.018821, 0.018821, 0.018821, 0.018821, 0.018821, 0.018821, 0.018821, 0.018821, 0.018821, 0.018821, 0.018821, 0.018821, 0.018821, 0.018821, 0.018821, 0.018821, 0.018821, 0.018821, 0.018821, 0.018821, 0.018821, 0.018821, 0.018821, 0.018821, 0.018821, 0.018821, 0.018821, 0.018821, 0.018821, 0.018821, 0.018821, 0.018821, 0.018821, 0.018821, 0.018821, 0.018821]
Run 1
BPO Best Score: 4.327067e-02
BPO Best Pos: [0.000000, 1.000000, 1.000000, 0.000000, 1.000000, 1.000000, 0.000000, 1.000000, 0.000000, 1.000000, 1.000000, 0.000000, 1.000000, 0.000000, 1.000000, 1.000000, 1.000000, 0.000000, 1.000000, 0.000000, 1.000000, 0.000000, 1.000000, 1.000000, 0.000000, 0.000000, 0.000000, 1.000000, 1.000000, 0.000000, 1.000000, 1.000000, 0.000000, 0.000000]
Curve: [0.043271, 0.043271, 0.043271, 0.043271, 0.043271, 0.043271, 0.043271, 0.043271, 0.043271, 0.043271, 0.043271, 0.043271, 0.043271, 0.043271, 0.043271, 0.043271, 0.043271, 0.043271, 0.043271, 0.043271, 0.043271, 0.043271, 0.043271, 0.043271, 0.043271, 0.043271, 0.043271, 0.043271, 0.043271, 0.043271, 0.043271, 0.043271, 0.043271, 0.043271, 0.043271, 0.043271, 0.043271, 0.043271, 0.043271, 0.043271, 0.043271, 0.043271, 0.043271, 0.043271, 0.043271, 0.043271, 0.043271, 0.043271, 0.043271, 0.043271, 0.043271, 0.043271, 0.043271, 0.043271, 0.043271, 0.043271, 0.043271, 0.043271, 0.043271, 0.043271, 0.043271, 0.043271, 0.043271, 0.043271, 0.043271, 0.043271, 0.043271, 0.043271, 0.043271, 0.043271, 0.043271, 0.043271, 0.043271, 0.043271, 0.043271, 0.043271, 0.043271, 0.043271, 0.043271, 0.043271, 0.043271, 0.043271, 0.043271, 0.043271, 0.043271, 0.043271, 0.043271, 0.043271, 0.043271, 0.043271, 0.043271, 0.043271, 0.043271, 0.043271, 0.043271, 0.043271, 0.043271, 0.043271, 0.043271, 0.043271]
HLBPO Best Score: 3.539229e-02
HLBPO Best Pos: [1.000000, 1.000000, 0.000000, 0.000000, 1.000000, 1.000000, 1.000000, 1.000000, 1.000000, 0.000000, 0.000000, 0.000000, 0.000000, 0.000000, 1.000000, 0.000000, 1.000000, 1.000000, 1.000000, 1.000000, 1.000000, 1.000000, 1.000000, 0.000000, 0.000000, 1.000000, 0.000000, 1.000000, 1.000000, 0.000000, 1.000000, 0.000000, 0.000000, 0.000000]
Curve: [0.035392, 0.035392, 0.035392, 0.035392, 0.035392, 0.035392, 0.035392, 0.035392, 0.035392, 0.035392, 0.035392, 0.035392, 0.035392, 0.035392, 0.035392, 0.035392, 0.035392, 0.035392, 0.035392, 0.035392, 0.035392, 0.035392, 0.035392, 0.035392, 0.035392, 0.035392, 0.035392, 0.035392, 0.035392, 0.035392, 0.035392, 0.035392, 0.035392, 0.035392, 0.035392, 0.035392, 0.035392, 0.035392, 0.035392, 0.035392, 0.035392, 0.035392, 0.035392, 0.035392, 0.035392, 0.035392, 0.035392, 0.035392, 0.035392, 0.035392, 0.035392, 0.035392, 0.035392, 0.035392, 0.035392, 0.035392, 0.035392, 0.035392, 0.035392, 0.035392, 0.035392, 0.035392, 0.035392, 0.035392, 0.035392, 0.035392, 0.035392, 0.035392, 0.035392, 0.035392, 0.035392, 0.035392, 0.035392, 0.035392, 0.035392, 0.035392, 0.035392, 0.035392, 0.035392, 0.035392, 0.035392, 0.035392, 0.035392, 0.035392, 0.035392, 0.035392, 0.035392, 0.035392, 0.035392, 0.035392, 0.035392, 0.035392, 0.035392, 0.035392, 0.035392, 0.035392, 0.035392, 0.035392, 0.035392, 0.035392]
Run 2
BPO Best Score: 3.799364e-02
BPO Best Pos: [1.000000, 1.000000, 1.000000, 1.000000, 1.000000, 1.000000, 0.000000, 1.000000, 0.000000, 0.000000, 0.000000, 1.000000, 1.000000, 0.000000, 1.000000, 0.000000, 1.000000, 0.000000, 1.000000, 1.000000, 0.000000, 0.000000, 1.000000, 0.000000, 1.000000, 0.000000, 1.000000, 1.000000, 0.000000, 0.000000, 1.000000, 1.000000, 0.000000, 0.000000]
Curve: [0.037994, 0.037994, 0.037994, 0.037994, 0.037994, 0.037994, 0.037994, 0.037994, 0.037994, 0.037994, 0.037994, 0.037994, 0.037994, 0.037994, 0.037994, 0.037994, 0.037994, 0.037994, 0.037994, 0.037994, 0.037994, 0.037994, 0.037994, 0.037994, 0.037994, 0.037994, 0.037994, 0.037994, 0.037994, 0.037994, 0.037994, 0.037994, 0.037994, 0.037994, 0.037994, 0.037994, 0.037994, 0.037994, 0.037994, 0.037994, 0.037994, 0.037994, 0.037994, 0.037994, 0.037994, 0.037994, 0.037994, 0.037994, 0.037994, 0.037994, 0.037994, 0.037994, 0.037994, 0.037994, 0.037994, 0.037994, 0.037994, 0.037994, 0.037994, 0.037994, 0.037994, 0.037994, 0.037994, 0.037994, 0.037994, 0.037994, 0.037994, 0.037994, 0.037994, 0.037994, 0.037994, 0.037994, 0.037994, 0.037994, 0.037994, 0.037994, 0.037994, 0.037994, 0.037994, 0.037994, 0.037994, 0.037994, 0.037994, 0.037994, 0.037994, 0.037994, 0.037994, 0.037994, 0.037994, 0.037994, 0.037994, 0.037994, 0.037994, 0.037994, 0.037994, 0.037994, 0.037994, 0.037994, 0.037994, 0.037994]
HLBPO Best Score: 3.708267e-02
HLBPO Best Pos: [0.000000, 0.000000, 1.000000, 1.000000, 1.000000, 1.000000, 1.000000, 1.000000, 1.000000, 1.000000, 0.000000, 1.000000, 1.000000, 1.000000, 1.000000, 1.000000, 1.000000, 1.000000, 0.000000, 1.000000, 1.000000, 0.000000, 1.000000, 1.000000, 1.000000, 1.000000, 1.000000, 0.000000, 1.000000, 0.000000, 1.000000, 0.000000, 1.000000, 0.000000]
Curve: [0.037083, 0.037083, 0.037083, 0.037083, 0.037083, 0.037083, 0.037083, 0.037083, 0.037083, 0.037083, 0.037083, 0.037083, 0.037083, 0.037083, 0.037083, 0.037083, 0.037083, 0.037083, 0.037083, 0.037083, 0.037083, 0.037083, 0.037083, 0.037083, 0.037083, 0.037083, 0.037083, 0.037083, 0.037083, 0.037083, 0.037083, 0.037083, 0.037083, 0.037083, 0.037083, 0.037083, 0.037083, 0.037083, 0.037083, 0.037083, 0.037083, 0.037083, 0.037083, 0.037083, 0.037083, 0.037083, 0.037083, 0.037083, 0.037083, 0.037083, 0.037083, 0.037083, 0.037083, 0.037083, 0.037083, 0.037083, 0.037083, 0.037083, 0.037083, 0.037083, 0.037083, 0.037083, 0.037083, 0.037083, 0.037083, 0.037083, 0.037083, 0.037083, 0.037083, 0.037083, 0.037083, 0.037083, 0.037083, 0.037083, 0.037083, 0.037083, 0.037083, 0.037083, 0.037083, 0.037083, 0.037083, 0.037083, 0.037083, 0.037083, 0.037083, 0.037083, 0.037083, 0.037083, 0.037083, 0.037083, 0.037083, 0.037083, 0.037083, 0.037083, 0.037083, 0.037083, 0.037083, 0.037083, 0.037083, 0.037083]
Run 3
BPO Best Score: 2.454094e-02
BPO Best Pos: [0.000000, 1.000000, 1.000000, 1.000000, 1.000000, 0.000000, 1.000000, 0.000000, 1.000000, 1.000000, 0.000000, 0.000000, 0.000000, 1.000000, 0.000000, 0.000000, 1.000000, 1.000000, 0.000000, 1.000000, 1.000000, 1.000000, 0.000000, 0.000000, 1.000000, 1.000000, 0.000000, 1.000000, 1.000000, 1.000000, 1.000000, 0.000000, 0.000000, 0.000000]
Curve: [0.024541, 0.024541, 0.024541, 0.024541, 0.024541, 0.024541, 0.024541, 0.024541, 0.024541, 0.024541, 0.024541, 0.024541, 0.024541, 0.024541, 0.024541, 0.024541, 0.024541, 0.024541, 0.024541, 0.024541, 0.024541, 0.024541, 0.024541, 0.024541, 0.024541, 0.024541, 0.024541, 0.024541, 0.024541, 0.024541, 0.024541, 0.024541, 0.024541, 0.024541, 0.024541, 0.024541, 0.024541, 0.024541, 0.024541, 0.024541, 0.024541, 0.024541, 0.024541, 0.024541, 0.024541, 0.024541, 0.024541, 0.024541, 0.024541, 0.024541, 0.024541, 0.024541, 0.024541, 0.024541, 0.024541, 0.024541, 0.024541, 0.024541, 0.024541, 0.024541, 0.024541, 0.024541, 0.024541, 0.024541, 0.024541, 0.024541, 0.024541, 0.024541, 0.024541, 0.024541, 0.024541, 0.024541, 0.024541, 0.024541, 0.024541, 0.024541, 0.024541, 0.024541, 0.024541, 0.024541, 0.024541, 0.024541, 0.024541, 0.024541, 0.024541, 0.024541, 0.024541, 0.024541, 0.024541, 0.024541, 0.024541, 0.024541, 0.024541, 0.024541, 0.024541, 0.024541, 0.024541, 0.024541, 0.024541, 0.024541]
HLBPO Best Score: 2.490938e-02
HLBPO Best Pos: [1.000000, 1.000000, 0.000000, 1.000000, 1.000000, 0.000000, 1.000000, 1.000000, 0.000000, 1.000000, 1.000000, 1.000000, 1.000000, 1.000000, 1.000000, 0.000000, 0.000000, 0.000000, 1.000000, 1.000000, 0.000000, 0.000000, 0.000000, 1.000000, 0.000000, 1.000000, 1.000000, 1.000000, 1.000000, 1.000000, 0.000000, 0.000000, 0.000000, 0.000000]
Curve: [0.024909, 0.024909, 0.024909, 0.024909, 0.024909, 0.024909, 0.024909, 0.024909, 0.024909, 0.024909, 0.024909, 0.024909, 0.024909, 0.024909, 0.024909, 0.024909, 0.024909, 0.024909, 0.024909, 0.024909, 0.024909, 0.024909, 0.024909, 0.024909, 0.024909, 0.024909, 0.024909, 0.024909, 0.024909, 0.024909, 0.024909, 0.024909, 0.024909, 0.024909, 0.024909, 0.024909, 0.024909, 0.024909, 0.024909, 0.024909, 0.024909, 0.024909, 0.024909, 0.024909, 0.024909, 0.024909, 0.024909, 0.024909, 0.024909, 0.024909, 0.024909, 0.024909, 0.024909, 0.024909, 0.024909, 0.024909, 0.024909, 0.024909, 0.024909, 0.024909, 0.024909, 0.024909, 0.024909, 0.024909, 0.024909, 0.024909, 0.024909, 0.024909, 0.024909, 0.024909, 0.024909, 0.024909, 0.024909, 0.024909, 0.024909, 0.024909, 0.024909, 0.024909, 0.024909, 0.024909, 0.024909, 0.024909, 0.024909, 0.024909, 0.024909, 0.024909, 0.024909, 0.024909, 0.024909, 0.024909, 0.024909, 0.024909, 0.024909, 0.024909, 0.024909, 0.024909, 0.024909, 0.024909, 0.024909, 0.024909]
Run 4
BPO Best Score: 2.908426e-02
BPO Best Pos: [0.000000, 1.000000, 1.000000, 0.000000, 1.000000, 0.000000, 1.000000, 0.000000, 1.000000, 0.000000, 0.000000, 1.000000, 0.000000, 1.000000, 0.000000, 0.000000, 1.000000, 0.000000, 1.000000, 0.000000, 1.000000, 1.000000, 0.000000, 0.000000, 1.000000, 1.000000, 0.000000, 1.000000, 0.000000, 1.000000, 0.000000, 1.000000, 0.000000, 0.000000]
Curve: [0.029084, 0.029084, 0.029084, 0.029084, 0.029084, 0.029084, 0.029084, 0.029084, 0.029084, 0.029084, 0.029084, 0.029084, 0.029084, 0.029084, 0.029084, 0.029084, 0.029084, 0.029084, 0.029084, 0.029084, 0.029084, 0.029084, 0.029084, 0.029084, 0.029084, 0.029084, 0.029084, 0.029084, 0.029084, 0.029084, 0.029084, 0.029084, 0.029084, 0.029084, 0.029084, 0.029084, 0.029084, 0.029084, 0.029084, 0.029084, 0.029084, 0.029084, 0.029084, 0.029084, 0.029084, 0.029084, 0.029084, 0.029084, 0.029084, 0.029084, 0.029084, 0.029084, 0.029084, 0.029084, 0.029084, 0.029084, 0.029084, 0.029084, 0.029084, 0.029084, 0.029084, 0.029084, 0.029084, 0.029084, 0.029084, 0.029084, 0.029084, 0.029084, 0.029084, 0.029084, 0.029084, 0.029084, 0.029084, 0.029084, 0.029084, 0.029084, 0.029084, 0.029084, 0.029084, 0.029084, 0.029084, 0.029084, 0.029084, 0.029084, 0.029084, 0.029084, 0.029084, 0.029084, 0.029084, 0.029084, 0.029084, 0.029084, 0.029084, 0.029084, 0.029084, 0.029084, 0.029084, 0.029084, 0.029084, 0.029084]
HLBPO Best Score: 4.751987e-02
HLBPO Best Pos: [0.000000, 0.000000, 1.000000, 1.000000, 1.000000, 0.000000, 1.000000, 1.000000, 1.000000, 1.000000, 1.000000, 1.000000, 0.000000, 1.000000, 1.000000, 0.000000, 0.000000, 0.000000, 0.000000, 1.000000, 0.000000, 0.000000, 0.000000, 1.000000, 0.000000, 0.000000, 0.000000, 1.000000, 0.000000, 0.000000, 0.000000, 0.000000, 1.000000, 0.000000]
Curve: [0.047520, 0.047520, 0.047520, 0.047520, 0.047520, 0.047520, 0.047520, 0.047520, 0.047520, 0.047520, 0.047520, 0.047520, 0.047520, 0.047520, 0.047520, 0.047520, 0.047520, 0.047520, 0.047520, 0.047520, 0.047520, 0.047520, 0.047520, 0.047520, 0.047520, 0.047520, 0.047520, 0.047520, 0.047520, 0.047520, 0.047520, 0.047520, 0.047520, 0.047520, 0.047520, 0.047520, 0.047520, 0.047520, 0.047520, 0.047520, 0.047520, 0.047520, 0.047520, 0.047520, 0.047520, 0.047520, 0.047520, 0.047520, 0.047520, 0.047520, 0.047520, 0.047520, 0.047520, 0.047520, 0.047520, 0.047520, 0.047520, 0.047520, 0.047520, 0.047520, 0.047520, 0.047520, 0.047520, 0.047520, 0.047520, 0.047520, 0.047520, 0.047520, 0.047520, 0.047520, 0.047520, 0.047520, 0.047520, 0.047520, 0.047520, 0.047520, 0.047520, 0.047520, 0.047520, 0.047520, 0.047520, 0.047520, 0.047520, 0.047520, 0.047520, 0.047520, 0.047520, 0.047520, 0.047520, 0.047520, 0.047520, 0.047520, 0.047520, 0.047520, 0.047520, 0.047520, 0.047520, 0.047520, 0.047520, 0.047520]
Run 5
BPO Best Score: 2.835056e-02
BPO Best Pos: [1.000000, 1.000000, -0.000000, 1.000000, 1.000000, 1.000000, 1.000000, 0.000000, 1.000000, 1.000000, 0.000000, -0.000000, 0.000000, 1.000000, 1.000000, 1.000000, 1.000000, 1.000000, 1.000000, -0.000000, 1.000000, 1.000000, 1.000000, -0.000000, -0.000000, 0.000000, 0.000000, 1.000000, 0.000000, 0.000000, 1.000000, 1.000000, 1.000000, 0.000000]
Curve: [0.035981, 0.035981, 0.035981, 0.035981, 0.035981, 0.035981, 0.035981, 0.035981, 0.035981, 0.035981, 0.035981, 0.035981, 0.035981, 0.035981, 0.035981, 0.035981, 0.035981, 0.035981, 0.035981, 0.035981, 0.035981, 0.035981, 0.035981, 0.035981, 0.035981, 0.035981, 0.035981, 0.035981, 0.035981, 0.035981, 0.035981, 0.035981, 0.035981, 0.035981, 0.035981, 0.035981, 0.035981, 0.035981, 0.035981, 0.035981, 0.035981, 0.035981, 0.035981, 0.035981, 0.035981, 0.035981, 0.035981, 0.035981, 0.035981, 0.035981, 0.035981, 0.035981, 0.035981, 0.035981, 0.035981, 0.035981, 0.035981, 0.035981, 0.035981, 0.035981, 0.035981, 0.035981, 0.035981, 0.035981, 0.035981, 0.035981, 0.035981, 0.028351, 0.028351, 0.028351, 0.028351, 0.028351, 0.028351, 0.028351, 0.028351, 0.028351, 0.028351, 0.028351, 0.028351, 0.028351, 0.028351, 0.028351, 0.028351, 0.028351, 0.028351, 0.028351, 0.028351, 0.028351, 0.028351, 0.028351, 0.028351, 0.028351, 0.028351, 0.028351, 0.028351, 0.028351, 0.028351, 0.028351, 0.028351, 0.028351]
HLBPO Best Score: 3.733108e-02
HLBPO Best Pos: [0.000000, 1.000000, 0.000000, 0.000000, 1.000000, 1.000000, 1.000000, 1.000000, 1.000000, 0.000000, 0.000000, 0.000000, 0.000000, 1.000000, 1.000000, 0.000000, 0.000000, 0.000000, 0.000000, 1.000000, 1.000000, 1.000000, 0.000000, 1.000000, 0.000000, 0.000000, 0.000000, 1.000000, 0.000000, 1.000000, 1.000000, 1.000000, 1.000000, 0.000000]
Curve: [0.037331, 0.037331, 0.037331, 0.037331, 0.037331, 0.037331, 0.037331, 0.037331, 0.037331, 0.037331, 0.037331, 0.037331, 0.037331, 0.037331, 0.037331, 0.037331, 0.037331, 0.037331, 0.037331, 0.037331, 0.037331, 0.037331, 0.037331, 0.037331, 0.037331, 0.037331, 0.037331, 0.037331, 0.037331, 0.037331, 0.037331, 0.037331, 0.037331, 0.037331, 0.037331, 0.037331, 0.037331, 0.037331, 0.037331, 0.037331, 0.037331, 0.037331, 0.037331, 0.037331, 0.037331, 0.037331, 0.037331, 0.037331, 0.037331, 0.037331, 0.037331, 0.037331, 0.037331, 0.037331, 0.037331, 0.037331, 0.037331, 0.037331, 0.037331, 0.037331, 0.037331, 0.037331, 0.037331, 0.037331, 0.037331, 0.037331, 0.037331, 0.037331, 0.037331, 0.037331, 0.037331, 0.037331, 0.037331, 0.037331, 0.037331, 0.037331, 0.037331, 0.037331, 0.037331, 0.037331, 0.037331, 0.037331, 0.037331, 0.037331, 0.037331, 0.037331, 0.037331, 0.037331, 0.037331, 0.037331, 0.037331, 0.037331, 0.037331, 0.037331, 0.037331, 0.037331, 0.037331, 0.037331, 0.037331, 0.037331]
Run 6
BPO Best Score: 3.839070e-02
BPO Best Pos: [-0.000000, 1.000000, -0.000000, -0.000000, 1.000000, -0.000000, 0.000000, 1.000000, 1.000000, 0.000000, 0.000000, 1.000000, 1.000000, 1.000000, 1.000000, 1.000000, 1.000000, 1.000000, -0.000000, 1.000000, 1.000000, 0.000000, -0.000000, 1.000000, 0.000000, 0.000000, 0.000000, 1.000000, 1.000000, 1.000000, 1.000000, 1.000000, 1.000000, 0.000000]
Curve: [0.041038, 0.041038, 0.041038, 0.041038, 0.041038, 0.041038, 0.041038, 0.041038, 0.041038, 0.041038, 0.041038, 0.041038, 0.041038, 0.041038, 0.041038, 0.041038, 0.041038, 0.041038, 0.041038, 0.041038, 0.041038, 0.041038, 0.041038, 0.041038, 0.041038, 0.041038, 0.041038, 0.041038, 0.041038, 0.041038, 0.041038, 0.041038, 0.041038, 0.041038, 0.041038, 0.041038, 0.041038, 0.041038, 0.041038, 0.041038, 0.041038, 0.041038, 0.041038, 0.041038, 0.041038, 0.041038, 0.041038, 0.041038, 0.041038, 0.041038, 0.041038, 0.041038, 0.041038, 0.041038, 0.041038, 0.041038, 0.041038, 0.041038, 0.041038, 0.041038, 0.041038, 0.041038, 0.041038, 0.041038, 0.041038, 0.041038, 0.041038, 0.041038, 0.041038, 0.041038, 0.041038, 0.041038, 0.041038, 0.041038, 0.041038, 0.041038, 0.041038, 0.041038, 0.041038, 0.041038, 0.041038, 0.041038, 0.041038, 0.041038, 0.041038, 0.041038, 0.041038, 0.041038, 0.041038, 0.041038, 0.041038, 0.041038, 0.041038, 0.041038, 0.041038, 0.041038, 0.038391, 0.038391, 0.038391, 0.038391]
HLBPO Best Score: 2.512917e-02
HLBPO Best Pos: [0.000000, 1.000000, 0.000000, 1.000000, 1.000000, 0.000000, 1.000000, 1.000000, 0.000000, 1.000000, 1.000000, 1.000000, 0.000000, 1.000000, 1.000000, 1.000000, 1.000000, 0.000000, 0.000000, 1.000000, 1.000000, 0.000000, 0.000000, 0.000000, 1.000000, 0.000000, 0.000000, 1.000000, 1.000000, 1.000000, 1.000000, 1.000000, 1.000000, 0.000000]
Curve: [0.025129, 0.025129, 0.025129, 0.025129, 0.025129, 0.025129, 0.025129, 0.025129, 0.025129, 0.025129, 0.025129, 0.025129, 0.025129, 0.025129, 0.025129, 0.025129, 0.025129, 0.025129, 0.025129, 0.025129, 0.025129, 0.025129, 0.025129, 0.025129, 0.025129, 0.025129, 0.025129, 0.025129, 0.025129, 0.025129, 0.025129, 0.025129, 0.025129, 0.025129, 0.025129, 0.025129, 0.025129, 0.025129, 0.025129, 0.025129, 0.025129, 0.025129, 0.025129, 0.025129, 0.025129, 0.025129, 0.025129, 0.025129, 0.025129, 0.025129, 0.025129, 0.025129, 0.025129, 0.025129, 0.025129, 0.025129, 0.025129, 0.025129, 0.025129, 0.025129, 0.025129, 0.025129, 0.025129, 0.025129, 0.025129, 0.025129, 0.025129, 0.025129, 0.025129, 0.025129, 0.025129, 0.025129, 0.025129, 0.025129, 0.025129, 0.025129, 0.025129, 0.025129, 0.025129, 0.025129, 0.025129, 0.025129, 0.025129, 0.025129, 0.025129, 0.025129, 0.025129, 0.025129, 0.025129, 0.025129, 0.025129, 0.025129, 0.025129, 0.025129, 0.025129, 0.025129, 0.025129, 0.025129, 0.025129, 0.025129]
Run 7
BPO Best Score: 3.534658e-02
BPO Best Pos: [1.000000, -0.000000, -0.000000, 0.000000, 1.000000, -0.000000, 1.000000, 1.000000, 1.000000, -0.000000, 0.999990, 0.000000, 1.000000, 1.000000, 1.000000, -0.000000, 0.000000, 1.000000, -0.000000, -0.000000, -0.000000, 1.000000, 1.000000, 0.000000, 1.000000, 1.000000, -0.000000, 1.000000, -0.000000, 1.000000, 1.000000, -0.000000, -0.000000, 0.000000]
Curve: [0.037480, 0.037480, 0.037480, 0.037480, 0.037480, 0.037480, 0.037480, 0.037480, 0.037480, 0.037480, 0.037480, 0.037480, 0.037480, 0.037480, 0.037480, 0.037480, 0.037480, 0.037480, 0.037480, 0.037480, 0.037480, 0.037480, 0.037480, 0.037480, 0.037480, 0.037480, 0.037480, 0.037480, 0.037480, 0.037480, 0.037480, 0.037480, 0.037480, 0.037480, 0.037480, 0.037480, 0.037480, 0.037480, 0.037480, 0.037480, 0.037480, 0.037480, 0.037480, 0.037480, 0.037480, 0.037480, 0.037480, 0.037480, 0.037480, 0.037480, 0.037480, 0.037480, 0.037480, 0.037480, 0.037480, 0.037480, 0.037480, 0.037480, 0.037480, 0.037480, 0.037480, 0.037480, 0.037480, 0.037480, 0.037480, 0.037480, 0.037480, 0.037480, 0.037480, 0.037480, 0.037480, 0.037480, 0.037480, 0.037480, 0.037480, 0.037480, 0.037480, 0.037480, 0.037480, 0.037480, 0.037480, 0.037480, 0.035935, 0.035935, 0.035935, 0.035935, 0.035641, 0.035641, 0.035641, 0.035641, 0.035641, 0.035641, 0.035641, 0.035641, 0.035641, 0.035641, 0.035641, 0.035641, 0.035641, 0.035347]
HLBPO Best Score: 3.576073e-02
HLBPO Best Pos: [1.000000, 0.000000, 0.000000, 1.000000, 1.000000, 1.000000, 1.000000, 0.000000, 1.000000, 0.000000, 1.000000, 1.000000, 0.000000, 0.000000, 1.000000, 1.000000, 1.000000, 1.000000, 0.000000, 0.000000, 1.000000, 1.000000, 0.000000, 0.000000, 1.000000, 1.000000, 1.000000, 1.000000, 0.000000, 1.000000, 0.000000, 0.000000, 1.000000, 0.000000]
Curve: [0.035761, 0.035761, 0.035761, 0.035761, 0.035761, 0.035761, 0.035761, 0.035761, 0.035761, 0.035761, 0.035761, 0.035761, 0.035761, 0.035761, 0.035761, 0.035761, 0.035761, 0.035761, 0.035761, 0.035761, 0.035761, 0.035761, 0.035761, 0.035761, 0.035761, 0.035761, 0.035761, 0.035761, 0.035761, 0.035761, 0.035761, 0.035761, 0.035761, 0.035761, 0.035761, 0.035761, 0.035761, 0.035761, 0.035761, 0.035761, 0.035761, 0.035761, 0.035761, 0.035761, 0.035761, 0.035761, 0.035761, 0.035761, 0.035761, 0.035761, 0.035761, 0.035761, 0.035761, 0.035761, 0.035761, 0.035761, 0.035761, 0.035761, 0.035761, 0.035761, 0.035761, 0.035761, 0.035761, 0.035761, 0.035761, 0.035761, 0.035761, 0.035761, 0.035761, 0.035761, 0.035761, 0.035761, 0.035761, 0.035761, 0.035761, 0.035761, 0.035761, 0.035761, 0.035761, 0.035761, 0.035761, 0.035761, 0.035761, 0.035761, 0.035761, 0.035761, 0.035761, 0.035761, 0.035761, 0.035761, 0.035761, 0.035761, 0.035761, 0.035761, 0.035761, 0.035761, 0.035761, 0.035761, 0.035761, 0.035761]
Run 8
BPO Best Score: 1.892409e-02
BPO Best Pos: [1.000000, -0.000000, 0.000000, 1.000000, 1.000000, 1.000000, 1.000000, 1.000000, -0.000000, 1.000000, 0.999999, 0.000000, -0.000000, 1.000000, 1.000000, -0.000000, 1.000000, 1.000000, -0.000000, 1.000000, 1.000000, 1.000000, 1.000000, 0.000000, 0.000000, 1.000000, 0.000000, 1.000000, -0.000000, -0.000000, 1.000000, 1.000000, 1.000000, 0.000000]
Curve: [0.022453, 0.022453, 0.022453, 0.022453, 0.022453, 0.022453, 0.022453, 0.022453, 0.022453, 0.022453, 0.022453, 0.022453, 0.022453, 0.022453, 0.022453, 0.022453, 0.022453, 0.022453, 0.022453, 0.022453, 0.022453, 0.022453, 0.022453, 0.022453, 0.022453, 0.022453, 0.022453, 0.022453, 0.022453, 0.022453, 0.022453, 0.022453, 0.022453, 0.022453, 0.022453, 0.022453, 0.022453, 0.022453, 0.022453, 0.022453, 0.022453, 0.022453, 0.022453, 0.022453, 0.022453, 0.022453, 0.022453, 0.022453, 0.022453, 0.022453, 0.022453, 0.022453, 0.022453, 0.022453, 0.022453, 0.022453, 0.022453, 0.022453, 0.022453, 0.022453, 0.022453, 0.022453, 0.022453, 0.022453, 0.022453, 0.022453, 0.022453, 0.022453, 0.022453, 0.022453, 0.022453, 0.022453, 0.022453, 0.022453, 0.022453, 0.022453, 0.022453, 0.022453, 0.022453, 0.022453, 0.022453, 0.022453, 0.022453, 0.022453, 0.022188, 0.022188, 0.022188, 0.022188, 0.019218, 0.019218, 0.019218, 0.019218, 0.019218, 0.018924, 0.018924, 0.018924, 0.018924, 0.018924, 0.018924, 0.018924]
HLBPO Best Score: 2.795350e-02
HLBPO Best Pos: [1.000000, 1.000000, 0.000000, 1.000000, 1.000000, 1.000000, 0.000000, 1.000000, 0.000000, 0.000000, 1.000000, 1.000000, 0.000000, 1.000000, 1.000000, 0.000000, 1.000000, 1.000000, 1.000000, 1.000000, 1.000000, 0.000000, 1.000000, 1.000000, 0.000000, 1.000000, 0.000000, 1.000000, 1.000000, 0.000000, 1.000000, 0.000000, 0.000000, 0.000000]
Curve: [0.027953, 0.027953, 0.027953, 0.027953, 0.027953, 0.027953, 0.027953, 0.027953, 0.027953, 0.027953, 0.027953, 0.027953, 0.027953, 0.027953, 0.027953, 0.027953, 0.027953, 0.027953, 0.027953, 0.027953, 0.027953, 0.027953, 0.027953, 0.027953, 0.027953, 0.027953, 0.027953, 0.027953, 0.027953, 0.027953, 0.027953, 0.027953, 0.027953, 0.027953, 0.027953, 0.027953, 0.027953, 0.027953, 0.027953, 0.027953, 0.027953, 0.027953, 0.027953, 0.027953, 0.027953, 0.027953, 0.027953, 0.027953, 0.027953, 0.027953, 0.027953, 0.027953, 0.027953, 0.027953, 0.027953, 0.027953, 0.027953, 0.027953, 0.027953, 0.027953, 0.027953, 0.027953, 0.027953, 0.027953, 0.027953, 0.027953, 0.027953, 0.027953, 0.027953, 0.027953, 0.027953, 0.027953, 0.027953, 0.027953, 0.027953, 0.027953, 0.027953, 0.027953, 0.027953, 0.027953, 0.027953, 0.027953, 0.027953, 0.027953, 0.027953, 0.027953, 0.027953, 0.027953, 0.027953, 0.027953, 0.027953, 0.027953, 0.027953, 0.027953, 0.027953, 0.027953, 0.027953, 0.027953, 0.027953, 0.027953]
Run 9
BPO Best Score: 3.205405e-02
BPO Best Pos: [0.000000, 1.000000, 0.000000, 1.000000, 1.000000, 1.000000, 1.000000, 0.000000, 1.000000, 0.000000, 1.000000, 0.000000, 0.000000, 1.000000, 0.000000, 0.000000, 1.000000, 0.000000, 1.000000, 0.000000, 0.000000, 1.000000, 0.000000, 0.000000, 1.000000, 1.000000, 0.000000, 1.000000, 1.000000, 0.000000, 0.000000, 1.000000, 1.000000, 0.000000]
Curve: [0.032054, 0.032054, 0.032054, 0.032054, 0.032054, 0.032054, 0.032054, 0.032054, 0.032054, 0.032054, 0.032054, 0.032054, 0.032054, 0.032054, 0.032054, 0.032054, 0.032054, 0.032054, 0.032054, 0.032054, 0.032054, 0.032054, 0.032054, 0.032054, 0.032054, 0.032054, 0.032054, 0.032054, 0.032054, 0.032054, 0.032054, 0.032054, 0.032054, 0.032054, 0.032054, 0.032054, 0.032054, 0.032054, 0.032054, 0.032054, 0.032054, 0.032054, 0.032054, 0.032054, 0.032054, 0.032054, 0.032054, 0.032054, 0.032054, 0.032054, 0.032054, 0.032054, 0.032054, 0.032054, 0.032054, 0.032054, 0.032054, 0.032054, 0.032054, 0.032054, 0.032054, 0.032054, 0.032054, 0.032054, 0.032054, 0.032054, 0.032054, 0.032054, 0.032054, 0.032054, 0.032054, 0.032054, 0.032054, 0.032054, 0.032054, 0.032054, 0.032054, 0.032054, 0.032054, 0.032054, 0.032054, 0.032054, 0.032054, 0.032054, 0.032054, 0.032054, 0.032054, 0.032054, 0.032054, 0.032054, 0.032054, 0.032054, 0.032054, 0.032054, 0.032054, 0.032054, 0.032054, 0.032054, 0.032054, 0.032054]
HLBPO Best Score: 2.893561e-02
HLBPO Best Pos: [1.000000, 0.000000, 1.000000, 1.000000, 1.000000, 0.000000, 1.000000, 0.000000, 0.000000, 0.000000, 0.000000, 1.000000, 1.000000, 1.000000, 1.000000, 0.000000, 0.000000, 1.000000, 0.000000, 0.000000, 1.000000, 1.000000, 0.000000, 0.000000, 0.000000, 1.000000, 0.000000, 1.000000, 1.000000, 0.000000, 1.000000, 0.000000, 0.000000, 0.000000]
Curve: [0.028936, 0.028936, 0.028936, 0.028936, 0.028936, 0.028936, 0.028936, 0.028936, 0.028936, 0.028936, 0.028936, 0.028936, 0.028936, 0.028936, 0.028936, 0.028936, 0.028936, 0.028936, 0.028936, 0.028936, 0.028936, 0.028936, 0.028936, 0.028936, 0.028936, 0.028936, 0.028936, 0.028936, 0.028936, 0.028936, 0.028936, 0.028936, 0.028936, 0.028936, 0.028936, 0.028936, 0.028936, 0.028936, 0.028936, 0.028936, 0.028936, 0.028936, 0.028936, 0.028936, 0.028936, 0.028936, 0.028936, 0.028936, 0.028936, 0.028936, 0.028936, 0.028936, 0.028936, 0.028936, 0.028936, 0.028936, 0.028936, 0.028936, 0.028936, 0.028936, 0.028936, 0.028936, 0.028936, 0.028936, 0.028936, 0.028936, 0.028936, 0.028936, 0.028936, 0.028936, 0.028936, 0.028936, 0.028936, 0.028936, 0.028936, 0.028936, 0.028936, 0.028936, 0.028936, 0.028936, 0.028936, 0.028936, 0.028936, 0.028936, 0.028936, 0.028936, 0.028936, 0.028936, 0.028936, 0.028936, 0.028936, 0.028936, 0.028936, 0.028936, 0.028936, 0.028936, 0.028936, 0.028936, 0.028936, 0.028936]
Run 10
BPO Best Score: 3.406717e-02
BPO Best Pos: [0.000000, 1.000000, 1.000000, 0.000000, 1.000000, -0.000000, -0.000000, 1.000000, 0.000000, 1.000000, 0.000000, 1.000000, 1.000000, 1.000000, 1.000000, 1.000000, 1.000000, 0.000000, 0.000000, 1.000000, -0.000000, 1.000000, 0.000000, 0.000000, 1.000000, -0.000000, 0.000000, 1.000000, 1.000000, 1.000000, 1.000000, 1.000000, 1.000000, 0.000000]
Curve: [0.038362, 0.038362, 0.038362, 0.038362, 0.038362, 0.038362, 0.038362, 0.038362, 0.038362, 0.038362, 0.038362, 0.038362, 0.038362, 0.038362, 0.038362, 0.038362, 0.038362, 0.038362, 0.038362, 0.038362, 0.038362, 0.038362, 0.038362, 0.038362, 0.038362, 0.038362, 0.038362, 0.038362, 0.038362, 0.038362, 0.038362, 0.038362, 0.038362, 0.038362, 0.038362, 0.038362, 0.038362, 0.038362, 0.038362, 0.038362, 0.038362, 0.038362, 0.038362, 0.038362, 0.038362, 0.038362, 0.038362, 0.038362, 0.038362, 0.038362, 0.038362, 0.038362, 0.038362, 0.038362, 0.038362, 0.038362, 0.038362, 0.038362, 0.038362, 0.038362, 0.038362, 0.038362, 0.038362, 0.038362, 0.038362, 0.038362, 0.038362, 0.038362, 0.038362, 0.038362, 0.038362, 0.038362, 0.038362, 0.038362, 0.038362, 0.038362, 0.038362, 0.038362, 0.038362, 0.038362, 0.038362, 0.038362, 0.038362, 0.038362, 0.038362, 0.034067, 0.034067, 0.034067, 0.034067, 0.034067, 0.034067, 0.034067, 0.034067, 0.034067, 0.034067, 0.034067, 0.034067, 0.034067, 0.034067, 0.034067]
HLBPO Best Score: 3.033506e-02
HLBPO Best Pos: [0.000000, 0.000000, 1.000000, 1.000000, 1.000000, 1.000000, 1.000000, 0.000000, 1.000000, 0.000000, 1.000000, 0.000000, 1.000000, 1.000000, 1.000000, 0.000000, 0.000000, 1.000000, 1.000000, 0.000000, 1.000000, 1.000000, 1.000000, 1.000000, 0.000000, 1.000000, 0.000000, 0.000000, 1.000000, 1.000000, 0.000000, 0.000000, 1.000000, 0.000000]
Curve: [0.030335, 0.030335, 0.030335, 0.030335, 0.030335, 0.030335, 0.030335, 0.030335, 0.030335, 0.030335, 0.030335, 0.030335, 0.030335, 0.030335, 0.030335, 0.030335, 0.030335, 0.030335, 0.030335, 0.030335, 0.030335, 0.030335, 0.030335, 0.030335, 0.030335, 0.030335, 0.030335, 0.030335, 0.030335, 0.030335, 0.030335, 0.030335, 0.030335, 0.030335, 0.030335, 0.030335, 0.030335, 0.030335, 0.030335, 0.030335, 0.030335, 0.030335, 0.030335, 0.030335, 0.030335, 0.030335, 0.030335, 0.030335, 0.030335, 0.030335, 0.030335, 0.030335, 0.030335, 0.030335, 0.030335, 0.030335, 0.030335, 0.030335, 0.030335, 0.030335, 0.030335, 0.030335, 0.030335, 0.030335, 0.030335, 0.030335, 0.030335, 0.030335, 0.030335, 0.030335, 0.030335, 0.030335, 0.030335, 0.030335, 0.030335, 0.030335, 0.030335, 0.030335, 0.030335, 0.030335, 0.030335, 0.030335, 0.030335, 0.030335, 0.030335, 0.030335, 0.030335, 0.030335, 0.030335, 0.030335, 0.030335, 0.030335, 0.030335, 0.030335, 0.030335, 0.030335, 0.030335, 0.030335, 0.030335, 0.030335]
