Curve: [0.019929, 0.008714, 0.003000, 0.003000, 0.003000, 0.003000, 0.003000, 0.003000, 0.003000, 0.003000, 0.003000, 0.003000, 0.003000, 0.003000, 0.003000, 0.003000, 0.003000, 0.003000, 0.003000, 0.003000, 0.003000, 0.003000, 0.003000, 0.003000, 0.003000, 0.003000, 0.003000, 0.003000, 0.003000, 0.003000, 0.003000, 0.003000, 0.003000, 0.003000, 0.003000, 0.003000, 0.003000, 0.003000, 0.003000, 0.003000, 0.003000, 0.003000, 0.003000, 0.003000, 0.003000, 0.003000, 0.003000, 0.003000, 0.003000, 0.003000, 0.003000, 0.003000, 0.003000, 0.003000, 0.003000, 0.003000, 0.003000, 0.003000, 0.003000, 0.003000, 0.003000, 0.003000, 0.003000, 0.003000, 0.003000, 0.003000, 0.003000, 0.003000, 0.003000, 0.003000, 0.003000, 0.003000, 0.003000, 0.003000, 0.003000, 0.003000, 0.003000, 0.003000, 0.003000, 0.003000, 0.003000, 0.003000, 0.003000, 0.003000, 0.003000, 0.003000, 0.003000, 0.003000, 0.003000, 0.003000, 0.003000, 0.003000, 0.003000, 0.003000, 0.003000, 0.003000, 0.003000, 0.003000, 0.003000, 0.003000]
Run 1
BPO Best Score: 3.000000e-03
BPO Best Pos: [1.000000, 0.000000, 1.947767, 1.000000, -0.676309, 1.777487, 0.000000, -0.168671, -0.108361, 1.000000]
Curve: [0.003000, 0.003000, 0.003000, 0.003000, 0.003000, 0.003000, 0.003000, 0.003000, 0.003000, 0.003000, 0.003000, 0.003000, 0.003000, 0.003000, 0.003000, 0.003000, 0.003000, 0.003000, 0.003000, 0.003000, 0.003000, 0.003000, 0.003000, 0.003000, 0.003000, 0.003000, 0.003000, 0.003000, 0.003000, 0.003000, 0.003000, 0.003000, 0.003000, 0.003000, 0.003000, 0.003000, 0.003000, 0.003000, 0.003000, 0.003000, 0.003000, 0.003000, 0.003000, 0.003000, 0.003000, 0.003000, 0.003000, 0.003000, 0.003000, 0.003000, 0.003000, 0.003000, 0.003000, 0.003000, 0.003000, 0.003000, 0.003000, 0.003000, 0.003000, 0.003000, 0.003000, 0.003000, 0.003000, 0.003000, 0.003000, 0.003000, 0.003000, 0.003000, 0.003000, 0.003000, 0.003000, 0.003000, 0.003000, 0.003000, 0.003000, 0.003000, 0.003000, 0.003000, 0.003000, 0.003000, 0.003000, 0.003000, 0.003000, 0.003000, 0.003000, 0.003000, 0.003000, 0.003000, 0.003000, 0.003000, 0.003000, 0.003000, 0.003000, 0.003000, 0.003000, 0.003000, 0.003000, 0.003000, 0.003000, 0.003000]
HLBPO Best Score: 4.000000e-03
HLBPO Best Pos: [1.000000, 1.000000, 1.567758, 1.000000, 1.320725, -0.849304, 0.271414, -0.874426, 0.000000, 1.000000]
Curve: [0.004000, 0.004000, 0.004000, 0.004000, 0.004000, 0.004000, 0.004000, 0.004000, 0.004000, 0.004000, 0.004000, 0.004000, 0.004000, 0.004000, 0.004000, 0.004000, 0.004000, 0.004000, 0.004000, 0.004000, 0.004000, 0.004000, 0.004000, 0.004000, 0.004000, 0.004000, 0.004000, 0.004000, 0.004000, 0.004000, 0.004000, 0.004000, 0.004000, 0.004000, 0.004000, 0.004000, 0.004000, 0.004000, 0.004000, 0.004000, 0.004000, 0.004000, 0.004000, 0.004000, 0.004000, 0.004000, 0.004000, 0.004000, 0.004000, 0.004000, 0.004000, 0.004000, 0.004000, 0.004000, 0.004000, 0.004000, 0.004000, 0.004000, 0.004000, 0.004000, 0.004000, 0.004000, 0.004000, 0.004000, 0.004000, 0.004000, 0.004000, 0.004000, 0.004000, 0.004000, 0.004000, 0.004000, 0.004000, 0.004000, 0.004000, 0.004000, 0.004000, 0.004000, 0.004000, 0.004000, 0.004000, 0.004000, 0.004000, 0.004000, 0.004000, 0.004000, 0.004000, 0.004000, 0.004000, 0.004000, 0.004000, 0.004000, 0.004000, 0.004000, 0.004000, 0.004000, 0.004000, 0.004000, 0.004000, 0.004000]
Run 2
BPO Best Score: 3.000000e-03
BPO Best Pos: [1.000000, -0.545648, 0.000000, 1.000000, -0.375895, 0.066251, 0.000000, 0.431312, 0.000000, 1.000000]
Curve: [0.003000, 0.003000, 0.003000, 0.003000, 0.003000, 0.003000, 0.003000, 0.003000, 0.003000, 0.003000, 0.003000, 0.003000, 0.003000, 0.003000, 0.003000, 0.003000, 0.003000, 0.003000, 0.003000, 0.003000, 0.003000, 0.003000, 0.003000, 0.003000, 0.003000, 0.003000, 0.003000, 0.003000, 0.003000, 0.003000, 0.003000, 0.003000, 0.003000, 0.003000, 0.003000, 0.003000, 0.003000, 0.003000, 0.003000, 0.003000, 0.003000, 0.003000, 0.003000, 0.003000, 0.003000, 0.003000, 0.003000, 0.003000, 0.003000, 0.003000, 0.003000, 0.003000, 0.003000, 0.003000, 0.003000, 0.003000, 0.003000, 0.003000, 0.003000, 0.003000, 0.003000, 0.003000, 0.003000, 0.003000, 0.003000, 0.003000, 0.003000, 0.003000, 0.003000, 0.003000, 0.003000, 0.003000, 0.003000, 0.003000, 0.003000, 0.003000, 0.003000, 0.003000, 0.003000, 0.003000, 0.003000, 0.003000, 0.003000, 0.003000, 0.003000, 0.003000, 0.003000, 0.003000, 0.003000, 0.003000, 0.003000, 0.003000, 0.003000, 0.003000, 0.003000, 0.003000, 0.003000, 0.003000, 0.003000, 0.003000]
HLBPO Best Score: 7.500000e-03
HLBPO Best Pos: [1.000000, 0.000000, 1.666971, 0.000000, 1.000000, 0.000000, -0.819879, 0.941258, 0.000000, 1.000000]
Curve: [0.007500, 0.007500, 0.007500, 0.007500, 0.007500, 0.007500, 0.007500, 0.007500, 0.007500, 0.007500, 0.007500, 0.007500, 0.007500, 0.007500, 0.007500, 0.007500, 0.007500, 0.007500, 0.007500, 0.007500, 0.007500, 0.007500, 0.007500, 0.007500, 0.007500, 0.007500, 0.007500, 0.007500, 0.007500, 0.007500, 0.007500, 0.007500, 0.007500, 0.007500, 0.007500, 0.007500, 0.007500, 0.007500, 0.007500, 0.007500, 0.007500, 0.007500, 0.007500, 0.007500, 0.007500, 0.007500, 0.007500, 0.007500, 0.007500, 0.007500, 0.007500, 0.007500, 0.007500, 0.007500, 0.007500, 0.007500, 0.007500, 0.007500, 0.007500, 0.007500, 0.007500, 0.007500, 0.007500, 0.007500, 0.007500, 0.007500, 0.007500, 0.007500, 0.007500, 0.007500, 0.007500, 0.007500, 0.007500, 0.007500, 0.007500, 0.007500, 0.007500, 0.007500, 0.007500, 0.007500, 0.007500, 0.007500, 0.007500, 0.007500, 0.007500, 0.007500, 0.007500, 0.007500, 0.007500, 0.007500, 0.007500, 0.007500, 0.007500, 0.007500, 0.007500, 0.007500, 0.007500, 0.007500, 0.007500, 0.007500]
Run 3
BPO Best Score: 1.100000e-02
BPO Best Pos: [1.000000, 0.941065, 1.000000, 0.719264, 1.078730, -0.253066, 0.616485, 0.855516, 1.181443, -0.948800]
Curve: [0.011000, 0.011000, 0.011000, 0.011000, 0.011000, 0.011000, 0.011000, 0.011000, 0.011000, 0.011000, 0.011000, 0.011000, 0.011000, 0.011000, 0.011000, 0.011000, 0.011000, 0.011000, 0.011000, 0.011000, 0.011000, 0.011000, 0.011000, 0.011000, 0.011000, 0.011000, 0.011000, 0.011000, 0.011000, 0.011000, 0.011000, 0.011000, 0.011000, 0.011000, 0.011000, 0.011000, 0.011000, 0.011000, 0.011000, 0.011000, 0.011000, 0.011000, 0.011000, 0.011000, 0.011000, 0.011000, 0.011000, 0.011000, 0.011000, 0.011000, 0.011000, 0.011000, 0.011000, 0.011000, 0.011000, 0.011000, 0.011000, 0.011000, 0.011000, 0.011000, 0.011000, 0.011000, 0.011000, 0.011000, 0.011000, 0.011000, 0.011000, 0.011000, 0.011000, 0.011000, 0.011000, 0.011000, 0.011000, 0.011000, 0.011000, 0.011000, 0.011000, 0.011000, 0.011000, 0.011000, 0.011000, 0.011000, 0.011000, 0.011000, 0.011000, 0.011000, 0.011000, 0.011000, 0.011000, 0.011000, 0.011000, 0.011000, 0.011000, 0.011000, 0.011000, 0.011000, 0.011000, 0.011000, 0.011000, 0.011000]
HLBPO Best Score: 3.000000e-03
HLBPO Best Pos: [1.000000, -0.179500, -0.607837, 1.000000, 0.631957, 0.000000, 0.000000, 0.000000, -0.331029, 1.000000]
Curve: [0.003000, 0.003000, 0.003000, 0.003000, 0.003000, 0.003000, 0.003000, 0.003000, 0.003000, 0.003000, 0.003000, 0.003000, 0.003000, 0.003000, 0.003000, 0.003000, 0.003000, 0.003000, 0.003000, 0.003000, 0.003000, 0.003000, 0.003000, 0.003000, 0.003000, 0.003000, 0.003000, 0.003000, 0.003000, 0.003000, 0.003000, 0.003000, 0.003000, 0.003000, 0.003000, 0.003000, 0.003000, 0.003000, 0.003000, 0.003000, 0.003000, 0.003000, 0.003000, 0.003000, 0.003000, 0.003000, 0.003000, 0.003000, 0.003000, 0.003000, 0.003000, 0.003000, 0.003000, 0.003000, 0.003000, 0.003000, 0.003000, 0.003000, 0.003000, 0.003000, 0.003000, 0.003000, 0.003000, 0.003000, 0.003000, 0.003000, 0.003000, 0.003000, 0.003000, 0.003000, 0.003000, 0.003000, 0.003000, 0.003000, 0.003000, 0.003000, 0.003000, 0.003000, 0.003000, 0.003000, 0.003000, 0.003000, 0.003000, 0.003000, 0.003000, 0.003000, 0.003000, 0.003000, 0.003000, 0.003000, 0.003000, 0.003000, 0.003000, 0.003000, 0.003000, 0.003000, 0.003000, 0.003000, 0.003000, 0.003000]
Run 4
BPO Best Score: 3.000000e-03
BPO Best Pos: [1.000000, -0.000000, -0.000000, 1.000000, 1.000000, 0.000000, 0.000000, 0.000000, 1.000000, 1.000000]
Curve: [0.005000, 0.005000, 0.005000, 0.005000, 0.005000, 0.005000, 0.005000, 0.005000, 0.005000, 0.005000, 0.005000, 0.005000, 0.005000, 0.005000, 0.005000, 0.005000, 0.005000, 0.005000, 0.005000, 0.005000, 0.005000, 0.005000, 0.005000, 0.005000, 0.005000, 0.005000, 0.005000, 0.005000, 0.005000, 0.005000, 0.005000, 0.005000, 0.005000, 0.005000, 0.005000, 0.005000, 0.005000, 0.005000, 0.005000, 0.005000, 0.005000, 0.005000, 0.005000, 0.005000, 0.005000, 0.005000, 0.005000, 0.005000, 0.005000, 0.005000, 0.005000, 0.005000, 0.005000, 0.005000, 0.005000, 0.005000, 0.005000, 0.005000, 0.005000, 0.005000, 0.005000, 0.005000, 0.005000, 0.005000, 0.005000, 0.005000, 0.005000, 0.005000, 0.005000, 0.005000, 0.005000, 0.005000, 0.005000, 0.005000, 0.005000, 0.005000, 0.005000, 0.005000, 0.005000, 0.005000, 0.005000, 0.005000, 0.005000, 0.005000, 0.005000, 0.003000, 0.003000, 0.003000, 0.003000, 0.003000, 0.003000, 0.003000, 0.003000, 0.003000, 0.003000, 0.003000, 0.003000, 0.003000, 0.003000, 0.003000]
HLBPO Best Score: 3.000000e-03
HLBPO Best Pos: [1.000000, 2.057926, 1.063630, 1.000000, 0.451786, 1.734150, 0.000000, -0.257078, 0.441196, 1.000000]
Curve: [0.003000, 0.003000, 0.003000, 0.003000, 0.003000, 0.003000, 0.003000, 0.003000, 0.003000, 0.003000, 0.003000, 0.003000, 0.003000, 0.003000, 0.003000, 0.003000, 0.003000, 0.003000, 0.003000, 0.003000, 0.003000, 0.003000, 0.003000, 0.003000, 0.003000, 0.003000, 0.003000, 0.003000, 0.003000, 0.003000, 0.003000, 0.003000, 0.003000, 0.003000, 0.003000, 0.003000, 0.003000, 0.003000, 0.003000, 0.003000, 0.003000, 0.003000, 0.003000, 0.003000, 0.003000, 0.003000, 0.003000, 0.003000, 0.003000, 0.003000, 0.003000, 0.003000, 0.003000, 0.003000, 0.003000, 0.003000, 0.003000, 0.003000, 0.003000, 0.003000, 0.003000, 0.003000, 0.003000, 0.003000, 0.003000, 0.003000, 0.003000, 0.003000, 0.003000, 0.003000, 0.003000, 0.003000, 0.003000, 0.003000, 0.003000, 0.003000, 0.003000, 0.003000, 0.003000, 0.003000, 0.003000, 0.003000, 0.003000, 0.003000, 0.003000, 0.003000, 0.003000, 0.003000, 0.003000, 0.003000, 0.003000, 0.003000, 0.003000, 0.003000, 0.003000, 0.003000, 0.003000, 0.003000, 0.003000, 0.003000]
Run 5
BPO Best Score: 3.000000e-03
BPO Best Pos: [1.000000, 0.000000, 1.050866, 1.000000, -1.620943, 0.024609, -0.819771, 0.000000, -0.250863, 1.000000]
Curve: [0.003000, 0.003000, 0.003000, 0.003000, 0.003000, 0.003000, 0.003000, 0.003000, 0.003000, 0.003000, 0.003000, 0.003000, 0.003000, 0.003000, 0.003000, 0.003000, 0.003000, 0.003000, 0.003000, 0.003000, 0.003000, 0.003000, 0.003000, 0.003000, 0.003000, 0.003000, 0.003000, 0.003000, 0.003000, 0.003000, 0.003000, 0.003000, 0.003000, 0.003000, 0.003000, 0.003000, 0.003000, 0.003000, 0.003000, 0.003000, 0.003000, 0.003000, 0.003000, 0.003000, 0.003000, 0.003000, 0.003000, 0.003000, 0.003000, 0.003000, 0.003000, 0.003000, 0.003000, 0.003000, 0.003000, 0.003000, 0.003000, 0.003000, 0.003000, 0.003000, 0.003000, 0.003000, 0.003000, 0.003000, 0.003000, 0.003000, 0.003000, 0.003000, 0.003000, 0.003000, 0.003000, 0.003000, 0.003000, 0.003000, 0.003000, 0.003000, 0.003000, 0.003000, 0.003000, 0.003000, 0.003000, 0.003000, 0.003000, 0.003000, 0.003000, 0.003000, 0.003000, 0.003000, 0.003000, 0.003000, 0.003000, 0.003000, 0.003000, 0.003000, 0.003000, 0.003000, 0.003000, 0.003000, 0.003000, 0.003000]
HLBPO Best Score: 6.714286e-03
HLBPO Best Pos: [1.000000, 0.000000, -0.725219, 0.000000, -0.271926, -0.390221, 1.000000, 0.000000, -0.359504, 1.348813]
Curve: [0.006714, 0.006714, 0.006714, 0.006714, 0.006714, 0.006714, 0.006714, 0.006714, 0.006714, 0.006714, 0.006714, 0.006714, 0.006714, 0.006714, 0.006714, 0.006714, 0.006714, 0.006714, 0.006714, 0.006714, 0.006714, 0.006714, 0.006714, 0.006714, 0.006714, 0.006714, 0.006714, 0.006714, 0.006714, 0.006714, 0.006714, 0.006714, 0.006714, 0.006714, 0.006714, 0.006714, 0.006714, 0.006714, 0.006714, 0.006714, 0.006714, 0.006714, 0.006714, 0.006714, 0.006714, 0.006714, 0.006714, 0.006714, 0.006714, 0.006714, 0.006714, 0.006714, 0.006714, 0.006714, 0.006714, 0.006714, 0.006714, 0.006714, 0.006714, 0.006714, 0.006714, 0.006714, 0.006714, 0.006714, 0.006714, 0.006714, 0.006714, 0.006714, 0.006714, 0.006714, 0.006714, 0.006714, 0.006714, 0.006714, 0.006714, 0.006714, 0.006714, 0.006714, 0.006714, 0.006714, 0.006714, 0.006714, 0.006714, 0.006714, 0.006714, 0.006714, 0.006714, 0.006714, 0.006714, 0.006714, 0.006714, 0.006714, 0.006714, 0.006714, 0.006714, 0.006714, 0.006714, 0.006714, 0.006714, 0.006714]
Run 6
BPO Best Score: 6.714286e-03
BPO Best Pos: [1.000000, 0.000000, 0.449197, 1.000000, -0.006216, -0.443708, 0.000000, 0.507724, 0.959910, 0.000000]
Curve: [0.006714, 0.006714, 0.006714, 0.006714, 0.006714, 0.006714, 0.006714, 0.006714, 0.006714, 0.006714, 0.006714, 0.006714, 0.006714, 0.006714, 0.006714, 0.006714, 0.006714, 0.006714, 0.006714, 0.006714, 0.006714, 0.006714, 0.006714, 0.006714, 0.006714, 0.006714, 0.006714, 0.006714, 0.006714, 0.006714, 0.006714, 0.006714, 0.006714, 0.006714, 0.006714, 0.006714, 0.006714, 0.006714, 0.006714, 0.006714, 0.006714, 0.006714, 0.006714, 0.006714, 0.006714, 0.006714, 0.006714, 0.006714, 0.006714, 0.006714, 0.006714, 0.006714, 0.006714, 0.006714, 0.006714, 0.006714, 0.006714, 0.006714, 0.006714, 0.006714, 0.006714, 0.006714, 0.006714, 0.006714, 0.006714, 0.006714, 0.006714, 0.006714, 0.006714, 0.006714, 0.006714, 0.006714, 0.006714, 0.006714, 0.006714, 0.006714, 0.006714, 0.006714, 0.006714, 0.006714, 0.006714, 0.006714, 0.006714, 0.006714, 0.006714, 0.006714, 0.006714, 0.006714, 0.006714, 0.006714, 0.006714, 0.006714, 0.006714, 0.006714, 0.006714, 0.006714, 0.006714, 0.006714, 0.006714, 0.006714]
HLBPO Best Score: 3.000000e-03
HLBPO Best Pos: [1.000000, 1.516104, -0.022866, 1.000000, 1.002630, -0.219571, 0.155649, 0.017600, 1.573370, 1.000000]
Curve: [0.004000, 0.004000, 0.003000, 0.003000, 0.003000, 0.003000, 0.003000, 0.003000, 0.003000, 0.003000, 0.003000, 0.003000, 0.003000, 0.003000, 0.003000, 0.003000, 0.003000, 0.003000, 0.003000, 0.003000, 0.003000, 0.003000, 0.003000, 0.003000, 0.003000, 0.003000, 0.003000, 0.003000, 0.003000, 0.003000, 0.003000, 0.003000, 0.003000, 0.003000, 0.003000, 0.003000, 0.003000, 0.003000, 0.003000, 0.003000, 0.003000, 0.003000, 0.003000, 0.003000, 0.003000, 0.003000, 0.003000, 0.003000, 0.003000, 0.003000, 0.003000, 0.003000, 0.003000, 0.003000, 0.003000, 0.003000, 0.003000, 0.003000, 0.003000, 0.003000, 0.003000, 0.003000, 0.003000, 0.003000, 0.003000, 0.003000, 0.003000, 0.003000, 0.003000, 0.003000, 0.003000, 0.003000, 0.003000, 0.003000, 0.003000, 0.003000, 0.003000, 0.003000, 0.003000, 0.003000, 0.003000, 0.003000, 0.003000, 0.003000, 0.003000, 0.003000, 0.003000, 0.003000, 0.003000, 0.003000, 0.003000, 0.003000, 0.003000, 0.003000, 0.003000, 0.003000, 0.003000, 0.003000, 0.003000, 0.003000]
Run 7
BPO Best Score: 4.000000e-03
BPO Best Pos: [1.000000, 0.000000, 0.000000, 1.000000, 1.000000, 0.000000, 0.000000, 0.000000, 0.000000, 1.000000]
Curve: [0.004000, 0.004000, 0.004000, 0.004000, 0.004000, 0.004000, 0.004000, 0.004000, 0.004000, 0.004000, 0.004000, 0.004000, 0.004000, 0.004000, 0.004000, 0.004000, 0.004000, 0.004000, 0.004000, 0.004000, 0.004000, 0.004000, 0.004000, 0.004000, 0.004000, 0.004000, 0.004000, 0.004000, 0.004000, 0.004000, 0.004000, 0.004000, 0.004000, 0.004000, 0.004000, 0.004000, 0.004000, 0.004000, 0.004000, 0.004000, 0.004000, 0.004000, 0.004000, 0.004000, 0.004000, 0.004000, 0.004000, 0.004000, 0.004000, 0.004000, 0.004000, 0.004000, 0.004000, 0.004000, 0.004000, 0.004000, 0.004000, 0.004000, 0.004000, 0.004000, 0.004000, 0.004000, 0.004000, 0.004000, 0.004000, 0.004000, 0.004000, 0.004000, 0.004000, 0.004000, 0.004000, 0.004000, 0.004000, 0.004000, 0.004000, 0.004000, 0.004000, 0.004000, 0.004000, 0.004000, 0.004000, 0.004000, 0.004000, 0.004000, 0.004000, 0.004000, 0.004000, 0.004000, 0.004000, 0.004000, 0.004000, 0.004000, 0.004000, 0.004000, 0.004000, 0.004000, 0.004000, 0.004000, 0.004000, 0.004000]
HLBPO Best Score: 3.000000e-03
HLBPO Best Pos: [1.000000, -0.216266, 0.457156, 1.000000, -0.370240, 2.303670, 0.000000, -0.455712, 0.000000, 1.000000]
Curve: [0.003000, 0.003000, 0.003000, 0.003000, 0.003000, 0.003000, 0.003000, 0.003000, 0.003000, 0.003000, 0.003000, 0.003000, 0.003000, 0.003000, 0.003000, 0.003000, 0.003000, 0.003000, 0.003000, 0.003000, 0.003000, 0.003000, 0.003000, 0.003000, 0.003000, 0.003000, 0.003000, 0.003000, 0.003000, 0.003000, 0.003000, 0.003000, 0.003000, 0.003000, 0.003000, 0.003000, 0.003000, 0.003000, 0.003000, 0.003000, 0.003000, 0.003000, 0.003000, 0.003000, 0.003000, 0.003000, 0.003000, 0.003000, 0.003000, 0.003000, 0.003000, 0.003000, 0.003000, 0.003000, 0.003000, 0.003000, 0.003000, 0.003000, 0.003000, 0.003000, 0.003000, 0.003000, 0.003000, 0.003000, 0.003000, 0.003000, 0.003000, 0.003000, 0.003000, 0.003000, 0.003000, 0.003000, 0.003000, 0.003000, 0.003000, 0.003000, 0.003000, 0.003000, 0.003000, 0.003000, 0.003000, 0.003000, 0.003000, 0.003000, 0.003000, 0.003000, 0.003000, 0.003000, 0.003000, 0.003000, 0.003000, 0.003000, 0.003000, 0.003000, 0.003000, 0.003000, 0.003000, 0.003000, 0.003000, 0.003000]
Run 8
BPO Best Score: 3.000000e-03
BPO Best Pos: [1.000000, 0.000000, 0.000000, 1.000000, 0.000000, 0.000000, 0.000000, 0.000000, 0.000000, 1.000000]
Curve: [0.003000, 0.003000, 0.003000, 0.003000, 0.003000, 0.003000, 0.003000, 0.003000, 0.003000, 0.003000, 0.003000, 0.003000, 0.003000, 0.003000, 0.003000, 0.003000, 0.003000, 0.003000, 0.003000, 0.003000, 0.003000, 0.003000, 0.003000, 0.003000, 0.003000, 0.003000, 0.003000, 0.003000, 0.003000, 0.003000, 0.003000, 0.003000, 0.003000, 0.003000, 0.003000, 0.003000, 0.003000, 0.003000, 0.003000, 0.003000, 0.003000, 0.003000, 0.003000, 0.003000, 0.003000, 0.003000, 0.003000, 0.003000, 0.003000, 0.003000, 0.003000, 0.003000, 0.003000, 0.003000, 0.003000, 0.003000, 0.003000, 0.003000, 0.003000, 0.003000, 0.003000, 0.003000, 0.003000, 0.003000, 0.003000, 0.003000, 0.003000, 0.003000, 0.003000, 0.003000, 0.003000, 0.003000, 0.003000, 0.003000, 0.003000, 0.003000, 0.003000, 0.003000, 0.003000, 0.003000, 0.003000, 0.003000, 0.003000, 0.003000, 0.003000, 0.003000, 0.003000, 0.003000, 0.003000, 0.003000, 0.003000, 0.003000, 0.003000, 0.003000, 0.003000, 0.003000, 0.003000, 0.003000, 0.003000, 0.003000]
HLBPO Best Score: 6.714286e-03
HLBPO Best Pos: [1.000000, 2.749625, 1.083406, 1.368494, -0.228316, -0.078485, 1.000000, -0.652175, 0.451696, 0.333979]
Curve: [0.006714, 0.006714, 0.006714, 0.006714, 0.006714, 0.006714, 0.006714, 0.006714, 0.006714, 0.006714, 0.006714, 0.006714, 0.006714, 0.006714, 0.006714, 0.006714, 0.006714, 0.006714, 0.006714, 0.006714, 0.006714, 0.006714, 0.006714, 0.006714, 0.006714, 0.006714, 0.006714, 0.006714, 0.006714, 0.006714, 0.006714, 0.006714, 0.006714, 0.006714, 0.006714, 0.006714, 0.006714, 0.006714, 0.006714, 0.006714, 0.006714, 0.006714, 0.006714, 0.006714, 0.006714, 0.006714, 0.006714, 0.006714, 0.006714, 0.006714, 0.006714, 0.006714, 0.006714, 0.006714, 0.006714, 0.006714, 0.006714, 0.006714, 0.006714, 0.006714, 0.006714, 0.006714, 0.006714, 0.006714, 0.006714, 0.006714, 0.006714, 0.006714, 0.006714, 0.006714, 0.006714, 0.006714, 0.006714, 0.006714, 0.006714, 0.006714, 0.006714, 0.006714, 0.006714, 0.006714, 0.006714, 0.006714, 0.006714, 0.006714, 0.006714, 0.006714, 0.006714, 0.006714, 0.006714, 0.006714, 0.006714, 0.006714, 0.006714, 0.006714, 0.006714, 0.006714, 0.006714, 0.006714, 0.006714, 0.006714]
Run 9
BPO Best Score: 6.714286e-03
BPO Best Pos: [1.000000, 0.000000, 0.000000, 1.000000, 0.000000, 0.000000, 0.000000, 0.000000, 0.000000, 0.000000]
Curve: [0.006714, 0.006714, 0.006714, 0.006714, 0.006714, 0.006714, 0.006714, 0.006714, 0.006714, 0.006714, 0.006714, 0.006714, 0.006714, 0.006714, 0.006714, 0.006714, 0.006714, 0.006714, 0.006714, 0.006714, 0.006714, 0.006714, 0.006714, 0.006714, 0.006714, 0.006714, 0.006714, 0.006714, 0.006714, 0.006714, 0.006714, 0.006714, 0.006714, 0.006714, 0.006714, 0.006714, 0.006714, 0.006714, 0.006714, 0.006714, 0.006714, 0.006714, 0.006714, 0.006714, 0.006714, 0.006714, 0.006714, 0.006714, 0.006714, 0.006714, 0.006714, 0.006714, 0.006714, 0.006714, 0.006714, 0.006714, 0.006714, 0.006714, 0.006714, 0.006714, 0.006714, 0.006714, 0.006714, 0.006714, 0.006714, 0.006714, 0.006714, 0.006714, 0.006714, 0.006714, 0.006714, 0.006714, 0.006714, 0.006714, 0.006714, 0.006714, 0.006714, 0.006714, 0.006714, 0.006714, 0.006714, 0.006714, 0.006714, 0.006714, 0.006714, 0.006714, 0.006714, 0.006714, 0.006714, 0.006714, 0.006714, 0.006714, 0.006714, 0.006714, 0.006714, 0.006714, 0.006714, 0.006714, 0.006714, 0.006714]
HLBPO Best Score: 6.714286e-03
HLBPO Best Pos: [1.000000, 0.000000, 0.602121, 1.000000, -0.184405, -0.010858, -0.445684, -0.685033, -0.459335, -0.597810]
Curve: [0.006714, 0.006714, 0.006714, 0.006714, 0.006714, 0.006714, 0.006714, 0.006714, 0.006714, 0.006714, 0.006714, 0.006714, 0.006714, 0.006714, 0.006714, 0.006714, 0.006714, 0.006714, 0.006714, 0.006714, 0.006714, 0.006714, 0.006714, 0.006714, 0.006714, 0.006714, 0.006714, 0.006714, 0.006714, 0.006714, 0.006714, 0.006714, 0.006714, 0.006714, 0.006714, 0.006714, 0.006714, 0.006714, 0.006714, 0.006714, 0.006714, 0.006714, 0.006714, 0.006714, 0.006714, 0.006714, 0.006714, 0.006714, 0.006714, 0.006714, 0.006714, 0.006714, 0.006714, 0.006714, 0.006714, 0.006714, 0.006714, 0.006714, 0.006714, 0.006714, 0.006714, 0.006714, 0.006714, 0.006714, 0.006714, 0.006714, 0.006714, 0.006714, 0.006714, 0.006714, 0.006714, 0.006714, 0.006714, 0.006714, 0.006714, 0.006714, 0.006714, 0.006714, 0.006714, 0.006714, 0.006714, 0.006714, 0.006714, 0.006714, 0.006714, 0.006714, 0.006714, 0.006714, 0.006714, 0.006714, 0.006714, 0.006714, 0.006714, 0.006714, 0.006714, 0.006714, 0.006714, 0.006714, 0.006714, 0.006714]
Run 10
BPO Best Score: 6.714286e-03
BPO Best Pos: [1.000000, 1.567116, 4.201640, 1.000000, 1.188816, 1.023408, 0.000000, 0.000000, -1.314105, -0.150847]
Curve: [0.011214, 0.006714, 0.006714, 0.006714, 0.006714, 0.006714, 0.006714, 0.006714, 0.006714, 0.006714, 0.006714, 0.006714, 0.006714, 0.006714, 0.006714, 0.006714, 0.006714, 0.006714, 0.006714, 0.006714, 0.006714, 0.006714, 0.006714, 0.006714, 0.006714, 0.006714, 0.006714, 0.006714, 0.006714, 0.006714, 0.006714, 0.006714, 0.006714, 0.006714, 0.006714, 0.006714, 0.006714, 0.006714, 0.006714, 0.006714, 0.006714, 0.006714, 0.006714, 0.006714, 0.006714, 0.006714, 0.006714, 0.006714, 0.006714, 0.006714, 0.006714, 0.006714, 0.006714, 0.006714, 0.006714, 0.006714, 0.006714, 0.006714, 0.006714, 0.006714, 0.006714, 0.006714, 0.006714, 0.006714, 0.006714, 0.006714, 0.006714, 0.006714, 0.006714, 0.006714, 0.006714, 0.006714, 0.006714, 0.006714, 0.006714, 0.006714, 0.006714, 0.006714, 0.006714, 0.006714, 0.006714, 0.006714, 0.006714, 0.006714, 0.006714, 0.006714, 0.006714, 0.006714, 0.006714, 0.006714, 0.006714, 0.006714, 0.006714, 0.006714, 0.006714, 0.006714, 0.006714, 0.006714, 0.006714, 0.006714]
HLBPO Best Score: 5.000000e-03
HLBPO Best Pos: [1.000000, 1.000000, 0.000000, 1.000000, 0.000000, 0.000000, 0.000000, 0.000000, 1.000000, 1.000000]
Curve: [0.005000, 0.005000, 0.005000, 0.005000, 0.005000, 0.005000, 0.005000, 0.005000, 0.005000, 0.005000, 0.005000, 0.005000, 0.005000, 0.005000, 0.005000, 0.005000, 0.005000, 0.005000, 0.005000, 0.005000, 0.005000, 0.005000, 0.005000, 0.005000, 0.005000, 0.005000, 0.005000, 0.005000, 0.005000, 0.005000, 0.005000, 0.005000, 0.005000, 0.005000, 0.005000, 0.005000, 0.005000, 0.005000, 0.005000, 0.005000, 0.005000, 0.005000, 0.005000, 0.005000, 0.005000, 0.005000, 0.005000, 0.005000, 0.005000, 0.005000, 0.005000, 0.005000, 0.005000, 0.005000, 0.005000, 0.005000, 0.005000, 0.005000, 0.005000, 0.005000, 0.005000, 0.005000, 0.005000, 0.005000, 0.005000, 0.005000, 0.005000, 0.005000, 0.005000, 0.005000, 0.005000, 0.005000, 0.005000, 0.005000, 0.005000, 0.005000, 0.005000, 0.005000, 0.005000, 0.005000, 0.005000, 0.005000, 0.005000, 0.005000, 0.005000, 0.005000, 0.005000, 0.005000, 0.005000, 0.005000, 0.005000, 0.005000, 0.005000, 0.005000, 0.005000, 0.005000, 0.005000, 0.005000, 0.005000, 0.005000]
