Curve: [0.189423, 0.189423, 0.189423, 0.189423, 0.177574, 0.177574, 0.169922, 0.155555, 0.155555, 0.150122, 0.150122, 0.150122, 0.150122, 0.150122, 0.150122, 0.150122, 0.150122, 0.150122, 0.150122, 0.150122, 0.150122, 0.150122, 0.150122, 0.150122, 0.150122, 0.150122, 0.150122, 0.150122, 0.150122, 0.150122, 0.150122, 0.150122, 0.150122, 0.150122, 0.150122, 0.150122, 0.150122, 0.150122, 0.150122, 0.150122, 0.150122, 0.150122, 0.150122, 0.150122, 0.150122, 0.150122, 0.150122, 0.150122, 0.150122, 0.150122, 0.150008, 0.150008, 0.136808, 0.136808, 0.136808, 0.136808, 0.136808, 0.136808, 0.136808, 0.136808, 0.136808, 0.136808, 0.136808, 0.136808, 0.136808, 0.136808, 0.136808, 0.136808, 0.136808, 0.136808, 0.136808, 0.136808, 0.136808, 0.136808, 0.136808, 0.136808, 0.136808, 0.136808, 0.136808, 0.136808, 0.136808, 0.136808, 0.136808, 0.136808, 0.136808, 0.136808, 0.136808, 0.136808, 0.136808, 0.136808, 0.136808, 0.136808, 0.136808, 0.136808, 0.136808, 0.136808, 0.136808, 0.136808, 0.136808, 0.136808]
Run 1
BPO Best Score: 1.543888e-01
BPO Best Pos: [1.100111, 1.284821, -0.074581, 0.000000, 2.653227, 0.000000, 1.002356, -0.680383, -0.052997, 0.000000, 0.000000, 1.000000, 1.274099, 1.858821, -0.174856, 1.253943, 2.154351, 1.007379, -0.691706]
Curve: [0.154389, 0.154389, 0.154389, 0.154389, 0.154389, 0.154389, 0.154389, 0.154389, 0.154389, 0.154389, 0.154389, 0.154389, 0.154389, 0.154389, 0.154389, 0.154389, 0.154389, 0.154389, 0.154389, 0.154389, 0.154389, 0.154389, 0.154389, 0.154389, 0.154389, 0.154389, 0.154389, 0.154389, 0.154389, 0.154389, 0.154389, 0.154389, 0.154389, 0.154389, 0.154389, 0.154389, 0.154389, 0.154389, 0.154389, 0.154389, 0.154389, 0.154389, 0.154389, 0.154389, 0.154389, 0.154389, 0.154389, 0.154389, 0.154389, 0.154389, 0.154389, 0.154389, 0.154389, 0.154389, 0.154389, 0.154389, 0.154389, 0.154389, 0.154389, 0.154389, 0.154389, 0.154389, 0.154389, 0.154389, 0.154389, 0.154389, 0.154389, 0.154389, 0.154389, 0.154389, 0.154389, 0.154389, 0.154389, 0.154389, 0.154389, 0.154389, 0.154389, 0.154389, 0.154389, 0.154389, 0.154389, 0.154389, 0.154389, 0.154389, 0.154389, 0.154389, 0.154389, 0.154389, 0.154389, 0.154389, 0.154389, 0.154389, 0.154389, 0.154389, 0.154389, 0.154389, 0.154389, 0.154389, 0.154389, 0.154389]
HLBPO Best Score: 1.361678e-01
HLBPO Best Pos: [0.197463, -1.037094, 0.000000, -0.809376, -0.066627, 0.939502, 0.000000, 0.986593, 0.000000, 1.000000, 1.000000, 1.000000, 1.177569, 1.197425, 0.000000, 0.018550, 1.000000, 0.000000, -0.182737]
Curve: [0.136168, 0.136168, 0.136168, 0.136168, 0.136168, 0.136168, 0.136168, 0.136168, 0.136168, 0.136168, 0.136168, 0.136168, 0.136168, 0.136168, 0.136168, 0.136168, 0.136168, 0.136168, 0.136168, 0.136168, 0.136168, 0.136168, 0.136168, 0.136168, 0.136168, 0.136168, 0.136168, 0.136168, 0.136168, 0.136168, 0.136168, 0.136168, 0.136168, 0.136168, 0.136168, 0.136168, 0.136168, 0.136168, 0.136168, 0.136168, 0.136168, 0.136168, 0.136168, 0.136168, 0.136168, 0.136168, 0.136168, 0.136168, 0.136168, 0.136168, 0.136168, 0.136168, 0.136168, 0.136168, 0.136168, 0.136168, 0.136168, 0.136168, 0.136168, 0.136168, 0.136168, 0.136168, 0.136168, 0.136168, 0.136168, 0.136168, 0.136168, 0.136168, 0.136168, 0.136168, 0.136168, 0.136168, 0.136168, 0.136168, 0.136168, 0.136168, 0.136168, 0.136168, 0.136168, 0.136168, 0.136168, 0.136168, 0.136168, 0.136168, 0.136168, 0.136168, 0.136168, 0.136168, 0.136168, 0.136168, 0.136168, 0.136168, 0.136168, 0.136168, 0.136168, 0.136168, 0.136168, 0.136168, 0.136168, 0.136168]
Run 2
BPO Best Score: 1.542039e-01
BPO Best Pos: [1.548375, 0.000000, -0.490185, -0.811253, -0.416191, 1.000000, 0.919908, 1.688611, 1.701903, -0.636816, 0.649637, 0.016997, 1.000000, 1.000000, 0.000000, -0.327967, 1.747421, 0.145997, 0.186977]
Curve: [0.154204, 0.154204, 0.154204, 0.154204, 0.154204, 0.154204, 0.154204, 0.154204, 0.154204, 0.154204, 0.154204, 0.154204, 0.154204, 0.154204, 0.154204, 0.154204, 0.154204, 0.154204, 0.154204, 0.154204, 0.154204, 0.154204, 0.154204, 0.154204, 0.154204, 0.154204, 0.154204, 0.154204, 0.154204, 0.154204, 0.154204, 0.154204, 0.154204, 0.154204, 0.154204, 0.154204, 0.154204, 0.154204, 0.154204, 0.154204, 0.154204, 0.154204, 0.154204, 0.154204, 0.154204, 0.154204, 0.154204, 0.154204, 0.154204, 0.154204, 0.154204, 0.154204, 0.154204, 0.154204, 0.154204, 0.154204, 0.154204, 0.154204, 0.154204, 0.154204, 0.154204, 0.154204, 0.154204, 0.154204, 0.154204, 0.154204, 0.154204, 0.154204, 0.154204, 0.154204, 0.154204, 0.154204, 0.154204, 0.154204, 0.154204, 0.154204, 0.154204, 0.154204, 0.154204, 0.154204, 0.154204, 0.154204, 0.154204, 0.154204, 0.154204, 0.154204, 0.154204, 0.154204, 0.154204, 0.154204, 0.154204, 0.154204, 0.154204, 0.154204, 0.154204, 0.154204, 0.154204, 0.154204, 0.154204, 0.154204]
HLBPO Best Score: 1.521132e-01
HLBPO Best Pos: [1.000000, 0.000000, 1.000000, 1.000000, 1.000000, 0.000000, 0.000000, 0.000000, 1.000000, 0.000000, 1.000000, 1.000000, 0.000000, 1.000000, 0.000000, 0.000000, 1.000000, 0.000000, 1.000000]
Curve: [0.152113, 0.152113, 0.152113, 0.152113, 0.152113, 0.152113, 0.152113, 0.152113, 0.152113, 0.152113, 0.152113, 0.152113, 0.152113, 0.152113, 0.152113, 0.152113, 0.152113, 0.152113, 0.152113, 0.152113, 0.152113, 0.152113, 0.152113, 0.152113, 0.152113, 0.152113, 0.152113, 0.152113, 0.152113, 0.152113, 0.152113, 0.152113, 0.152113, 0.152113, 0.152113, 0.152113, 0.152113, 0.152113, 0.152113, 0.152113, 0.152113, 0.152113, 0.152113, 0.152113, 0.152113, 0.152113, 0.152113, 0.152113, 0.152113, 0.152113, 0.152113, 0.152113, 0.152113, 0.152113, 0.152113, 0.152113, 0.152113, 0.152113, 0.152113, 0.152113, 0.152113, 0.152113, 0.152113, 0.152113, 0.152113, 0.152113, 0.152113, 0.152113, 0.152113, 0.152113, 0.152113, 0.152113, 0.152113, 0.152113, 0.152113, 0.152113, 0.152113, 0.152113, 0.152113, 0.152113, 0.152113, 0.152113, 0.152113, 0.152113, 0.152113, 0.152113, 0.152113, 0.152113, 0.152113, 0.152113, 0.152113, 0.152113, 0.152113, 0.152113, 0.152113, 0.152113, 0.152113, 0.152113, 0.152113, 0.152113]
Run 3
BPO Best Score: 1.360539e-01
BPO Best Pos: [0.118324, 1.128942, -0.108366, 1.354419, -0.276580, -0.456486, 1.000000, 0.000000, 1.820905, 0.000000, -0.379287, 1.000000, -0.622388, 0.000000, 0.000000, -0.605541, 1.000000, -0.168870, 1.070733]
Curve: [0.136054, 0.136054, 0.136054, 0.136054, 0.136054, 0.136054, 0.136054, 0.136054, 0.136054, 0.136054, 0.136054, 0.136054, 0.136054, 0.136054, 0.136054, 0.136054, 0.136054, 0.136054, 0.136054, 0.136054, 0.136054, 0.136054, 0.136054, 0.136054, 0.136054, 0.136054, 0.136054, 0.136054, 0.136054, 0.136054, 0.136054, 0.136054, 0.136054, 0.136054, 0.136054, 0.136054, 0.136054, 0.136054, 0.136054, 0.136054, 0.136054, 0.136054, 0.136054, 0.136054, 0.136054, 0.136054, 0.136054, 0.136054, 0.136054, 0.136054, 0.136054, 0.136054, 0.136054, 0.136054, 0.136054, 0.136054, 0.136054, 0.136054, 0.136054, 0.136054, 0.136054, 0.136054, 0.136054, 0.136054, 0.136054, 0.136054, 0.136054, 0.136054, 0.136054, 0.136054, 0.136054, 0.136054, 0.136054, 0.136054, 0.136054, 0.136054, 0.136054, 0.136054, 0.136054, 0.136054, 0.136054, 0.136054, 0.136054, 0.136054, 0.136054, 0.136054, 0.136054, 0.136054, 0.136054, 0.136054, 0.136054, 0.136054, 0.136054, 0.136054, 0.136054, 0.136054, 0.136054, 0.136054, 0.136054, 0.136054]
HLBPO Best Score: 1.479026e-01
HLBPO Best Pos: [0.000000, 1.000000, 0.728650, 0.000000, 0.715422, 1.180599, 1.468858, 1.671520, 1.205184, 0.000000, 1.682777, -0.542775, -0.364112, 1.165063, 0.528009, 0.132642, 1.000000, 0.640969, 0.000000]
Curve: [0.147903, 0.147903, 0.147903, 0.147903, 0.147903, 0.147903, 0.147903, 0.147903, 0.147903, 0.147903, 0.147903, 0.147903, 0.147903, 0.147903, 0.147903, 0.147903, 0.147903, 0.147903, 0.147903, 0.147903, 0.147903, 0.147903, 0.147903, 0.147903, 0.147903, 0.147903, 0.147903, 0.147903, 0.147903, 0.147903, 0.147903, 0.147903, 0.147903, 0.147903, 0.147903, 0.147903, 0.147903, 0.147903, 0.147903, 0.147903, 0.147903, 0.147903, 0.147903, 0.147903, 0.147903, 0.147903, 0.147903, 0.147903, 0.147903, 0.147903, 0.147903, 0.147903, 0.147903, 0.147903, 0.147903, 0.147903, 0.147903, 0.147903, 0.147903, 0.147903, 0.147903, 0.147903, 0.147903, 0.147903, 0.147903, 0.147903, 0.147903, 0.147903, 0.147903, 0.147903, 0.147903, 0.147903, 0.147903, 0.147903, 0.147903, 0.147903, 0.147903, 0.147903, 0.147903, 0.147903, 0.147903, 0.147903, 0.147903, 0.147903, 0.147903, 0.147903, 0.147903, 0.147903, 0.147903, 0.147903, 0.147903, 0.147903, 0.147903, 0.147903, 0.147903, 0.147903, 0.147903, 0.147903, 0.147903, 0.147903]
Run 4
BPO Best Score: 1.360539e-01
BPO Best Pos: [-0.308567, -0.606091, 1.000000, 1.000000, 0.027893, -0.651616, 1.000000, 0.077109, 0.000000, 0.826072, -0.230866, 1.000000, -0.908442, 0.000000, -0.377135, 0.489553, 1.000000, 1.712858, 1.275648]
Curve: [0.150307, 0.150307, 0.150307, 0.150307, 0.150307, 0.150307, 0.150307, 0.150307, 0.150307, 0.150307, 0.150307, 0.150307, 0.150307, 0.150307, 0.150307, 0.150307, 0.150307, 0.150307, 0.150307, 0.150307, 0.150307, 0.150307, 0.150307, 0.150307, 0.150307, 0.150307, 0.150307, 0.150307, 0.150307, 0.150307, 0.150307, 0.150307, 0.150307, 0.150307, 0.150307, 0.150307, 0.150307, 0.150307, 0.150307, 0.150307, 0.150307, 0.150307, 0.150307, 0.150307, 0.150307, 0.150307, 0.150307, 0.150307, 0.150307, 0.150307, 0.150307, 0.150307, 0.150307, 0.150307, 0.150307, 0.150307, 0.150307, 0.150307, 0.150307, 0.150307, 0.150307, 0.150307, 0.150307, 0.150307, 0.150307, 0.150307, 0.150307, 0.150307, 0.150307, 0.150307, 0.150307, 0.150307, 0.150307, 0.150307, 0.150307, 0.150307, 0.150307, 0.150307, 0.150307, 0.150307, 0.150307, 0.150307, 0.150307, 0.150307, 0.150307, 0.150307, 0.150307, 0.150307, 0.150307, 0.150307, 0.150307, 0.150307, 0.136054, 0.136054, 0.136054, 0.136054, 0.136054, 0.136054, 0.136054, 0.136054]
HLBPO Best Score: 1.490691e-01
HLBPO Best Pos: [-0.862186, 0.925268, 1.000000, -0.385139, 1.097876, -0.753185, -0.474717, 1.000000, 0.465589, 1.355606, 1.000000, 1.000000, 1.621408, 1.479782, 0.000000, 0.231103, 1.000000, 0.000000, 1.689658]
Curve: [0.149069, 0.149069, 0.149069, 0.149069, 0.149069, 0.149069, 0.149069, 0.149069, 0.149069, 0.149069, 0.149069, 0.149069, 0.149069, 0.149069, 0.149069, 0.149069, 0.149069, 0.149069, 0.149069, 0.149069, 0.149069, 0.149069, 0.149069, 0.149069, 0.149069, 0.149069, 0.149069, 0.149069, 0.149069, 0.149069, 0.149069, 0.149069, 0.149069, 0.149069, 0.149069, 0.149069, 0.149069, 0.149069, 0.149069, 0.149069, 0.149069, 0.149069, 0.149069, 0.149069, 0.149069, 0.149069, 0.149069, 0.149069, 0.149069, 0.149069, 0.149069, 0.149069, 0.149069, 0.149069, 0.149069, 0.149069, 0.149069, 0.149069, 0.149069, 0.149069, 0.149069, 0.149069, 0.149069, 0.149069, 0.149069, 0.149069, 0.149069, 0.149069, 0.149069, 0.149069, 0.149069, 0.149069, 0.149069, 0.149069, 0.149069, 0.149069, 0.149069, 0.149069, 0.149069, 0.149069, 0.149069, 0.149069, 0.149069, 0.149069, 0.149069, 0.149069, 0.149069, 0.149069, 0.149069, 0.149069, 0.149069, 0.149069, 0.149069, 0.149069, 0.149069, 0.149069, 0.149069, 0.149069, 0.149069, 0.149069]
Run 5
BPO Best Score: 1.545026e-01
BPO Best Pos: [1.024203, -1.182293, 1.396008, 1.237986, 1.000000, 0.959640, 0.000000, 1.412018, -0.294690, -0.989253, 1.971515, 0.000000, -0.468282, 0.000000, 0.075823, -0.571475, 1.000000, 0.000000, 1.572969]
Curve: [0.154503, 0.154503, 0.154503, 0.154503, 0.154503, 0.154503, 0.154503, 0.154503, 0.154503, 0.154503, 0.154503, 0.154503, 0.154503, 0.154503, 0.154503, 0.154503, 0.154503, 0.154503, 0.154503, 0.154503, 0.154503, 0.154503, 0.154503, 0.154503, 0.154503, 0.154503, 0.154503, 0.154503, 0.154503, 0.154503, 0.154503, 0.154503, 0.154503, 0.154503, 0.154503, 0.154503, 0.154503, 0.154503, 0.154503, 0.154503, 0.154503, 0.154503, 0.154503, 0.154503, 0.154503, 0.154503, 0.154503, 0.154503, 0.154503, 0.154503, 0.154503, 0.154503, 0.154503, 0.154503, 0.154503, 0.154503, 0.154503, 0.154503, 0.154503, 0.154503, 0.154503, 0.154503, 0.154503, 0.154503, 0.154503, 0.154503, 0.154503, 0.154503, 0.154503, 0.154503, 0.154503, 0.154503, 0.154503, 0.154503, 0.154503, 0.154503, 0.154503, 0.154503, 0.154503, 0.154503, 0.154503, 0.154503, 0.154503, 0.154503, 0.154503, 0.154503, 0.154503, 0.154503, 0.154503, 0.154503, 0.154503, 0.154503, 0.154503, 0.154503, 0.154503, 0.154503, 0.154503, 0.154503, 0.154503, 0.154503]
HLBPO Best Score: 1.476039e-01
HLBPO Best Pos: [-0.424182, 1.977432, -0.384976, 1.368981, -0.276951, 0.069109, 0.564333, 1.000000, 0.715161, 0.000000, -0.435073, -0.040198, 2.088054, -0.292732, 0.229268, 0.000000, 1.000000, 0.430486, 1.000000]
Curve: [0.147604, 0.147604, 0.147604, 0.147604, 0.147604, 0.147604, 0.147604, 0.147604, 0.147604, 0.147604, 0.147604, 0.147604, 0.147604, 0.147604, 0.147604, 0.147604, 0.147604, 0.147604, 0.147604, 0.147604, 0.147604, 0.147604, 0.147604, 0.147604, 0.147604, 0.147604, 0.147604, 0.147604, 0.147604, 0.147604, 0.147604, 0.147604, 0.147604, 0.147604, 0.147604, 0.147604, 0.147604, 0.147604, 0.147604, 0.147604, 0.147604, 0.147604, 0.147604, 0.147604, 0.147604, 0.147604, 0.147604, 0.147604, 0.147604, 0.147604, 0.147604, 0.147604, 0.147604, 0.147604, 0.147604, 0.147604, 0.147604, 0.147604, 0.147604, 0.147604, 0.147604, 0.147604, 0.147604, 0.147604, 0.147604, 0.147604, 0.147604, 0.147604, 0.147604, 0.147604, 0.147604, 0.147604, 0.147604, 0.147604, 0.147604, 0.147604, 0.147604, 0.147604, 0.147604, 0.147604, 0.147604, 0.147604, 0.147604, 0.147604, 0.147604, 0.147604, 0.147604, 0.147604, 0.147604, 0.147604, 0.147604, 0.147604, 0.147604, 0.147604, 0.147604, 0.147604, 0.147604, 0.147604, 0.147604, 0.147604]
Run 6
BPO Best Score: 1.434079e-01
BPO Best Pos: [2.094851, 1.717158, 0.000000, 1.000000, 0.000000, 0.000000, -0.365154, -1.041657, 0.820760, 0.888252, 0.000000, 1.000000, 1.000000, 1.000000, 0.000000, 1.653049, 1.000000, 2.091014, 1.000000]
Curve: [0.143408, 0.143408, 0.143408, 0.143408, 0.143408, 0.143408, 0.143408, 0.143408, 0.143408, 0.143408, 0.143408, 0.143408, 0.143408, 0.143408, 0.143408, 0.143408, 0.143408, 0.143408, 0.143408, 0.143408, 0.143408, 0.143408, 0.143408, 0.143408, 0.143408, 0.143408, 0.143408, 0.143408, 0.143408, 0.143408, 0.143408, 0.143408, 0.143408, 0.143408, 0.143408, 0.143408, 0.143408, 0.143408, 0.143408, 0.143408, 0.143408, 0.143408, 0.143408, 0.143408, 0.143408, 0.143408, 0.143408, 0.143408, 0.143408, 0.143408, 0.143408, 0.143408, 0.143408, 0.143408, 0.143408, 0.143408, 0.143408, 0.143408, 0.143408, 0.143408, 0.143408, 0.143408, 0.143408, 0.143408, 0.143408, 0.143408, 0.143408, 0.143408, 0.143408, 0.143408, 0.143408, 0.143408, 0.143408, 0.143408, 0.143408, 0.143408, 0.143408, 0.143408, 0.143408, 0.143408, 0.143408, 0.143408, 0.143408, 0.143408, 0.143408, 0.143408, 0.143408, 0.143408, 0.143408, 0.143408, 0.143408, 0.143408, 0.143408, 0.143408, 0.143408, 0.143408, 0.143408, 0.143408, 0.143408, 0.143408]
HLBPO Best Score: 1.365803e-01
HLBPO Best Pos: [1.039414, -0.278463, 1.654030, 0.000000, 1.000000, 0.851527, 1.000000, -0.019705, 1.674479, -1.396346, 1.090810, 1.000000, 1.060986, 0.000000, 0.000000, -0.122442, 1.000000, 0.000000, 0.015083]
Curve: [0.150307, 0.150307, 0.136580, 0.136580, 0.136580, 0.136580, 0.136580, 0.136580, 0.136580, 0.136580, 0.136580, 0.136580, 0.136580, 0.136580, 0.136580, 0.136580, 0.136580, 0.136580, 0.136580, 0.136580, 0.136580, 0.136580, 0.136580, 0.136580, 0.136580, 0.136580, 0.136580, 0.136580, 0.136580, 0.136580, 0.136580, 0.136580, 0.136580, 0.136580, 0.136580, 0.136580, 0.136580, 0.136580, 0.136580, 0.136580, 0.136580, 0.136580, 0.136580, 0.136580, 0.136580, 0.136580, 0.136580, 0.136580, 0.136580, 0.136580, 0.136580, 0.136580, 0.136580, 0.136580, 0.136580, 0.136580, 0.136580, 0.136580, 0.136580, 0.136580, 0.136580, 0.136580, 0.136580, 0.136580, 0.136580, 0.136580, 0.136580, 0.136580, 0.136580, 0.136580, 0.136580, 0.136580, 0.136580, 0.136580, 0.136580, 0.136580, 0.136580, 0.136580, 0.136580, 0.136580, 0.136580, 0.136580, 0.136580, 0.136580, 0.136580, 0.136580, 0.136580, 0.136580, 0.136580, 0.136580, 0.136580, 0.136580, 0.136580, 0.136580, 0.136580, 0.136580, 0.136580, 0.136580, 0.136580, 0.136580]
Run 7
BPO Best Score: 1.543888e-01
BPO Best Pos: [0.006326, 1.328430, 0.624150, 1.164187, 0.011320, 1.959041, -0.613000, 0.000000, 0.363121, -0.019146, 0.075206, 1.000000, 1.267031, -0.309460, 0.087635, 0.000000, 1.190370, 0.502277, 1.172854]
Curve: [0.154389, 0.154389, 0.154389, 0.154389, 0.154389, 0.154389, 0.154389, 0.154389, 0.154389, 0.154389, 0.154389, 0.154389, 0.154389, 0.154389, 0.154389, 0.154389, 0.154389, 0.154389, 0.154389, 0.154389, 0.154389, 0.154389, 0.154389, 0.154389, 0.154389, 0.154389, 0.154389, 0.154389, 0.154389, 0.154389, 0.154389, 0.154389, 0.154389, 0.154389, 0.154389, 0.154389, 0.154389, 0.154389, 0.154389, 0.154389, 0.154389, 0.154389, 0.154389, 0.154389, 0.154389, 0.154389, 0.154389, 0.154389, 0.154389, 0.154389, 0.154389, 0.154389, 0.154389, 0.154389, 0.154389, 0.154389, 0.154389, 0.154389, 0.154389, 0.154389, 0.154389, 0.154389, 0.154389, 0.154389, 0.154389, 0.154389, 0.154389, 0.154389, 0.154389, 0.154389, 0.154389, 0.154389, 0.154389, 0.154389, 0.154389, 0.154389, 0.154389, 0.154389, 0.154389, 0.154389, 0.154389, 0.154389, 0.154389, 0.154389, 0.154389, 0.154389, 0.154389, 0.154389, 0.154389, 0.154389, 0.154389, 0.154389, 0.154389, 0.154389, 0.154389, 0.154389, 0.154389, 0.154389, 0.154389, 0.154389]
HLBPO Best Score: 1.485428e-01
HLBPO Best Pos: [0.921904, 1.013995, 1.585389, 0.000000, 0.000000, -0.155678, -0.038555, 1.373474, 1.420647, 1.000000, 0.000000, 1.000000, 1.000000, 1.000000, 0.081227, 0.000000, 0.960714, -0.809001, -0.034810]
Curve: [0.154503, 0.148543, 0.148543, 0.148543, 0.148543, 0.148543, 0.148543, 0.148543, 0.148543, 0.148543, 0.148543, 0.148543, 0.148543, 0.148543, 0.148543, 0.148543, 0.148543, 0.148543, 0.148543, 0.148543, 0.148543, 0.148543, 0.148543, 0.148543, 0.148543, 0.148543, 0.148543, 0.148543, 0.148543, 0.148543, 0.148543, 0.148543, 0.148543, 0.148543, 0.148543, 0.148543, 0.148543, 0.148543, 0.148543, 0.148543, 0.148543, 0.148543, 0.148543, 0.148543, 0.148543, 0.148543, 0.148543, 0.148543, 0.148543, 0.148543, 0.148543, 0.148543, 0.148543, 0.148543, 0.148543, 0.148543, 0.148543, 0.148543, 0.148543, 0.148543, 0.148543, 0.148543, 0.148543, 0.148543, 0.148543, 0.148543, 0.148543, 0.148543, 0.148543, 0.148543, 0.148543, 0.148543, 0.148543, 0.148543, 0.148543, 0.148543, 0.148543, 0.148543, 0.148543, 0.148543, 0.148543, 0.148543, 0.148543, 0.148543, 0.148543, 0.148543, 0.148543, 0.148543, 0.148543, 0.148543, 0.148543, 0.148543, 0.148543, 0.148543, 0.148543, 0.148543, 0.148543, 0.148543, 0.148543, 0.148543]
Run 8
BPO Best Score: 1.549151e-01
BPO Best Pos: [0.107406, 0.000000, 1.369966, -0.228023, 1.000000, -0.869475, -0.750446, -0.185653, -0.728337, -0.446264, 0.000000, 1.000000, 0.739704, -0.067669, 1.037130, 0.950573, 0.910270, -0.526892, 0.000000]
Curve: [0.154915, 0.154915, 0.154915, 0.154915, 0.154915, 0.154915, 0.154915, 0.154915, 0.154915, 0.154915, 0.154915, 0.154915, 0.154915, 0.154915, 0.154915, 0.154915, 0.154915, 0.154915, 0.154915, 0.154915, 0.154915, 0.154915, 0.154915, 0.154915, 0.154915, 0.154915, 0.154915, 0.154915, 0.154915, 0.154915, 0.154915, 0.154915, 0.154915, 0.154915, 0.154915, 0.154915, 0.154915, 0.154915, 0.154915, 0.154915, 0.154915, 0.154915, 0.154915, 0.154915, 0.154915, 0.154915, 0.154915, 0.154915, 0.154915, 0.154915, 0.154915, 0.154915, 0.154915, 0.154915, 0.154915, 0.154915, 0.154915, 0.154915, 0.154915, 0.154915, 0.154915, 0.154915, 0.154915, 0.154915, 0.154915, 0.154915, 0.154915, 0.154915, 0.154915, 0.154915, 0.154915, 0.154915, 0.154915, 0.154915, 0.154915, 0.154915, 0.154915, 0.154915, 0.154915, 0.154915, 0.154915, 0.154915, 0.154915, 0.154915, 0.154915, 0.154915, 0.154915, 0.154915, 0.154915, 0.154915, 0.154915, 0.154915, 0.154915, 0.154915, 0.154915, 0.154915, 0.154915, 0.154915, 0.154915, 0.154915]
HLBPO Best Score: 1.479026e-01
HLBPO Best Pos: [2.419818, 1.000000, 0.003736, -1.894678, 1.067349, 1.746312, 1.404414, 0.563598, 4.970151, 0.961581, 1.608028, 1.118398, 1.141075, 2.601331, -0.031136, -0.102283, 1.000000, 0.120227, -0.353113]
Curve: [0.154503, 0.147903, 0.147903, 0.147903, 0.147903, 0.147903, 0.147903, 0.147903, 0.147903, 0.147903, 0.147903, 0.147903, 0.147903, 0.147903, 0.147903, 0.147903, 0.147903, 0.147903, 0.147903, 0.147903, 0.147903, 0.147903, 0.147903, 0.147903, 0.147903, 0.147903, 0.147903, 0.147903, 0.147903, 0.147903, 0.147903, 0.147903, 0.147903, 0.147903, 0.147903, 0.147903, 0.147903, 0.147903, 0.147903, 0.147903, 0.147903, 0.147903, 0.147903, 0.147903, 0.147903, 0.147903, 0.147903, 0.147903, 0.147903, 0.147903, 0.147903, 0.147903, 0.147903, 0.147903, 0.147903, 0.147903, 0.147903, 0.147903, 0.147903, 0.147903, 0.147903, 0.147903, 0.147903, 0.147903, 0.147903, 0.147903, 0.147903, 0.147903, 0.147903, 0.147903, 0.147903, 0.147903, 0.147903, 0.147903, 0.147903, 0.147903, 0.147903, 0.147903, 0.147903, 0.147903, 0.147903, 0.147903, 0.147903, 0.147903, 0.147903, 0.147903, 0.147903, 0.147903, 0.147903, 0.147903, 0.147903, 0.147903, 0.147903, 0.147903, 0.147903, 0.147903, 0.147903, 0.147903, 0.147903, 0.147903]
Run 9
BPO Best Score: 1.423553e-01
BPO Best Pos: [-0.705562, 1.000000, -0.593023, 1.015798, 1.000000, 1.745424, -0.494812, 1.000000, 1.007903, -0.841751, 1.992067, 1.090174, -0.202079, -0.947683, -0.074130, 0.000000, 1.000000, -0.007550, 1.000000]
Curve: [0.142882, 0.142882, 0.142882, 0.142882, 0.142882, 0.142882, 0.142882, 0.142882, 0.142882, 0.142882, 0.142882, 0.142882, 0.142882, 0.142882, 0.142882, 0.142882, 0.142882, 0.142882, 0.142882, 0.142882, 0.142882, 0.142882, 0.142882, 0.142882, 0.142882, 0.142882, 0.142882, 0.142882, 0.142882, 0.142882, 0.142882, 0.142882, 0.142882, 0.142882, 0.142882, 0.142882, 0.142882, 0.142882, 0.142882, 0.142882, 0.142882, 0.142882, 0.142882, 0.142882, 0.142882, 0.142882, 0.142882, 0.142882, 0.142882, 0.142882, 0.142882, 0.142882, 0.142882, 0.142882, 0.142882, 0.142882, 0.142882, 0.142882, 0.142882, 0.142882, 0.142355, 0.142355, 0.142355, 0.142355, 0.142355, 0.142355, 0.142355, 0.142355, 0.142355, 0.142355, 0.142355, 0.142355, 0.142355, 0.142355, 0.142355, 0.142355, 0.142355, 0.142355, 0.142355, 0.142355, 0.142355, 0.142355, 0.142355, 0.142355, 0.142355, 0.142355, 0.142355, 0.142355, 0.142355, 0.142355, 0.142355, 0.142355, 0.142355, 0.142355, 0.142355, 0.142355, 0.142355, 0.142355, 0.142355, 0.142355]
HLBPO Best Score: 1.543888e-01
HLBPO Best Pos: [1.159662, -0.226410, 1.788506, 1.459123, 1.292383, 0.458844, 0.695735, 1.292890, -0.393174, 0.949779, -0.691929, 1.000000, -1.166857, 1.061542, 0.000000, 0.056905, 1.940127, -0.155284, 0.949472]
Curve: [0.154389, 0.154389, 0.154389, 0.154389, 0.154389, 0.154389, 0.154389, 0.154389, 0.154389, 0.154389, 0.154389, 0.154389, 0.154389, 0.154389, 0.154389, 0.154389, 0.154389, 0.154389, 0.154389, 0.154389, 0.154389, 0.154389, 0.154389, 0.154389, 0.154389, 0.154389, 0.154389, 0.154389, 0.154389, 0.154389, 0.154389, 0.154389, 0.154389, 0.154389, 0.154389, 0.154389, 0.154389, 0.154389, 0.154389, 0.154389, 0.154389, 0.154389, 0.154389, 0.154389, 0.154389, 0.154389, 0.154389, 0.154389, 0.154389, 0.154389, 0.154389, 0.154389, 0.154389, 0.154389, 0.154389, 0.154389, 0.154389, 0.154389, 0.154389, 0.154389, 0.154389, 0.154389, 0.154389, 0.154389, 0.154389, 0.154389, 0.154389, 0.154389, 0.154389, 0.154389, 0.154389, 0.154389, 0.154389, 0.154389, 0.154389, 0.154389, 0.154389, 0.154389, 0.154389, 0.154389, 0.154389, 0.154389, 0.154389, 0.154389, 0.154389, 0.154389, 0.154389, 0.154389, 0.154389, 0.154389, 0.154389, 0.154389, 0.154389, 0.154389, 0.154389, 0.154389, 0.154389, 0.154389, 0.154389, 0.154389]
Run 10
BPO Best Score: 1.543888e-01
BPO Best Pos: [1.309125, 1.141957, 0.841375, 0.730670, 0.192783, 0.830863, -1.123146, 2.217469, 2.252787, 1.177711, 2.817231, 1.000000, -1.600211, -0.871177, 0.005125, -0.875645, -0.320040, 3.155738, 1.288065]
Curve: [0.154915, 0.154389, 0.154389, 0.154389, 0.154389, 0.154389, 0.154389, 0.154389, 0.154389, 0.154389, 0.154389, 0.154389, 0.154389, 0.154389, 0.154389, 0.154389, 0.154389, 0.154389, 0.154389, 0.154389, 0.154389, 0.154389, 0.154389, 0.154389, 0.154389, 0.154389, 0.154389, 0.154389, 0.154389, 0.154389, 0.154389, 0.154389, 0.154389, 0.154389, 0.154389, 0.154389, 0.154389, 0.154389, 0.154389, 0.154389, 0.154389, 0.154389, 0.154389, 0.154389, 0.154389, 0.154389, 0.154389, 0.154389, 0.154389, 0.154389, 0.154389, 0.154389, 0.154389, 0.154389, 0.154389, 0.154389, 0.154389, 0.154389, 0.154389, 0.154389, 0.154389, 0.154389, 0.154389, 0.154389, 0.154389, 0.154389, 0.154389, 0.154389, 0.154389, 0.154389, 0.154389, 0.154389, 0.154389, 0.154389, 0.154389, 0.154389, 0.154389, 0.154389, 0.154389, 0.154389, 0.154389, 0.154389, 0.154389, 0.154389, 0.154389, 0.154389, 0.154389, 0.154389, 0.154389, 0.154389, 0.154389, 0.154389, 0.154389, 0.154389, 0.154389, 0.154389, 0.154389, 0.154389, 0.154389, 0.154389]
HLBPO Best Score: 1.664651e-01
HLBPO Best Pos: [0.828405, 0.728058, 0.000000, 0.948878, 0.778560, 1.074458, 1.058519, 1.000000, 1.372718, 1.018423, 1.638202, -1.182468, 1.000000, -0.590660, 0.000000, 0.000000, 1.893305, 0.000000, 0.000000]
Curve: [0.170036, 0.166465, 0.166465, 0.166465, 0.166465, 0.166465, 0.166465, 0.166465, 0.166465, 0.166465, 0.166465, 0.166465, 0.166465, 0.166465, 0.166465, 0.166465, 0.166465, 0.166465, 0.166465, 0.166465, 0.166465, 0.166465, 0.166465, 0.166465, 0.166465, 0.166465, 0.166465, 0.166465, 0.166465, 0.166465, 0.166465, 0.166465, 0.166465, 0.166465, 0.166465, 0.166465, 0.166465, 0.166465, 0.166465, 0.166465, 0.166465, 0.166465, 0.166465, 0.166465, 0.166465, 0.166465, 0.166465, 0.166465, 0.166465, 0.166465, 0.166465, 0.166465, 0.166465, 0.166465, 0.166465, 0.166465, 0.166465, 0.166465, 0.166465, 0.166465, 0.166465, 0.166465, 0.166465, 0.166465, 0.166465, 0.166465, 0.166465, 0.166465, 0.166465, 0.166465, 0.166465, 0.166465, 0.166465, 0.166465, 0.166465, 0.166465, 0.166465, 0.166465, 0.166465, 0.166465, 0.166465, 0.166465, 0.166465, 0.166465, 0.166465, 0.166465, 0.166465, 0.166465, 0.166465, 0.166465, 0.166465, 0.166465, 0.166465, 0.166465, 0.166465, 0.166465, 0.166465, 0.166465, 0.166465, 0.166465]
