Curve: [0.371314, 0.334825, 0.334825, 0.332816, 0.287255, 0.287255, 0.287255, 0.287255, 0.287255, 0.287255, 0.287255, 0.287255, 0.287255, 0.287255, 0.287255, 0.287255, 0.287255, 0.287255, 0.286215, 0.253588, 0.253588, 0.245264, 0.245264, 0.245264, 0.245264, 0.237088, 0.237088, 0.237088, 0.237088, 0.227504, 0.227504, 0.227504, 0.201118, 0.183951, 0.183951, 0.183951, 0.183951, 0.183951, 0.183951, 0.183951, 0.183951, 0.183951, 0.183951, 0.183951, 0.183951, 0.183951, 0.183951, 0.183951, 0.181646, 0.181646, 0.181646, 0.181646, 0.181646, 0.181646, 0.181646, 0.181646, 0.181646, 0.181646, 0.181646, 0.181646, 0.181646, 0.181646, 0.181646, 0.181646, 0.181646, 0.181646, 0.181646, 0.181646, 0.181646, 0.181646, 0.181646, 0.181646, 0.181646, 0.181646, 0.181646, 0.181646, 0.181646, 0.181646, 0.181646, 0.181646, 0.181646, 0.181646, 0.181646, 0.181646, 0.181646, 0.181646, 0.181646, 0.181646, 0.181646, 0.181646, 0.181646, 0.181646, 0.181646, 0.181646, 0.181646, 0.181646, 0.181646, 0.181646, 0.181646, 0.181646]
Run 1
BPO Best Score: 2.714299e-01
BPO Best Pos: [0.449902, 1.620426, -1.427687, 1.000000, -0.516241, -0.005237, 0.115969, 0.980324, -0.441045, 0.973899, 0.020934, 1.682422, 0.000000, 0.878191, 0.000000, 0.013516, 0.000000, 1.130827, 1.693211, 1.256605, 1.366163, 0.026708, 1.125745, 1.000000, 0.000000, 0.541688, 0.991744]
Curve: [0.271430, 0.271430, 0.271430, 0.271430, 0.271430, 0.271430, 0.271430, 0.271430, 0.271430, 0.271430, 0.271430, 0.271430, 0.271430, 0.271430, 0.271430, 0.271430, 0.271430, 0.271430, 0.271430, 0.271430, 0.271430, 0.271430, 0.271430, 0.271430, 0.271430, 0.271430, 0.271430, 0.271430, 0.271430, 0.271430, 0.271430, 0.271430, 0.271430, 0.271430, 0.271430, 0.271430, 0.271430, 0.271430, 0.271430, 0.271430, 0.271430, 0.271430, 0.271430, 0.271430, 0.271430, 0.271430, 0.271430, 0.271430, 0.271430, 0.271430, 0.271430, 0.271430, 0.271430, 0.271430, 0.271430, 0.271430, 0.271430, 0.271430, 0.271430, 0.271430, 0.271430, 0.271430, 0.271430, 0.271430, 0.271430, 0.271430, 0.271430, 0.271430, 0.271430, 0.271430, 0.271430, 0.271430, 0.271430, 0.271430, 0.271430, 0.271430, 0.271430, 0.271430, 0.271430, 0.271430, 0.271430, 0.271430, 0.271430, 0.271430, 0.271430, 0.271430, 0.271430, 0.271430, 0.271430, 0.271430, 0.271430, 0.271430, 0.271430, 0.271430, 0.271430, 0.271430, 0.271430, 0.271430, 0.271430, 0.271430]
HLBPO Best Score: 1.839515e-01
HLBPO Best Pos: [1.177769, 0.992537, 1.965226, -0.504233, 0.854457, -0.131398, -0.984015, 1.390087, -0.310840, -1.037135, 0.148155, 1.423015, -0.531625, -0.147770, 0.242839, 1.563652, 0.000000, 0.000000, -0.071894, 0.000000, 0.000000, 0.878744, 1.000000, 0.418786, 1.100283, 0.000000, 0.000000]
Curve: [0.183951, 0.183951, 0.183951, 0.183951, 0.183951, 0.183951, 0.183951, 0.183951, 0.183951, 0.183951, 0.183951, 0.183951, 0.183951, 0.183951, 0.183951, 0.183951, 0.183951, 0.183951, 0.183951, 0.183951, 0.183951, 0.183951, 0.183951, 0.183951, 0.183951, 0.183951, 0.183951, 0.183951, 0.183951, 0.183951, 0.183951, 0.183951, 0.183951, 0.183951, 0.183951, 0.183951, 0.183951, 0.183951, 0.183951, 0.183951, 0.183951, 0.183951, 0.183951, 0.183951, 0.183951, 0.183951, 0.183951, 0.183951, 0.183951, 0.183951, 0.183951, 0.183951, 0.183951, 0.183951, 0.183951, 0.183951, 0.183951, 0.183951, 0.183951, 0.183951, 0.183951, 0.183951, 0.183951, 0.183951, 0.183951, 0.183951, 0.183951, 0.183951, 0.183951, 0.183951, 0.183951, 0.183951, 0.183951, 0.183951, 0.183951, 0.183951, 0.183951, 0.183951, 0.183951, 0.183951, 0.183951, 0.183951, 0.183951, 0.183951, 0.183951, 0.183951, 0.183951, 0.183951, 0.183951, 0.183951, 0.183951, 0.183951, 0.183951, 0.183951, 0.183951, 0.183951, 0.183951, 0.183951, 0.183951, 0.183951]
Run 2
BPO Best Score: 1.839515e-01
BPO Best Pos: [0.306067, 1.335808, 0.050212, 1.227280, 1.463376, 0.500285, 1.894300, 0.383702, -0.097402, 1.875966, 1.294878, 0.345944, 1.715267, -0.957398, 0.000000, -0.195277, 0.275851, 1.174520, 1.099088, 0.000000, -0.889829, -0.414142, 1.000000, -0.591336, 0.000000, 1.624567, -0.668307]
Curve: [0.183951, 0.183951, 0.183951, 0.183951, 0.183951, 0.183951, 0.183951, 0.183951, 0.183951, 0.183951, 0.183951, 0.183951, 0.183951, 0.183951, 0.183951, 0.183951, 0.183951, 0.183951, 0.183951, 0.183951, 0.183951, 0.183951, 0.183951, 0.183951, 0.183951, 0.183951, 0.183951, 0.183951, 0.183951, 0.183951, 0.183951, 0.183951, 0.183951, 0.183951, 0.183951, 0.183951, 0.183951, 0.183951, 0.183951, 0.183951, 0.183951, 0.183951, 0.183951, 0.183951, 0.183951, 0.183951, 0.183951, 0.183951, 0.183951, 0.183951, 0.183951, 0.183951, 0.183951, 0.183951, 0.183951, 0.183951, 0.183951, 0.183951, 0.183951, 0.183951, 0.183951, 0.183951, 0.183951, 0.183951, 0.183951, 0.183951, 0.183951, 0.183951, 0.183951, 0.183951, 0.183951, 0.183951, 0.183951, 0.183951, 0.183951, 0.183951, 0.183951, 0.183951, 0.183951, 0.183951, 0.183951, 0.183951, 0.183951, 0.183951, 0.183951, 0.183951, 0.183951, 0.183951, 0.183951, 0.183951, 0.183951, 0.183951, 0.183951, 0.183951, 0.183951, 0.183951, 0.183951, 0.183951, 0.183951, 0.183951]
HLBPO Best Score: 1.839515e-01
HLBPO Best Pos: [-0.188899, 0.793974, 2.710521, 1.093871, 1.187915, -0.049754, 2.505994, 1.041926, 0.707280, -0.054565, 2.459948, -0.013199, 0.703461, 1.546484, -0.346201, 3.628488, -2.654613, 0.873771, 0.043283, -0.861505, 2.418738, 0.965724, 1.000000, 1.337433, 1.994060, 0.964855, -0.827623]
Curve: [0.219552, 0.183951, 0.183951, 0.183951, 0.183951, 0.183951, 0.183951, 0.183951, 0.183951, 0.183951, 0.183951, 0.183951, 0.183951, 0.183951, 0.183951, 0.183951, 0.183951, 0.183951, 0.183951, 0.183951, 0.183951, 0.183951, 0.183951, 0.183951, 0.183951, 0.183951, 0.183951, 0.183951, 0.183951, 0.183951, 0.183951, 0.183951, 0.183951, 0.183951, 0.183951, 0.183951, 0.183951, 0.183951, 0.183951, 0.183951, 0.183951, 0.183951, 0.183951, 0.183951, 0.183951, 0.183951, 0.183951, 0.183951, 0.183951, 0.183951, 0.183951, 0.183951, 0.183951, 0.183951, 0.183951, 0.183951, 0.183951, 0.183951, 0.183951, 0.183951, 0.183951, 0.183951, 0.183951, 0.183951, 0.183951, 0.183951, 0.183951, 0.183951, 0.183951, 0.183951, 0.183951, 0.183951, 0.183951, 0.183951, 0.183951, 0.183951, 0.183951, 0.183951, 0.183951, 0.183951, 0.183951, 0.183951, 0.183951, 0.183951, 0.183951, 0.183951, 0.183951, 0.183951, 0.183951, 0.183951, 0.183951, 0.183951, 0.183951, 0.183951, 0.183951, 0.183951, 0.183951, 0.183951, 0.183951, 0.183951]
Run 3
BPO Best Score: 1.839515e-01
BPO Best Pos: [0.114641, -0.160850, 0.337965, 0.568190, 0.032549, -1.497786, 0.744470, 0.147351, 1.788080, 0.088310, 0.873631, -0.400604, -1.186336, 1.601224, 0.000000, -0.072171, 1.144718, -0.520137, -0.326703, 1.966418, 4.793128, 3.593385, 1.000000, -0.029043, 0.822705, 0.434033, -1.642585]
Curve: [0.217469, 0.183951, 0.183951, 0.183951, 0.183951, 0.183951, 0.183951, 0.183951, 0.183951, 0.183951, 0.183951, 0.183951, 0.183951, 0.183951, 0.183951, 0.183951, 0.183951, 0.183951, 0.183951, 0.183951, 0.183951, 0.183951, 0.183951, 0.183951, 0.183951, 0.183951, 0.183951, 0.183951, 0.183951, 0.183951, 0.183951, 0.183951, 0.183951, 0.183951, 0.183951, 0.183951, 0.183951, 0.183951, 0.183951, 0.183951, 0.183951, 0.183951, 0.183951, 0.183951, 0.183951, 0.183951, 0.183951, 0.183951, 0.183951, 0.183951, 0.183951, 0.183951, 0.183951, 0.183951, 0.183951, 0.183951, 0.183951, 0.183951, 0.183951, 0.183951, 0.183951, 0.183951, 0.183951, 0.183951, 0.183951, 0.183951, 0.183951, 0.183951, 0.183951, 0.183951, 0.183951, 0.183951, 0.183951, 0.183951, 0.183951, 0.183951, 0.183951, 0.183951, 0.183951, 0.183951, 0.183951, 0.183951, 0.183951, 0.183951, 0.183951, 0.183951, 0.183951, 0.183951, 0.183951, 0.183951, 0.183951, 0.183951, 0.183951, 0.183951, 0.183951, 0.183951, 0.183951, 0.183951, 0.183951, 0.183951]
HLBPO Best Score: 2.797530e-01
HLBPO Best Pos: [0.000000, 0.000000, -1.257729, 1.000000, 0.200158, 0.966436, 0.364471, 1.000000, 1.302323, 1.747675, 0.022244, 1.597121, -1.400809, 0.000000, 0.070104, 1.202441, 1.662081, 0.000000, -0.441005, 1.744251, 0.177503, 0.676039, -0.196580, 1.000000, 1.311632, 0.000000, 1.131973]
Curve: [0.279753, 0.279753, 0.279753, 0.279753, 0.279753, 0.279753, 0.279753, 0.279753, 0.279753, 0.279753, 0.279753, 0.279753, 0.279753, 0.279753, 0.279753, 0.279753, 0.279753, 0.279753, 0.279753, 0.279753, 0.279753, 0.279753, 0.279753, 0.279753, 0.279753, 0.279753, 0.279753, 0.279753, 0.279753, 0.279753, 0.279753, 0.279753, 0.279753, 0.279753, 0.279753, 0.279753, 0.279753, 0.279753, 0.279753, 0.279753, 0.279753, 0.279753, 0.279753, 0.279753, 0.279753, 0.279753, 0.279753, 0.279753, 0.279753, 0.279753, 0.279753, 0.279753, 0.279753, 0.279753, 0.279753, 0.279753, 0.279753, 0.279753, 0.279753, 0.279753, 0.279753, 0.279753, 0.279753, 0.279753, 0.279753, 0.279753, 0.279753, 0.279753, 0.279753, 0.279753, 0.279753, 0.279753, 0.279753, 0.279753, 0.279753, 0.279753, 0.279753, 0.279753, 0.279753, 0.279753, 0.279753, 0.279753, 0.279753, 0.279753, 0.279753, 0.279753, 0.279753, 0.279753, 0.279753, 0.279753, 0.279753, 0.279753, 0.279753, 0.279753, 0.279753, 0.279753, 0.279753, 0.279753, 0.279753, 0.279753]
Run 4
BPO Best Score: 1.839515e-01
BPO Best Pos: [-0.147197, 1.395674, 0.000000, 0.659596, 1.228387, 0.343783, -0.326681, 0.267654, -0.413312, 1.336557, 0.148392, 1.886579, -0.068436, 1.351562, 0.000000, -0.627174, 0.860612, 1.694084, -0.147555, 1.276323, 1.377772, 0.047053, 1.000000, 1.637290, -0.798503, 0.734764, 1.977790]
Curve: [0.183951, 0.183951, 0.183951, 0.183951, 0.183951, 0.183951, 0.183951, 0.183951, 0.183951, 0.183951, 0.183951, 0.183951, 0.183951, 0.183951, 0.183951, 0.183951, 0.183951, 0.183951, 0.183951, 0.183951, 0.183951, 0.183951, 0.183951, 0.183951, 0.183951, 0.183951, 0.183951, 0.183951, 0.183951, 0.183951, 0.183951, 0.183951, 0.183951, 0.183951, 0.183951, 0.183951, 0.183951, 0.183951, 0.183951, 0.183951, 0.183951, 0.183951, 0.183951, 0.183951, 0.183951, 0.183951, 0.183951, 0.183951, 0.183951, 0.183951, 0.183951, 0.183951, 0.183951, 0.183951, 0.183951, 0.183951, 0.183951, 0.183951, 0.183951, 0.183951, 0.183951, 0.183951, 0.183951, 0.183951, 0.183951, 0.183951, 0.183951, 0.183951, 0.183951, 0.183951, 0.183951, 0.183951, 0.183951, 0.183951, 0.183951, 0.183951, 0.183951, 0.183951, 0.183951, 0.183951, 0.183951, 0.183951, 0.183951, 0.183951, 0.183951, 0.183951, 0.183951, 0.183951, 0.183951, 0.183951, 0.183951, 0.183951, 0.183951, 0.183951, 0.183951, 0.183951, 0.183951, 0.183951, 0.183951, 0.183951]
HLBPO Best Score: 2.440043e-01
HLBPO Best Pos: [1.550862, 0.995165, 1.467487, 0.903519, 0.161197, 1.021238, 0.075943, 0.206457, 0.000000, 0.243547, 1.000000, 0.133719, 0.759537, 1.314230, -0.863887, 0.727693, 0.000000, 0.000000, 1.662291, 0.000000, 1.812000, 0.133783, 1.000000, 0.015067, 0.953386, -0.556527, 1.459364]
Curve: [0.274327, 0.244004, 0.244004, 0.244004, 0.244004, 0.244004, 0.244004, 0.244004, 0.244004, 0.244004, 0.244004, 0.244004, 0.244004, 0.244004, 0.244004, 0.244004, 0.244004, 0.244004, 0.244004, 0.244004, 0.244004, 0.244004, 0.244004, 0.244004, 0.244004, 0.244004, 0.244004, 0.244004, 0.244004, 0.244004, 0.244004, 0.244004, 0.244004, 0.244004, 0.244004, 0.244004, 0.244004, 0.244004, 0.244004, 0.244004, 0.244004, 0.244004, 0.244004, 0.244004, 0.244004, 0.244004, 0.244004, 0.244004, 0.244004, 0.244004, 0.244004, 0.244004, 0.244004, 0.244004, 0.244004, 0.244004, 0.244004, 0.244004, 0.244004, 0.244004, 0.244004, 0.244004, 0.244004, 0.244004, 0.244004, 0.244004, 0.244004, 0.244004, 0.244004, 0.244004, 0.244004, 0.244004, 0.244004, 0.244004, 0.244004, 0.244004, 0.244004, 0.244004, 0.244004, 0.244004, 0.244004, 0.244004, 0.244004, 0.244004, 0.244004, 0.244004, 0.244004, 0.244004, 0.244004, 0.244004, 0.244004, 0.244004, 0.244004, 0.244004, 0.244004, 0.244004, 0.244004, 0.244004, 0.244004, 0.244004]
Run 5
BPO Best Score: 1.839515e-01
BPO Best Pos: [0.725054, 0.365701, 0.011988, -1.494559, 1.089837, 0.127184, -1.219961, 1.102903, -0.121147, -0.007792, -0.140939, 1.117449, -1.384157, -2.136748, -0.921042, -0.440740, 1.735535, -0.021337, 0.033049, 0.000000, 0.122846, 1.111515, 1.000000, 1.260596, 0.768431, 0.964411, 2.467876]
Curve: [0.231367, 0.183951, 0.183951, 0.183951, 0.183951, 0.183951, 0.183951, 0.183951, 0.183951, 0.183951, 0.183951, 0.183951, 0.183951, 0.183951, 0.183951, 0.183951, 0.183951, 0.183951, 0.183951, 0.183951, 0.183951, 0.183951, 0.183951, 0.183951, 0.183951, 0.183951, 0.183951, 0.183951, 0.183951, 0.183951, 0.183951, 0.183951, 0.183951, 0.183951, 0.183951, 0.183951, 0.183951, 0.183951, 0.183951, 0.183951, 0.183951, 0.183951, 0.183951, 0.183951, 0.183951, 0.183951, 0.183951, 0.183951, 0.183951, 0.183951, 0.183951, 0.183951, 0.183951, 0.183951, 0.183951, 0.183951, 0.183951, 0.183951, 0.183951, 0.183951, 0.183951, 0.183951, 0.183951, 0.183951, 0.183951, 0.183951, 0.183951, 0.183951, 0.183951, 0.183951, 0.183951, 0.183951, 0.183951, 0.183951, 0.183951, 0.183951, 0.183951, 0.183951, 0.183951, 0.183951, 0.183951, 0.183951, 0.183951, 0.183951, 0.183951, 0.183951, 0.183951, 0.183951, 0.183951, 0.183951, 0.183951, 0.183951, 0.183951, 0.183951, 0.183951, 0.183951, 0.183951, 0.183951, 0.183951, 0.183951]
HLBPO Best Score: 2.497260e-01
HLBPO Best Pos: [0.432516, 1.112527, 0.000000, 0.000000, -0.897681, 1.939846, 1.026765, 1.292811, -0.108932, 1.157640, 1.000000, 2.166201, 1.045289, 1.667539, -0.008637, 0.000000, 2.502268, 0.122936, 1.929557, 0.381682, 0.939588, 0.000974, 1.000000, 0.257337, 1.000000, 0.000000, -0.146593]
Curve: [0.249726, 0.249726, 0.249726, 0.249726, 0.249726, 0.249726, 0.249726, 0.249726, 0.249726, 0.249726, 0.249726, 0.249726, 0.249726, 0.249726, 0.249726, 0.249726, 0.249726, 0.249726, 0.249726, 0.249726, 0.249726, 0.249726, 0.249726, 0.249726, 0.249726, 0.249726, 0.249726, 0.249726, 0.249726, 0.249726, 0.249726, 0.249726, 0.249726, 0.249726, 0.249726, 0.249726, 0.249726, 0.249726, 0.249726, 0.249726, 0.249726, 0.249726, 0.249726, 0.249726, 0.249726, 0.249726, 0.249726, 0.249726, 0.249726, 0.249726, 0.249726, 0.249726, 0.249726, 0.249726, 0.249726, 0.249726, 0.249726, 0.249726, 0.249726, 0.249726, 0.249726, 0.249726, 0.249726, 0.249726, 0.249726, 0.249726, 0.249726, 0.249726, 0.249726, 0.249726, 0.249726, 0.249726, 0.249726, 0.249726, 0.249726, 0.249726, 0.249726, 0.249726, 0.249726, 0.249726, 0.249726, 0.249726, 0.249726, 0.249726, 0.249726, 0.249726, 0.249726, 0.249726, 0.249726, 0.249726, 0.249726, 0.249726, 0.249726, 0.249726, 0.249726, 0.249726, 0.249726, 0.249726, 0.249726, 0.249726]
Run 6
BPO Best Score: 2.520313e-01
BPO Best Pos: [-0.196493, 0.106023, 0.951177, 1.036389, 1.155767, 0.000000, 0.808493, 1.003622, 0.001804, 1.114708, 1.773456, 0.009509, -0.394606, 0.000000, 0.478820, 1.421864, 0.000000, 0.000000, 0.000000, 0.000000, -0.726973, 0.803218, -0.616766, 1.000000, 0.544840, 0.582933, 1.000000]
Curve: [0.252031, 0.252031, 0.252031, 0.252031, 0.252031, 0.252031, 0.252031, 0.252031, 0.252031, 0.252031, 0.252031, 0.252031, 0.252031, 0.252031, 0.252031, 0.252031, 0.252031, 0.252031, 0.252031, 0.252031, 0.252031, 0.252031, 0.252031, 0.252031, 0.252031, 0.252031, 0.252031, 0.252031, 0.252031, 0.252031, 0.252031, 0.252031, 0.252031, 0.252031, 0.252031, 0.252031, 0.252031, 0.252031, 0.252031, 0.252031, 0.252031, 0.252031, 0.252031, 0.252031, 0.252031, 0.252031, 0.252031, 0.252031, 0.252031, 0.252031, 0.252031, 0.252031, 0.252031, 0.252031, 0.252031, 0.252031, 0.252031, 0.252031, 0.252031, 0.252031, 0.252031, 0.252031, 0.252031, 0.252031, 0.252031, 0.252031, 0.252031, 0.252031, 0.252031, 0.252031, 0.252031, 0.252031, 0.252031, 0.252031, 0.252031, 0.252031, 0.252031, 0.252031, 0.252031, 0.252031, 0.252031, 0.252031, 0.252031, 0.252031, 0.252031, 0.252031, 0.252031, 0.252031, 0.252031, 0.252031, 0.252031, 0.252031, 0.252031, 0.252031, 0.252031, 0.252031, 0.252031, 0.252031, 0.252031, 0.252031]
HLBPO Best Score: 2.520313e-01
HLBPO Best Pos: [1.253585, 2.115537, 0.386793, -0.767064, 0.766999, -0.045167, 0.228162, 1.223119, 0.077252, 0.871585, 1.221789, 1.902359, 1.785695, -0.216040, 0.000000, -1.152031, -0.168225, 0.576686, -0.349159, 0.000000, -0.061137, -0.718858, 0.000000, 1.000000, 1.764957, 1.110845, 1.000000]
Curve: [0.252031, 0.252031, 0.252031, 0.252031, 0.252031, 0.252031, 0.252031, 0.252031, 0.252031, 0.252031, 0.252031, 0.252031, 0.252031, 0.252031, 0.252031, 0.252031, 0.252031, 0.252031, 0.252031, 0.252031, 0.252031, 0.252031, 0.252031, 0.252031, 0.252031, 0.252031, 0.252031, 0.252031, 0.252031, 0.252031, 0.252031, 0.252031, 0.252031, 0.252031, 0.252031, 0.252031, 0.252031, 0.252031, 0.252031, 0.252031, 0.252031, 0.252031, 0.252031, 0.252031, 0.252031, 0.252031, 0.252031, 0.252031, 0.252031, 0.252031, 0.252031, 0.252031, 0.252031, 0.252031, 0.252031, 0.252031, 0.252031, 0.252031, 0.252031, 0.252031, 0.252031, 0.252031, 0.252031, 0.252031, 0.252031, 0.252031, 0.252031, 0.252031, 0.252031, 0.252031, 0.252031, 0.252031, 0.252031, 0.252031, 0.252031, 0.252031, 0.252031, 0.252031, 0.252031, 0.252031, 0.252031, 0.252031, 0.252031, 0.252031, 0.252031, 0.252031, 0.252031, 0.252031, 0.252031, 0.252031, 0.252031, 0.252031, 0.252031, 0.252031, 0.252031, 0.252031, 0.252031, 0.252031, 0.252031, 0.252031]
Run 7
BPO Best Score: 2.174692e-01
BPO Best Pos: [-0.161640, 0.138460, -0.925366, 0.539376, 0.017007, 1.170264, 1.000000, 0.000000, 0.000000, -0.397373, -0.635711, 0.405624, 0.000000, -0.212950, 0.000000, 0.985381, 0.240916, -0.006661, 1.563599, -0.221191, 0.000000, 1.057434, 1.000000, 0.000000, 1.000000, 1.183830, 1.404490]
Curve: [0.217469, 0.217469, 0.217469, 0.217469, 0.217469, 0.217469, 0.217469, 0.217469, 0.217469, 0.217469, 0.217469, 0.217469, 0.217469, 0.217469, 0.217469, 0.217469, 0.217469, 0.217469, 0.217469, 0.217469, 0.217469, 0.217469, 0.217469, 0.217469, 0.217469, 0.217469, 0.217469, 0.217469, 0.217469, 0.217469, 0.217469, 0.217469, 0.217469, 0.217469, 0.217469, 0.217469, 0.217469, 0.217469, 0.217469, 0.217469, 0.217469, 0.217469, 0.217469, 0.217469, 0.217469, 0.217469, 0.217469, 0.217469, 0.217469, 0.217469, 0.217469, 0.217469, 0.217469, 0.217469, 0.217469, 0.217469, 0.217469, 0.217469, 0.217469, 0.217469, 0.217469, 0.217469, 0.217469, 0.217469, 0.217469, 0.217469, 0.217469, 0.217469, 0.217469, 0.217469, 0.217469, 0.217469, 0.217469, 0.217469, 0.217469, 0.217469, 0.217469, 0.217469, 0.217469, 0.217469, 0.217469, 0.217469, 0.217469, 0.217469, 0.217469, 0.217469, 0.217469, 0.217469, 0.217469, 0.217469, 0.217469, 0.217469, 0.217469, 0.217469, 0.217469, 0.217469, 0.217469, 0.217469, 0.217469, 0.217469]
HLBPO Best Score: 1.839515e-01
HLBPO Best Pos: [-0.775452, 2.099222, 1.652750, -0.100130, -0.298224, -2.827978, 0.616090, 1.129516, 0.241454, -1.587786, -0.910944, 0.149629, 2.639441, -0.048691, 0.057635, 2.698282, -0.440488, 0.447522, 0.457806, 0.113800, -0.955768, 0.294881, 1.000000, 1.195737, -0.292377, 1.562120, -0.579555]
Curve: [0.236348, 0.183951, 0.183951, 0.183951, 0.183951, 0.183951, 0.183951, 0.183951, 0.183951, 0.183951, 0.183951, 0.183951, 0.183951, 0.183951, 0.183951, 0.183951, 0.183951, 0.183951, 0.183951, 0.183951, 0.183951, 0.183951, 0.183951, 0.183951, 0.183951, 0.183951, 0.183951, 0.183951, 0.183951, 0.183951, 0.183951, 0.183951, 0.183951, 0.183951, 0.183951, 0.183951, 0.183951, 0.183951, 0.183951, 0.183951, 0.183951, 0.183951, 0.183951, 0.183951, 0.183951, 0.183951, 0.183951, 0.183951, 0.183951, 0.183951, 0.183951, 0.183951, 0.183951, 0.183951, 0.183951, 0.183951, 0.183951, 0.183951, 0.183951, 0.183951, 0.183951, 0.183951, 0.183951, 0.183951, 0.183951, 0.183951, 0.183951, 0.183951, 0.183951, 0.183951, 0.183951, 0.183951, 0.183951, 0.183951, 0.183951, 0.183951, 0.183951, 0.183951, 0.183951, 0.183951, 0.183951, 0.183951, 0.183951, 0.183951, 0.183951, 0.183951, 0.183951, 0.183951, 0.183951, 0.183951, 0.183951, 0.183951, 0.183951, 0.183951, 0.183951, 0.183951, 0.183951, 0.183951, 0.183951, 0.183951]
Run 8
BPO Best Score: 2.541074e-01
BPO Best Pos: [-0.653071, 0.000000, 0.000000, 2.051925, -0.022741, 1.000000, 0.000000, 1.000000, 0.000000, -1.181122, 1.497938, 1.000000, 0.737579, 0.000000, 0.000000, 0.324499, 0.107974, -0.163503, 0.000000, 1.419173, 0.000000, 1.000000, 1.000000, 1.000000, -0.595517, 0.491202, 0.000000]
Curve: [0.254107, 0.254107, 0.254107, 0.254107, 0.254107, 0.254107, 0.254107, 0.254107, 0.254107, 0.254107, 0.254107, 0.254107, 0.254107, 0.254107, 0.254107, 0.254107, 0.254107, 0.254107, 0.254107, 0.254107, 0.254107, 0.254107, 0.254107, 0.254107, 0.254107, 0.254107, 0.254107, 0.254107, 0.254107, 0.254107, 0.254107, 0.254107, 0.254107, 0.254107, 0.254107, 0.254107, 0.254107, 0.254107, 0.254107, 0.254107, 0.254107, 0.254107, 0.254107, 0.254107, 0.254107, 0.254107, 0.254107, 0.254107, 0.254107, 0.254107, 0.254107, 0.254107, 0.254107, 0.254107, 0.254107, 0.254107, 0.254107, 0.254107, 0.254107, 0.254107, 0.254107, 0.254107, 0.254107, 0.254107, 0.254107, 0.254107, 0.254107, 0.254107, 0.254107, 0.254107, 0.254107, 0.254107, 0.254107, 0.254107, 0.254107, 0.254107, 0.254107, 0.254107, 0.254107, 0.254107, 0.254107, 0.254107, 0.254107, 0.254107, 0.254107, 0.254107, 0.254107, 0.254107, 0.254107, 0.254107, 0.254107, 0.254107, 0.254107, 0.254107, 0.254107, 0.254107, 0.254107, 0.254107, 0.254107, 0.254107]
HLBPO Best Score: 1.839515e-01
HLBPO Best Pos: [-0.151563, 0.141351, 2.206426, 0.757163, 0.839011, 0.362884, 0.913497, 1.592008, 2.397348, 0.880060, 2.338394, 0.751636, 0.585656, -0.065118, 0.726340, 0.512621, 0.028286, -0.121414, 0.807575, -1.164118, 0.058393, 0.035621, 1.000000, 2.453327, 0.101512, -0.793141, 2.952834]
Curve: [0.250321, 0.183951, 0.183951, 0.183951, 0.183951, 0.183951, 0.183951, 0.183951, 0.183951, 0.183951, 0.183951, 0.183951, 0.183951, 0.183951, 0.183951, 0.183951, 0.183951, 0.183951, 0.183951, 0.183951, 0.183951, 0.183951, 0.183951, 0.183951, 0.183951, 0.183951, 0.183951, 0.183951, 0.183951, 0.183951, 0.183951, 0.183951, 0.183951, 0.183951, 0.183951, 0.183951, 0.183951, 0.183951, 0.183951, 0.183951, 0.183951, 0.183951, 0.183951, 0.183951, 0.183951, 0.183951, 0.183951, 0.183951, 0.183951, 0.183951, 0.183951, 0.183951, 0.183951, 0.183951, 0.183951, 0.183951, 0.183951, 0.183951, 0.183951, 0.183951, 0.183951, 0.183951, 0.183951, 0.183951, 0.183951, 0.183951, 0.183951, 0.183951, 0.183951, 0.183951, 0.183951, 0.183951, 0.183951, 0.183951, 0.183951, 0.183951, 0.183951, 0.183951, 0.183951, 0.183951, 0.183951, 0.183951, 0.183951, 0.183951, 0.183951, 0.183951, 0.183951, 0.183951, 0.183951, 0.183951, 0.183951, 0.183951, 0.183951, 0.183951, 0.183951, 0.183951, 0.183951, 0.183951, 0.183951, 0.183951]
Run 9
BPO Best Score: 1.839515e-01
BPO Best Pos: [-0.100841, -0.358580, 2.091075, -0.906687, -0.049588, -0.058282, 0.536415, 0.009363, -0.615754, 0.000000, 0.742093, 0.477733, -0.104126, -2.252285, 1.081667, -0.177374, -0.517216, 0.709931, -0.410838, -0.196167, -0.412621, 0.505484, 1.000000, 2.904619, 5.289401, -0.242913, 1.025668]
Curve: [0.195173, 0.183951, 0.183951, 0.183951, 0.183951, 0.183951, 0.183951, 0.183951, 0.183951, 0.183951, 0.183951, 0.183951, 0.183951, 0.183951, 0.183951, 0.183951, 0.183951, 0.183951, 0.183951, 0.183951, 0.183951, 0.183951, 0.183951, 0.183951, 0.183951, 0.183951, 0.183951, 0.183951, 0.183951, 0.183951, 0.183951, 0.183951, 0.183951, 0.183951, 0.183951, 0.183951, 0.183951, 0.183951, 0.183951, 0.183951, 0.183951, 0.183951, 0.183951, 0.183951, 0.183951, 0.183951, 0.183951, 0.183951, 0.183951, 0.183951, 0.183951, 0.183951, 0.183951, 0.183951, 0.183951, 0.183951, 0.183951, 0.183951, 0.183951, 0.183951, 0.183951, 0.183951, 0.183951, 0.183951, 0.183951, 0.183951, 0.183951, 0.183951, 0.183951, 0.183951, 0.183951, 0.183951, 0.183951, 0.183951, 0.183951, 0.183951, 0.183951, 0.183951, 0.183951, 0.183951, 0.183951, 0.183951, 0.183951, 0.183951, 0.183951, 0.183951, 0.183951, 0.183951, 0.183951, 0.183951, 0.183951, 0.183951, 0.183951, 0.183951, 0.183951, 0.183951, 0.183951, 0.183951, 0.183951, 0.183951]
HLBPO Best Score: 1.839515e-01
HLBPO Best Pos: [0.439573, 1.147522, 0.992963, -0.084399, -1.279254, -0.051287, 1.492725, 1.707846, 1.163335, 1.275720, 1.785871, -1.527197, 1.857193, 1.537204, 0.000000, 0.107855, 1.596471, 1.840503, 0.165893, 1.094492, -0.472688, -0.421446, 1.000000, -0.926947, 0.096128, 1.354113, 0.777314]
Curve: [0.183951, 0.183951, 0.183951, 0.183951, 0.183951, 0.183951, 0.183951, 0.183951, 0.183951, 0.183951, 0.183951, 0.183951, 0.183951, 0.183951, 0.183951, 0.183951, 0.183951, 0.183951, 0.183951, 0.183951, 0.183951, 0.183951, 0.183951, 0.183951, 0.183951, 0.183951, 0.183951, 0.183951, 0.183951, 0.183951, 0.183951, 0.183951, 0.183951, 0.183951, 0.183951, 0.183951, 0.183951, 0.183951, 0.183951, 0.183951, 0.183951, 0.183951, 0.183951, 0.183951, 0.183951, 0.183951, 0.183951, 0.183951, 0.183951, 0.183951, 0.183951, 0.183951, 0.183951, 0.183951, 0.183951, 0.183951, 0.183951, 0.183951, 0.183951, 0.183951, 0.183951, 0.183951, 0.183951, 0.183951, 0.183951, 0.183951, 0.183951, 0.183951, 0.183951, 0.183951, 0.183951, 0.183951, 0.183951, 0.183951, 0.183951, 0.183951, 0.183951, 0.183951, 0.183951, 0.183951, 0.183951, 0.183951, 0.183951, 0.183951, 0.183951, 0.183951, 0.183951, 0.183951, 0.183951, 0.183951, 0.183951, 0.183951, 0.183951, 0.183951, 0.183951, 0.183951, 0.183951, 0.183951, 0.183951, 0.183951]
Run 10
BPO Best Score: 1.839515e-01
BPO Best Pos: [-0.029301, -0.567148, 1.085946, 1.690898, -2.113576, -1.553487, 0.259782, 1.213867, -0.918764, 2.041345, 0.000000, -0.111237, 1.367281, 0.009265, -0.021178, 1.103647, -0.154008, 1.078428, -0.019616, 1.444995, 0.000000, 1.030325, 1.000000, -3.619000, -0.320943, 0.801691, 0.071721]
Curve: [0.184322, 0.183951, 0.183951, 0.183951, 0.183951, 0.183951, 0.183951, 0.183951, 0.183951, 0.183951, 0.183951, 0.183951, 0.183951, 0.183951, 0.183951, 0.183951, 0.183951, 0.183951, 0.183951, 0.183951, 0.183951, 0.183951, 0.183951, 0.183951, 0.183951, 0.183951, 0.183951, 0.183951, 0.183951, 0.183951, 0.183951, 0.183951, 0.183951, 0.183951, 0.183951, 0.183951, 0.183951, 0.183951, 0.183951, 0.183951, 0.183951, 0.183951, 0.183951, 0.183951, 0.183951, 0.183951, 0.183951, 0.183951, 0.183951, 0.183951, 0.183951, 0.183951, 0.183951, 0.183951, 0.183951, 0.183951, 0.183951, 0.183951, 0.183951, 0.183951, 0.183951, 0.183951, 0.183951, 0.183951, 0.183951, 0.183951, 0.183951, 0.183951, 0.183951, 0.183951, 0.183951, 0.183951, 0.183951, 0.183951, 0.183951, 0.183951, 0.183951, 0.183951, 0.183951, 0.183951, 0.183951, 0.183951, 0.183951, 0.183951, 0.183951, 0.183951, 0.183951, 0.183951, 0.183951, 0.183951, 0.183951, 0.183951, 0.183951, 0.183951, 0.183951, 0.183951, 0.183951, 0.183951, 0.183951, 0.183951]
HLBPO Best Score: 1.839515e-01
HLBPO Best Pos: [-0.579358, 1.545556, 1.006287, 1.761583, 0.000000, 0.000000, -0.676821, 0.000000, 1.559127, 1.245347, 0.000000, 0.000000, 0.959221, 1.861742, 0.000000, 1.647805, -0.323475, -0.849635, 1.011195, -0.980735, 0.426962, 0.316769, 1.000000, 1.230822, 0.000000, 1.799261, -0.345929]
Curve: [0.183951, 0.183951, 0.183951, 0.183951, 0.183951, 0.183951, 0.183951, 0.183951, 0.183951, 0.183951, 0.183951, 0.183951, 0.183951, 0.183951, 0.183951, 0.183951, 0.183951, 0.183951, 0.183951, 0.183951, 0.183951, 0.183951, 0.183951, 0.183951, 0.183951, 0.183951, 0.183951, 0.183951, 0.183951, 0.183951, 0.183951, 0.183951, 0.183951, 0.183951, 0.183951, 0.183951, 0.183951, 0.183951, 0.183951, 0.183951, 0.183951, 0.183951, 0.183951, 0.183951, 0.183951, 0.183951, 0.183951, 0.183951, 0.183951, 0.183951, 0.183951, 0.183951, 0.183951, 0.183951, 0.183951, 0.183951, 0.183951, 0.183951, 0.183951, 0.183951, 0.183951, 0.183951, 0.183951, 0.183951, 0.183951, 0.183951, 0.183951, 0.183951, 0.183951, 0.183951, 0.183951, 0.183951, 0.183951, 0.183951, 0.183951, 0.183951, 0.183951, 0.183951, 0.183951, 0.183951, 0.183951, 0.183951, 0.183951, 0.183951, 0.183951, 0.183951, 0.183951, 0.183951, 0.183951, 0.183951, 0.183951, 0.183951, 0.183951, 0.183951, 0.183951, 0.183951, 0.183951, 0.183951, 0.183951, 0.183951]
