Curve: [0.304558, 0.291048, 0.291048, 0.291048, 0.291048, 0.291048, 0.291048, 0.291048, 0.291048, 0.287432, 0.287432, 0.287432, 0.287432, 0.287432, 0.287432, 0.287432, 0.287432, 0.287432, 0.287432, 0.285725, 0.285725, 0.285725, 0.276508, 0.276508, 0.276508, 0.276508, 0.276508, 0.276508, 0.276508, 0.276508, 0.276508, 0.276508, 0.276508, 0.276508, 0.276508, 0.276508, 0.276508, 0.276508, 0.276508, 0.276508, 0.276508, 0.276508, 0.276508, 0.276508, 0.276508, 0.276508, 0.276508, 0.276508, 0.276508, 0.276508, 0.276508, 0.276508, 0.276508, 0.276508, 0.276508, 0.276508, 0.276508, 0.276508, 0.276508, 0.276508, 0.276508, 0.276508, 0.276508, 0.276508, 0.276508, 0.276508, 0.276508, 0.276508, 0.276508, 0.276508, 0.276508, 0.276508, 0.276508, 0.276508, 0.276508, 0.276508, 0.276508, 0.276508, 0.276508, 0.276508, 0.276508, 0.276508, 0.276508, 0.276508, 0.276508, 0.276508, 0.276508, 0.276508, 0.276508, 0.276508, 0.276508, 0.276508, 0.276508, 0.276508, 0.276508, 0.276508, 0.276508, 0.276508, 0.276508, 0.276508]
Run 1
BPO Best Score: 2.830468e-01
BPO Best Pos: [1.000000, 1.000000, 1.000000, 0.000000, 0.000000, 0.000000, 0.000000, 0.000000, 0.000000, 0.000000]
Curve: [0.283047, 0.283047, 0.283047, 0.283047, 0.283047, 0.283047, 0.283047, 0.283047, 0.283047, 0.283047, 0.283047, 0.283047, 0.283047, 0.283047, 0.283047, 0.283047, 0.283047, 0.283047, 0.283047, 0.283047, 0.283047, 0.283047, 0.283047, 0.283047, 0.283047, 0.283047, 0.283047, 0.283047, 0.283047, 0.283047, 0.283047, 0.283047, 0.283047, 0.283047, 0.283047, 0.283047, 0.283047, 0.283047, 0.283047, 0.283047, 0.283047, 0.283047, 0.283047, 0.283047, 0.283047, 0.283047, 0.283047, 0.283047, 0.283047, 0.283047, 0.283047, 0.283047, 0.283047, 0.283047, 0.283047, 0.283047, 0.283047, 0.283047, 0.283047, 0.283047, 0.283047, 0.283047, 0.283047, 0.283047, 0.283047, 0.283047, 0.283047, 0.283047, 0.283047, 0.283047, 0.283047, 0.283047, 0.283047, 0.283047, 0.283047, 0.283047, 0.283047, 0.283047, 0.283047, 0.283047, 0.283047, 0.283047, 0.283047, 0.283047, 0.283047, 0.283047, 0.283047, 0.283047, 0.283047, 0.283047, 0.283047, 0.283047, 0.283047, 0.283047, 0.283047, 0.283047, 0.283047, 0.283047, 0.283047, 0.283047]
HLBPO Best Score: 2.910479e-01
HLBPO Best Pos: [0.000000, 1.000000, 0.000000, 1.000000, 0.000000, 0.000000, 1.000000, 0.000000, 1.000000, 0.868807]
Curve: [0.293697, 0.291048, 0.291048, 0.291048, 0.291048, 0.291048, 0.291048, 0.291048, 0.291048, 0.291048, 0.291048, 0.291048, 0.291048, 0.291048, 0.291048, 0.291048, 0.291048, 0.291048, 0.291048, 0.291048, 0.291048, 0.291048, 0.291048, 0.291048, 0.291048, 0.291048, 0.291048, 0.291048, 0.291048, 0.291048, 0.291048, 0.291048, 0.291048, 0.291048, 0.291048, 0.291048, 0.291048, 0.291048, 0.291048, 0.291048, 0.291048, 0.291048, 0.291048, 0.291048, 0.291048, 0.291048, 0.291048, 0.291048, 0.291048, 0.291048, 0.291048, 0.291048, 0.291048, 0.291048, 0.291048, 0.291048, 0.291048, 0.291048, 0.291048, 0.291048, 0.291048, 0.291048, 0.291048, 0.291048, 0.291048, 0.291048, 0.291048, 0.291048, 0.291048, 0.291048, 0.291048, 0.291048, 0.291048, 0.291048, 0.291048, 0.291048, 0.291048, 0.291048, 0.291048, 0.291048, 0.291048, 0.291048, 0.291048, 0.291048, 0.291048, 0.291048, 0.291048, 0.291048, 0.291048, 0.291048, 0.291048, 0.291048, 0.291048, 0.291048, 0.291048, 0.291048, 0.291048, 0.291048, 0.291048, 0.291048]
Run 2
BPO Best Score: 2.845763e-01
BPO Best Pos: [0.116592, 1.000000, -0.173185, -0.094012, 0.000000, 1.993259, 1.462124, 1.493100, -0.568784, 1.995846]
Curve: [0.284576, 0.284576, 0.284576, 0.284576, 0.284576, 0.284576, 0.284576, 0.284576, 0.284576, 0.284576, 0.284576, 0.284576, 0.284576, 0.284576, 0.284576, 0.284576, 0.284576, 0.284576, 0.284576, 0.284576, 0.284576, 0.284576, 0.284576, 0.284576, 0.284576, 0.284576, 0.284576, 0.284576, 0.284576, 0.284576, 0.284576, 0.284576, 0.284576, 0.284576, 0.284576, 0.284576, 0.284576, 0.284576, 0.284576, 0.284576, 0.284576, 0.284576, 0.284576, 0.284576, 0.284576, 0.284576, 0.284576, 0.284576, 0.284576, 0.284576, 0.284576, 0.284576, 0.284576, 0.284576, 0.284576, 0.284576, 0.284576, 0.284576, 0.284576, 0.284576, 0.284576, 0.284576, 0.284576, 0.284576, 0.284576, 0.284576, 0.284576, 0.284576, 0.284576, 0.284576, 0.284576, 0.284576, 0.284576, 0.284576, 0.284576, 0.284576, 0.284576, 0.284576, 0.284576, 0.284576, 0.284576, 0.284576, 0.284576, 0.284576, 0.284576, 0.284576, 0.284576, 0.284576, 0.284576, 0.284576, 0.284576, 0.284576, 0.284576, 0.284576, 0.284576, 0.284576, 0.284576, 0.284576, 0.284576, 0.284576]
HLBPO Best Score: 2.830468e-01
HLBPO Best Pos: [1.000000, 1.000000, 1.000000, 0.000000, 0.000000, 0.000000, 0.000000, 0.000000, 0.000000, 0.000000]
Curve: [0.283047, 0.283047, 0.283047, 0.283047, 0.283047, 0.283047, 0.283047, 0.283047, 0.283047, 0.283047, 0.283047, 0.283047, 0.283047, 0.283047, 0.283047, 0.283047, 0.283047, 0.283047, 0.283047, 0.283047, 0.283047, 0.283047, 0.283047, 0.283047, 0.283047, 0.283047, 0.283047, 0.283047, 0.283047, 0.283047, 0.283047, 0.283047, 0.283047, 0.283047, 0.283047, 0.283047, 0.283047, 0.283047, 0.283047, 0.283047, 0.283047, 0.283047, 0.283047, 0.283047, 0.283047, 0.283047, 0.283047, 0.283047, 0.283047, 0.283047, 0.283047, 0.283047, 0.283047, 0.283047, 0.283047, 0.283047, 0.283047, 0.283047, 0.283047, 0.283047, 0.283047, 0.283047, 0.283047, 0.283047, 0.283047, 0.283047, 0.283047, 0.283047, 0.283047, 0.283047, 0.283047, 0.283047, 0.283047, 0.283047, 0.283047, 0.283047, 0.283047, 0.283047, 0.283047, 0.283047, 0.283047, 0.283047, 0.283047, 0.283047, 0.283047, 0.283047, 0.283047, 0.283047, 0.283047, 0.283047, 0.283047, 0.283047, 0.283047, 0.283047, 0.283047, 0.283047, 0.283047, 0.283047, 0.283047, 0.283047]
Run 3
BPO Best Score: 2.765085e-01
BPO Best Pos: [1.000000, 1.000000, 1.211796, 1.000000, -0.099866, 0.000000, -0.395509, -0.177775, -0.605066, 0.000000]
Curve: [0.276508, 0.276508, 0.276508, 0.276508, 0.276508, 0.276508, 0.276508, 0.276508, 0.276508, 0.276508, 0.276508, 0.276508, 0.276508, 0.276508, 0.276508, 0.276508, 0.276508, 0.276508, 0.276508, 0.276508, 0.276508, 0.276508, 0.276508, 0.276508, 0.276508, 0.276508, 0.276508, 0.276508, 0.276508, 0.276508, 0.276508, 0.276508, 0.276508, 0.276508, 0.276508, 0.276508, 0.276508, 0.276508, 0.276508, 0.276508, 0.276508, 0.276508, 0.276508, 0.276508, 0.276508, 0.276508, 0.276508, 0.276508, 0.276508, 0.276508, 0.276508, 0.276508, 0.276508, 0.276508, 0.276508, 0.276508, 0.276508, 0.276508, 0.276508, 0.276508, 0.276508, 0.276508, 0.276508, 0.276508, 0.276508, 0.276508, 0.276508, 0.276508, 0.276508, 0.276508, 0.276508, 0.276508, 0.276508, 0.276508, 0.276508, 0.276508, 0.276508, 0.276508, 0.276508, 0.276508, 0.276508, 0.276508, 0.276508, 0.276508, 0.276508, 0.276508, 0.276508, 0.276508, 0.276508, 0.276508, 0.276508, 0.276508, 0.276508, 0.276508, 0.276508, 0.276508, 0.276508, 0.276508, 0.276508, 0.276508]
HLBPO Best Score: 2.845763e-01
HLBPO Best Pos: [1.137230, 1.000000, -0.345664, 0.536268, 0.000000, 0.000000, 1.491479, 0.179231, 0.000000, -0.718837]
Curve: [0.284576, 0.284576, 0.284576, 0.284576, 0.284576, 0.284576, 0.284576, 0.284576, 0.284576, 0.284576, 0.284576, 0.284576, 0.284576, 0.284576, 0.284576, 0.284576, 0.284576, 0.284576, 0.284576, 0.284576, 0.284576, 0.284576, 0.284576, 0.284576, 0.284576, 0.284576, 0.284576, 0.284576, 0.284576, 0.284576, 0.284576, 0.284576, 0.284576, 0.284576, 0.284576, 0.284576, 0.284576, 0.284576, 0.284576, 0.284576, 0.284576, 0.284576, 0.284576, 0.284576, 0.284576, 0.284576, 0.284576, 0.284576, 0.284576, 0.284576, 0.284576, 0.284576, 0.284576, 0.284576, 0.284576, 0.284576, 0.284576, 0.284576, 0.284576, 0.284576, 0.284576, 0.284576, 0.284576, 0.284576, 0.284576, 0.284576, 0.284576, 0.284576, 0.284576, 0.284576, 0.284576, 0.284576, 0.284576, 0.284576, 0.284576, 0.284576, 0.284576, 0.284576, 0.284576, 0.284576, 0.284576, 0.284576, 0.284576, 0.284576, 0.284576, 0.284576, 0.284576, 0.284576, 0.284576, 0.284576, 0.284576, 0.284576, 0.284576, 0.284576, 0.284576, 0.284576, 0.284576, 0.284576, 0.284576, 0.284576]
Run 4
BPO Best Score: 2.845763e-01
BPO Best Pos: [1.019853, 1.000000, 0.973559, 0.249930, 1.064625, -0.035208, 1.416301, -0.642051, 2.199839, 1.669733]
Curve: [0.284576, 0.284576, 0.284576, 0.284576, 0.284576, 0.284576, 0.284576, 0.284576, 0.284576, 0.284576, 0.284576, 0.284576, 0.284576, 0.284576, 0.284576, 0.284576, 0.284576, 0.284576, 0.284576, 0.284576, 0.284576, 0.284576, 0.284576, 0.284576, 0.284576, 0.284576, 0.284576, 0.284576, 0.284576, 0.284576, 0.284576, 0.284576, 0.284576, 0.284576, 0.284576, 0.284576, 0.284576, 0.284576, 0.284576, 0.284576, 0.284576, 0.284576, 0.284576, 0.284576, 0.284576, 0.284576, 0.284576, 0.284576, 0.284576, 0.284576, 0.284576, 0.284576, 0.284576, 0.284576, 0.284576, 0.284576, 0.284576, 0.284576, 0.284576, 0.284576, 0.284576, 0.284576, 0.284576, 0.284576, 0.284576, 0.284576, 0.284576, 0.284576, 0.284576, 0.284576, 0.284576, 0.284576, 0.284576, 0.284576, 0.284576, 0.284576, 0.284576, 0.284576, 0.284576, 0.284576, 0.284576, 0.284576, 0.284576, 0.284576, 0.284576, 0.284576, 0.284576, 0.284576, 0.284576, 0.284576, 0.284576, 0.284576, 0.284576, 0.284576, 0.284576, 0.284576, 0.284576, 0.284576, 0.284576, 0.284576]
HLBPO Best Score: 2.845763e-01
HLBPO Best Pos: [0.475467, 1.000000, -0.546449, -1.524639, 0.436444, 0.508400, 0.000000, 0.000000, 2.114683, -0.685532]
Curve: [0.284576, 0.284576, 0.284576, 0.284576, 0.284576, 0.284576, 0.284576, 0.284576, 0.284576, 0.284576, 0.284576, 0.284576, 0.284576, 0.284576, 0.284576, 0.284576, 0.284576, 0.284576, 0.284576, 0.284576, 0.284576, 0.284576, 0.284576, 0.284576, 0.284576, 0.284576, 0.284576, 0.284576, 0.284576, 0.284576, 0.284576, 0.284576, 0.284576, 0.284576, 0.284576, 0.284576, 0.284576, 0.284576, 0.284576, 0.284576, 0.284576, 0.284576, 0.284576, 0.284576, 0.284576, 0.284576, 0.284576, 0.284576, 0.284576, 0.284576, 0.284576, 0.284576, 0.284576, 0.284576, 0.284576, 0.284576, 0.284576, 0.284576, 0.284576, 0.284576, 0.284576, 0.284576, 0.284576, 0.284576, 0.284576, 0.284576, 0.284576, 0.284576, 0.284576, 0.284576, 0.284576, 0.284576, 0.284576, 0.284576, 0.284576, 0.284576, 0.284576, 0.284576, 0.284576, 0.284576, 0.284576, 0.284576, 0.284576, 0.284576, 0.284576, 0.284576, 0.284576, 0.284576, 0.284576, 0.284576, 0.284576, 0.284576, 0.284576, 0.284576, 0.284576, 0.284576, 0.284576, 0.284576, 0.284576, 0.284576]
Run 5
BPO Best Score: 2.799223e-01
BPO Best Pos: [1.000000, -0.596178, 2.242412, 1.000000, 0.620249, 0.000000, 2.123556, 0.000000, 0.000000, 1.000000]
Curve: [0.279922, 0.279922, 0.279922, 0.279922, 0.279922, 0.279922, 0.279922, 0.279922, 0.279922, 0.279922, 0.279922, 0.279922, 0.279922, 0.279922, 0.279922, 0.279922, 0.279922, 0.279922, 0.279922, 0.279922, 0.279922, 0.279922, 0.279922, 0.279922, 0.279922, 0.279922, 0.279922, 0.279922, 0.279922, 0.279922, 0.279922, 0.279922, 0.279922, 0.279922, 0.279922, 0.279922, 0.279922, 0.279922, 0.279922, 0.279922, 0.279922, 0.279922, 0.279922, 0.279922, 0.279922, 0.279922, 0.279922, 0.279922, 0.279922, 0.279922, 0.279922, 0.279922, 0.279922, 0.279922, 0.279922, 0.279922, 0.279922, 0.279922, 0.279922, 0.279922, 0.279922, 0.279922, 0.279922, 0.279922, 0.279922, 0.279922, 0.279922, 0.279922, 0.279922, 0.279922, 0.279922, 0.279922, 0.279922, 0.279922, 0.279922, 0.279922, 0.279922, 0.279922, 0.279922, 0.279922, 0.279922, 0.279922, 0.279922, 0.279922, 0.279922, 0.279922, 0.279922, 0.279922, 0.279922, 0.279922, 0.279922, 0.279922, 0.279922, 0.279922, 0.279922, 0.279922, 0.279922, 0.279922, 0.279922, 0.279922]
HLBPO Best Score: 2.806908e-01
HLBPO Best Pos: [-0.574542, 1.000000, 1.000000, 1.000000, 0.000000, 1.000000, -0.529846, -0.910212, 0.000000, 1.926910]
Curve: [0.280691, 0.280691, 0.280691, 0.280691, 0.280691, 0.280691, 0.280691, 0.280691, 0.280691, 0.280691, 0.280691, 0.280691, 0.280691, 0.280691, 0.280691, 0.280691, 0.280691, 0.280691, 0.280691, 0.280691, 0.280691, 0.280691, 0.280691, 0.280691, 0.280691, 0.280691, 0.280691, 0.280691, 0.280691, 0.280691, 0.280691, 0.280691, 0.280691, 0.280691, 0.280691, 0.280691, 0.280691, 0.280691, 0.280691, 0.280691, 0.280691, 0.280691, 0.280691, 0.280691, 0.280691, 0.280691, 0.280691, 0.280691, 0.280691, 0.280691, 0.280691, 0.280691, 0.280691, 0.280691, 0.280691, 0.280691, 0.280691, 0.280691, 0.280691, 0.280691, 0.280691, 0.280691, 0.280691, 0.280691, 0.280691, 0.280691, 0.280691, 0.280691, 0.280691, 0.280691, 0.280691, 0.280691, 0.280691, 0.280691, 0.280691, 0.280691, 0.280691, 0.280691, 0.280691, 0.280691, 0.280691, 0.280691, 0.280691, 0.280691, 0.280691, 0.280691, 0.280691, 0.280691, 0.280691, 0.280691, 0.280691, 0.280691, 0.280691, 0.280691, 0.280691, 0.280691, 0.280691, 0.280691, 0.280691, 0.280691]
Run 6
BPO Best Score: 2.845763e-01
BPO Best Pos: [-0.034076, 1.000000, 1.037737, 0.458988, 0.030943, 2.023202, -0.062252, 1.419731, -0.006240, 0.002573]
Curve: [0.284576, 0.284576, 0.284576, 0.284576, 0.284576, 0.284576, 0.284576, 0.284576, 0.284576, 0.284576, 0.284576, 0.284576, 0.284576, 0.284576, 0.284576, 0.284576, 0.284576, 0.284576, 0.284576, 0.284576, 0.284576, 0.284576, 0.284576, 0.284576, 0.284576, 0.284576, 0.284576, 0.284576, 0.284576, 0.284576, 0.284576, 0.284576, 0.284576, 0.284576, 0.284576, 0.284576, 0.284576, 0.284576, 0.284576, 0.284576, 0.284576, 0.284576, 0.284576, 0.284576, 0.284576, 0.284576, 0.284576, 0.284576, 0.284576, 0.284576, 0.284576, 0.284576, 0.284576, 0.284576, 0.284576, 0.284576, 0.284576, 0.284576, 0.284576, 0.284576, 0.284576, 0.284576, 0.284576, 0.284576, 0.284576, 0.284576, 0.284576, 0.284576, 0.284576, 0.284576, 0.284576, 0.284576, 0.284576, 0.284576, 0.284576, 0.284576, 0.284576, 0.284576, 0.284576, 0.284576, 0.284576, 0.284576, 0.284576, 0.284576, 0.284576, 0.284576, 0.284576, 0.284576, 0.284576, 0.284576, 0.284576, 0.284576, 0.284576, 0.284576, 0.284576, 0.284576, 0.284576, 0.284576, 0.284576, 0.284576]
HLBPO Best Score: 2.765085e-01
HLBPO Best Pos: [1.000000, 1.000000, 0.000000, 1.000000, 0.000000, 0.000000, 0.000000, 0.000000, 0.000000, 0.000000]
Curve: [0.276508, 0.276508, 0.276508, 0.276508, 0.276508, 0.276508, 0.276508, 0.276508, 0.276508, 0.276508, 0.276508, 0.276508, 0.276508, 0.276508, 0.276508, 0.276508, 0.276508, 0.276508, 0.276508, 0.276508, 0.276508, 0.276508, 0.276508, 0.276508, 0.276508, 0.276508, 0.276508, 0.276508, 0.276508, 0.276508, 0.276508, 0.276508, 0.276508, 0.276508, 0.276508, 0.276508, 0.276508, 0.276508, 0.276508, 0.276508, 0.276508, 0.276508, 0.276508, 0.276508, 0.276508, 0.276508, 0.276508, 0.276508, 0.276508, 0.276508, 0.276508, 0.276508, 0.276508, 0.276508, 0.276508, 0.276508, 0.276508, 0.276508, 0.276508, 0.276508, 0.276508, 0.276508, 0.276508, 0.276508, 0.276508, 0.276508, 0.276508, 0.276508, 0.276508, 0.276508, 0.276508, 0.276508, 0.276508, 0.276508, 0.276508, 0.276508, 0.276508, 0.276508, 0.276508, 0.276508, 0.276508, 0.276508, 0.276508, 0.276508, 0.276508, 0.276508, 0.276508, 0.276508, 0.276508, 0.276508, 0.276508, 0.276508, 0.276508, 0.276508, 0.276508, 0.276508, 0.276508, 0.276508, 0.276508, 0.276508]
Run 7
BPO Best Score: 2.799223e-01
BPO Best Pos: [1.000000, 0.000000, 0.000000, 1.000000, 0.000000, 0.000000, 0.000000, 0.000000, 0.000000, 1.000000]
Curve: [0.279922, 0.279922, 0.279922, 0.279922, 0.279922, 0.279922, 0.279922, 0.279922, 0.279922, 0.279922, 0.279922, 0.279922, 0.279922, 0.279922, 0.279922, 0.279922, 0.279922, 0.279922, 0.279922, 0.279922, 0.279922, 0.279922, 0.279922, 0.279922, 0.279922, 0.279922, 0.279922, 0.279922, 0.279922, 0.279922, 0.279922, 0.279922, 0.279922, 0.279922, 0.279922, 0.279922, 0.279922, 0.279922, 0.279922, 0.279922, 0.279922, 0.279922, 0.279922, 0.279922, 0.279922, 0.279922, 0.279922, 0.279922, 0.279922, 0.279922, 0.279922, 0.279922, 0.279922, 0.279922, 0.279922, 0.279922, 0.279922, 0.279922, 0.279922, 0.279922, 0.279922, 0.279922, 0.279922, 0.279922, 0.279922, 0.279922, 0.279922, 0.279922, 0.279922, 0.279922, 0.279922, 0.279922, 0.279922, 0.279922, 0.279922, 0.279922, 0.279922, 0.279922, 0.279922, 0.279922, 0.279922, 0.279922, 0.279922, 0.279922, 0.279922, 0.279922, 0.279922, 0.279922, 0.279922, 0.279922, 0.279922, 0.279922, 0.279922, 0.279922, 0.279922, 0.279922, 0.279922, 0.279922, 0.279922, 0.279922]
HLBPO Best Score: 2.799223e-01
HLBPO Best Pos: [1.000000, 0.000000, 0.000000, 1.000000, 0.000000, 0.000000, 0.000000, 0.000000, 0.000000, 1.000000]
Curve: [0.279922, 0.279922, 0.279922, 0.279922, 0.279922, 0.279922, 0.279922, 0.279922, 0.279922, 0.279922, 0.279922, 0.279922, 0.279922, 0.279922, 0.279922, 0.279922, 0.279922, 0.279922, 0.279922, 0.279922, 0.279922, 0.279922, 0.279922, 0.279922, 0.279922, 0.279922, 0.279922, 0.279922, 0.279922, 0.279922, 0.279922, 0.279922, 0.279922, 0.279922, 0.279922, 0.279922, 0.279922, 0.279922, 0.279922, 0.279922, 0.279922, 0.279922, 0.279922, 0.279922, 0.279922, 0.279922, 0.279922, 0.279922, 0.279922, 0.279922, 0.279922, 0.279922, 0.279922, 0.279922, 0.279922, 0.279922, 0.279922, 0.279922, 0.279922, 0.279922, 0.279922, 0.279922, 0.279922, 0.279922, 0.279922, 0.279922, 0.279922, 0.279922, 0.279922, 0.279922, 0.279922, 0.279922, 0.279922, 0.279922, 0.279922, 0.279922, 0.279922, 0.279922, 0.279922, 0.279922, 0.279922, 0.279922, 0.279922, 0.279922, 0.279922, 0.279922, 0.279922, 0.279922, 0.279922, 0.279922, 0.279922, 0.279922, 0.279922, 0.279922, 0.279922, 0.279922, 0.279922, 0.279922, 0.279922, 0.279922]
Run 8
BPO Best Score: 2.845763e-01
BPO Best Pos: [2.318312, 1.000000, 0.816738, 1.095177, 1.269542, 0.000000, -0.937135, -0.232209, 1.835128, -0.875220]
Curve: [0.284576, 0.284576, 0.284576, 0.284576, 0.284576, 0.284576, 0.284576, 0.284576, 0.284576, 0.284576, 0.284576, 0.284576, 0.284576, 0.284576, 0.284576, 0.284576, 0.284576, 0.284576, 0.284576, 0.284576, 0.284576, 0.284576, 0.284576, 0.284576, 0.284576, 0.284576, 0.284576, 0.284576, 0.284576, 0.284576, 0.284576, 0.284576, 0.284576, 0.284576, 0.284576, 0.284576, 0.284576, 0.284576, 0.284576, 0.284576, 0.284576, 0.284576, 0.284576, 0.284576, 0.284576, 0.284576, 0.284576, 0.284576, 0.284576, 0.284576, 0.284576, 0.284576, 0.284576, 0.284576, 0.284576, 0.284576, 0.284576, 0.284576, 0.284576, 0.284576, 0.284576, 0.284576, 0.284576, 0.284576, 0.284576, 0.284576, 0.284576, 0.284576, 0.284576, 0.284576, 0.284576, 0.284576, 0.284576, 0.284576, 0.284576, 0.284576, 0.284576, 0.284576, 0.284576, 0.284576, 0.284576, 0.284576, 0.284576, 0.284576, 0.284576, 0.284576, 0.284576, 0.284576, 0.284576, 0.284576, 0.284576, 0.284576, 0.284576, 0.284576, 0.284576, 0.284576, 0.284576, 0.284576, 0.284576, 0.284576]
HLBPO Best Score: 2.845763e-01
HLBPO Best Pos: [0.000000, 1.000000, 1.007465, 0.000000, 0.000000, 1.007938, 1.078136, 1.192503, -0.308459, 0.000000]
Curve: [0.291048, 0.284576, 0.284576, 0.284576, 0.284576, 0.284576, 0.284576, 0.284576, 0.284576, 0.284576, 0.284576, 0.284576, 0.284576, 0.284576, 0.284576, 0.284576, 0.284576, 0.284576, 0.284576, 0.284576, 0.284576, 0.284576, 0.284576, 0.284576, 0.284576, 0.284576, 0.284576, 0.284576, 0.284576, 0.284576, 0.284576, 0.284576, 0.284576, 0.284576, 0.284576, 0.284576, 0.284576, 0.284576, 0.284576, 0.284576, 0.284576, 0.284576, 0.284576, 0.284576, 0.284576, 0.284576, 0.284576, 0.284576, 0.284576, 0.284576, 0.284576, 0.284576, 0.284576, 0.284576, 0.284576, 0.284576, 0.284576, 0.284576, 0.284576, 0.284576, 0.284576, 0.284576, 0.284576, 0.284576, 0.284576, 0.284576, 0.284576, 0.284576, 0.284576, 0.284576, 0.284576, 0.284576, 0.284576, 0.284576, 0.284576, 0.284576, 0.284576, 0.284576, 0.284576, 0.284576, 0.284576, 0.284576, 0.284576, 0.284576, 0.284576, 0.284576, 0.284576, 0.284576, 0.284576, 0.284576, 0.284576, 0.284576, 0.284576, 0.284576, 0.284576, 0.284576, 0.284576, 0.284576, 0.284576, 0.284576]
Run 9
BPO Best Score: 2.845763e-01
BPO Best Pos: [-0.132617, 1.000000, 0.000000, 1.762292, 0.000000, 1.595564, 1.715639, 1.856638, 1.429199, -0.482224]
Curve: [0.284576, 0.284576, 0.284576, 0.284576, 0.284576, 0.284576, 0.284576, 0.284576, 0.284576, 0.284576, 0.284576, 0.284576, 0.284576, 0.284576, 0.284576, 0.284576, 0.284576, 0.284576, 0.284576, 0.284576, 0.284576, 0.284576, 0.284576, 0.284576, 0.284576, 0.284576, 0.284576, 0.284576, 0.284576, 0.284576, 0.284576, 0.284576, 0.284576, 0.284576, 0.284576, 0.284576, 0.284576, 0.284576, 0.284576, 0.284576, 0.284576, 0.284576, 0.284576, 0.284576, 0.284576, 0.284576, 0.284576, 0.284576, 0.284576, 0.284576, 0.284576, 0.284576, 0.284576, 0.284576, 0.284576, 0.284576, 0.284576, 0.284576, 0.284576, 0.284576, 0.284576, 0.284576, 0.284576, 0.284576, 0.284576, 0.284576, 0.284576, 0.284576, 0.284576, 0.284576, 0.284576, 0.284576, 0.284576, 0.284576, 0.284576, 0.284576, 0.284576, 0.284576, 0.284576, 0.284576, 0.284576, 0.284576, 0.284576, 0.284576, 0.284576, 0.284576, 0.284576, 0.284576, 0.284576, 0.284576, 0.284576, 0.284576, 0.284576, 0.284576, 0.284576, 0.284576, 0.284576, 0.284576, 0.284576, 0.284576]
HLBPO Best Score: 2.845763e-01
HLBPO Best Pos: [1.027220, 1.000000, 1.194662, -0.292337, -0.761797, -0.958590, 0.786797, 0.893118, 0.000000, -1.424116]
Curve: [0.284576, 0.284576, 0.284576, 0.284576, 0.284576, 0.284576, 0.284576, 0.284576, 0.284576, 0.284576, 0.284576, 0.284576, 0.284576, 0.284576, 0.284576, 0.284576, 0.284576, 0.284576, 0.284576, 0.284576, 0.284576, 0.284576, 0.284576, 0.284576, 0.284576, 0.284576, 0.284576, 0.284576, 0.284576, 0.284576, 0.284576, 0.284576, 0.284576, 0.284576, 0.284576, 0.284576, 0.284576, 0.284576, 0.284576, 0.284576, 0.284576, 0.284576, 0.284576, 0.284576, 0.284576, 0.284576, 0.284576, 0.284576, 0.284576, 0.284576, 0.284576, 0.284576, 0.284576, 0.284576, 0.284576, 0.284576, 0.284576, 0.284576, 0.284576, 0.284576, 0.284576, 0.284576, 0.284576, 0.284576, 0.284576, 0.284576, 0.284576, 0.284576, 0.284576, 0.284576, 0.284576, 0.284576, 0.284576, 0.284576, 0.284576, 0.284576, 0.284576, 0.284576, 0.284576, 0.284576, 0.284576, 0.284576, 0.284576, 0.284576, 0.284576, 0.284576, 0.284576, 0.284576, 0.284576, 0.284576, 0.284576, 0.284576, 0.284576, 0.284576, 0.284576, 0.284576, 0.284576, 0.284576, 0.284576, 0.284576]
Run 10
BPO Best Score: 2.845763e-01
BPO Best Pos: [1.306881, 1.000000, 0.638830, 1.910088, 1.036765, -0.152360, 1.794093, 2.053261, 1.028568, 0.837607]
Curve: [0.284576, 0.284576, 0.284576, 0.284576, 0.284576, 0.284576, 0.284576, 0.284576, 0.284576, 0.284576, 0.284576, 0.284576, 0.284576, 0.284576, 0.284576, 0.284576, 0.284576, 0.284576, 0.284576, 0.284576, 0.284576, 0.284576, 0.284576, 0.284576, 0.284576, 0.284576, 0.284576, 0.284576, 0.284576, 0.284576, 0.284576, 0.284576, 0.284576, 0.284576, 0.284576, 0.284576, 0.284576, 0.284576, 0.284576, 0.284576, 0.284576, 0.284576, 0.284576, 0.284576, 0.284576, 0.284576, 0.284576, 0.284576, 0.284576, 0.284576, 0.284576, 0.284576, 0.284576, 0.284576, 0.284576, 0.284576, 0.284576, 0.284576, 0.284576, 0.284576, 0.284576, 0.284576, 0.284576, 0.284576, 0.284576, 0.284576, 0.284576, 0.284576, 0.284576, 0.284576, 0.284576, 0.284576, 0.284576, 0.284576, 0.284576, 0.284576, 0.284576, 0.284576, 0.284576, 0.284576, 0.284576, 0.284576, 0.284576, 0.284576, 0.284576, 0.284576, 0.284576, 0.284576, 0.284576, 0.284576, 0.284576, 0.284576, 0.284576, 0.284576, 0.284576, 0.284576, 0.284576, 0.284576, 0.284576, 0.284576]
HLBPO Best Score: 2.845763e-01
HLBPO Best Pos: [1.906273, 1.000000, 0.898907, 1.081937, 1.440120, -0.083358, -0.372217, 0.446239, 1.840224, -0.824469]
Curve: [0.284576, 0.284576, 0.284576, 0.284576, 0.284576, 0.284576, 0.284576, 0.284576, 0.284576, 0.284576, 0.284576, 0.284576, 0.284576, 0.284576, 0.284576, 0.284576, 0.284576, 0.284576, 0.284576, 0.284576, 0.284576, 0.284576, 0.284576, 0.284576, 0.284576, 0.284576, 0.284576, 0.284576, 0.284576, 0.284576, 0.284576, 0.284576, 0.284576, 0.284576, 0.284576, 0.284576, 0.284576, 0.284576, 0.284576, 0.284576, 0.284576, 0.284576, 0.284576, 0.284576, 0.284576, 0.284576, 0.284576, 0.284576, 0.284576, 0.284576, 0.284576, 0.284576, 0.284576, 0.284576, 0.284576, 0.284576, 0.284576, 0.284576, 0.284576, 0.284576, 0.284576, 0.284576, 0.284576, 0.284576, 0.284576, 0.284576, 0.284576, 0.284576, 0.284576, 0.284576, 0.284576, 0.284576, 0.284576, 0.284576, 0.284576, 0.284576, 0.284576, 0.284576, 0.284576, 0.284576, 0.284576, 0.284576, 0.284576, 0.284576, 0.284576, 0.284576, 0.284576, 0.284576, 0.284576, 0.284576, 0.284576, 0.284576, 0.284576, 0.284576, 0.284576, 0.284576, 0.284576, 0.284576, 0.284576, 0.284576]
