Curve: [0.149453, 0.136883, 0.136883, 0.134427, 0.126020, 0.126020, 0.126020, 0.123780, 0.123780, 0.123780, 0.123329, 0.122015, 0.122015, 0.117025, 0.117025, 0.117025, 0.117025, 0.117025, 0.117025, 0.117025, 0.117025, 0.117025, 0.117025, 0.117025, 0.117025, 0.117025, 0.117025, 0.117025, 0.117025, 0.117025, 0.117025, 0.117025, 0.115882, 0.115882, 0.115882, 0.115882, 0.115882, 0.115882, 0.115882, 0.115882, 0.115882, 0.115882, 0.115882, 0.115882, 0.115882, 0.115882, 0.115882, 0.115882, 0.115882, 0.115882, 0.115882, 0.115588, 0.115588, 0.115588, 0.115588, 0.115588, 0.115588, 0.115588, 0.115588, 0.115588, 0.115588, 0.115588, 0.115588, 0.115588, 0.115588, 0.115588, 0.115588, 0.115588, 0.115588, 0.115588, 0.115588, 0.115588, 0.115588, 0.115588, 0.115588, 0.115588, 0.115588, 0.115588, 0.115588, 0.115588, 0.115588, 0.115588, 0.115588, 0.115588, 0.115588, 0.115588, 0.115588, 0.115588, 0.115588, 0.115588, 0.115588, 0.115588, 0.115588, 0.115588, 0.115588, 0.115588, 0.115588, 0.115588, 0.115588, 0.115588]
Run 1
BPO Best Score: 7.680252e-02
BPO Best Pos: [1.894187, 0.656686, -1.212055, -1.711840, 1.000000, 1.000000, 0.348634, -0.162921, -1.414326, -0.385087, 0.742676, -0.182513, 1.272020, 0.456039, 3.204457, -0.300564, 0.999996, -0.838052, 0.919096, -0.823424, 1.494645, -0.411610, 0.177085, 8.520601, 1.934619, -0.870806, -0.241683, 2.457648, -0.285589, 0.000000, 1.092938, 0.378313, -0.443372, -0.021879]
Curve: [0.097858, 0.076803, 0.076803, 0.076803, 0.076803, 0.076803, 0.076803, 0.076803, 0.076803, 0.076803, 0.076803, 0.076803, 0.076803, 0.076803, 0.076803, 0.076803, 0.076803, 0.076803, 0.076803, 0.076803, 0.076803, 0.076803, 0.076803, 0.076803, 0.076803, 0.076803, 0.076803, 0.076803, 0.076803, 0.076803, 0.076803, 0.076803, 0.076803, 0.076803, 0.076803, 0.076803, 0.076803, 0.076803, 0.076803, 0.076803, 0.076803, 0.076803, 0.076803, 0.076803, 0.076803, 0.076803, 0.076803, 0.076803, 0.076803, 0.076803, 0.076803, 0.076803, 0.076803, 0.076803, 0.076803, 0.076803, 0.076803, 0.076803, 0.076803, 0.076803, 0.076803, 0.076803, 0.076803, 0.076803, 0.076803, 0.076803, 0.076803, 0.076803, 0.076803, 0.076803, 0.076803, 0.076803, 0.076803, 0.076803, 0.076803, 0.076803, 0.076803, 0.076803, 0.076803, 0.076803, 0.076803, 0.076803, 0.076803, 0.076803, 0.076803, 0.076803, 0.076803, 0.076803, 0.076803, 0.076803, 0.076803, 0.076803, 0.076803, 0.076803, 0.076803, 0.076803, 0.076803, 0.076803, 0.076803, 0.076803]
HLBPO Best Score: 7.680252e-02
HLBPO Best Pos: [-0.108421, 1.641538, -0.064717, 1.556158, 1.000000, 1.000000, 1.035443, 0.000000, -0.069309, -0.933899, 0.562695, 0.000000, 1.078326, -0.426418, -0.976720, 0.000000, -0.204460, -0.003299, 1.820452, -0.062733, 1.129679, 1.885066, -0.309459, 1.640748, 0.000000, -0.184777, -0.891657, 0.000000, 1.721564, 0.606272, -0.217678, -0.935390, 1.021715, -0.297842]
Curve: [0.076803, 0.076803, 0.076803, 0.076803, 0.076803, 0.076803, 0.076803, 0.076803, 0.076803, 0.076803, 0.076803, 0.076803, 0.076803, 0.076803, 0.076803, 0.076803, 0.076803, 0.076803, 0.076803, 0.076803, 0.076803, 0.076803, 0.076803, 0.076803, 0.076803, 0.076803, 0.076803, 0.076803, 0.076803, 0.076803, 0.076803, 0.076803, 0.076803, 0.076803, 0.076803, 0.076803, 0.076803, 0.076803, 0.076803, 0.076803, 0.076803, 0.076803, 0.076803, 0.076803, 0.076803, 0.076803, 0.076803, 0.076803, 0.076803, 0.076803, 0.076803, 0.076803, 0.076803, 0.076803, 0.076803, 0.076803, 0.076803, 0.076803, 0.076803, 0.076803, 0.076803, 0.076803, 0.076803, 0.076803, 0.076803, 0.076803, 0.076803, 0.076803, 0.076803, 0.076803, 0.076803, 0.076803, 0.076803, 0.076803, 0.076803, 0.076803, 0.076803, 0.076803, 0.076803, 0.076803, 0.076803, 0.076803, 0.076803, 0.076803, 0.076803, 0.076803, 0.076803, 0.076803, 0.076803, 0.076803, 0.076803, 0.076803, 0.076803, 0.076803, 0.076803, 0.076803, 0.076803, 0.076803, 0.076803, 0.076803]
Run 2
BPO Best Score: 7.434664e-02
BPO Best Pos: [5.181862, -0.798537, 1.000000, 1.000000, 1.000000, 1.834100, -2.379847, 0.011119, 0.127102, -1.490039, -0.003853, -1.468484, 1.000000, -0.501244, -0.844255, -0.338937, -0.499571, -0.287678, -18.047833, -1.955138, 0.432679, 1.796660, 0.778992, -1.419997, -0.000000, -0.000000, 1.000000, -0.646467, -0.759322, 5.213331, -2.450057, 0.100707, -0.430817, 0.195593]
Curve: [0.103730, 0.103730, 0.083421, 0.083421, 0.083421, 0.083421, 0.083421, 0.083421, 0.083421, 0.083421, 0.083421, 0.083421, 0.083421, 0.083421, 0.083421, 0.083421, 0.083421, 0.083421, 0.083421, 0.083421, 0.083421, 0.083421, 0.083421, 0.083421, 0.083421, 0.083421, 0.083421, 0.083421, 0.083421, 0.083421, 0.083421, 0.083421, 0.083421, 0.083421, 0.083421, 0.083421, 0.083421, 0.083421, 0.083421, 0.083421, 0.083421, 0.083421, 0.083421, 0.083421, 0.083421, 0.083421, 0.083421, 0.083421, 0.074347, 0.074347, 0.074347, 0.074347, 0.074347, 0.074347, 0.074347, 0.074347, 0.074347, 0.074347, 0.074347, 0.074347, 0.074347, 0.074347, 0.074347, 0.074347, 0.074347, 0.074347, 0.074347, 0.074347, 0.074347, 0.074347, 0.074347, 0.074347, 0.074347, 0.074347, 0.074347, 0.074347, 0.074347, 0.074347, 0.074347, 0.074347, 0.074347, 0.074347, 0.074347, 0.074347, 0.074347, 0.074347, 0.074347, 0.074347, 0.074347, 0.074347, 0.074347, 0.074347, 0.074347, 0.074347, 0.074347, 0.074347, 0.074347, 0.074347, 0.074347, 0.074347]
HLBPO Best Score: 7.680252e-02
HLBPO Best Pos: [1.088999, 0.624157, -0.253828, 1.799557, 1.000000, 1.000000, -0.093427, 0.307161, 0.334085, -0.098334, 0.335234, 0.708364, 2.490703, 0.000000, 1.439778, 0.702386, 0.000000, -0.601723, 0.070112, 0.853370, -0.510042, -0.886465, -0.911160, 0.008411, 0.994266, 0.914661, 3.719235, 2.286030, -0.158177, 0.000000, 0.130487, -0.510079, 0.527387, -0.277845]
Curve: [0.088391, 0.076803, 0.076803, 0.076803, 0.076803, 0.076803, 0.076803, 0.076803, 0.076803, 0.076803, 0.076803, 0.076803, 0.076803, 0.076803, 0.076803, 0.076803, 0.076803, 0.076803, 0.076803, 0.076803, 0.076803, 0.076803, 0.076803, 0.076803, 0.076803, 0.076803, 0.076803, 0.076803, 0.076803, 0.076803, 0.076803, 0.076803, 0.076803, 0.076803, 0.076803, 0.076803, 0.076803, 0.076803, 0.076803, 0.076803, 0.076803, 0.076803, 0.076803, 0.076803, 0.076803, 0.076803, 0.076803, 0.076803, 0.076803, 0.076803, 0.076803, 0.076803, 0.076803, 0.076803, 0.076803, 0.076803, 0.076803, 0.076803, 0.076803, 0.076803, 0.076803, 0.076803, 0.076803, 0.076803, 0.076803, 0.076803, 0.076803, 0.076803, 0.076803, 0.076803, 0.076803, 0.076803, 0.076803, 0.076803, 0.076803, 0.076803, 0.076803, 0.076803, 0.076803, 0.076803, 0.076803, 0.076803, 0.076803, 0.076803, 0.076803, 0.076803, 0.076803, 0.076803, 0.076803, 0.076803, 0.076803, 0.076803, 0.076803, 0.076803, 0.076803, 0.076803, 0.076803, 0.076803, 0.076803, 0.076803]
Run 3
BPO Best Score: 9.943109e-02
BPO Best Pos: [1.649576, 1.000000, 0.913986, 0.326215, 1.000000, -0.230226, 1.140615, 1.581620, -0.682576, 1.415756, 2.364720, 0.039041, -0.703811, -0.275557, 0.538569, -0.275960, 1.283305, -0.465984, 2.247043, 1.688817, 1.739218, 0.916101, 0.506577, 1.000000, -0.198456, 2.290703, -0.292207, 1.221615, 0.000000, -0.045187, -0.590372, -0.168757, 1.603315, 1.657683]
Curve: [0.099725, 0.099725, 0.099725, 0.099725, 0.099725, 0.099725, 0.099725, 0.099725, 0.099725, 0.099725, 0.099725, 0.099725, 0.099725, 0.099725, 0.099725, 0.099725, 0.099725, 0.099725, 0.099725, 0.099725, 0.099725, 0.099725, 0.099725, 0.099725, 0.099725, 0.099725, 0.099725, 0.099725, 0.099725, 0.099725, 0.099725, 0.099725, 0.099725, 0.099725, 0.099725, 0.099725, 0.099725, 0.099725, 0.099725, 0.099725, 0.099725, 0.099725, 0.099725, 0.099725, 0.099725, 0.099725, 0.099725, 0.099725, 0.099725, 0.099725, 0.099725, 0.099725, 0.099725, 0.099725, 0.099725, 0.099725, 0.099725, 0.099725, 0.099725, 0.099725, 0.099725, 0.099725, 0.099725, 0.099725, 0.099725, 0.099725, 0.099725, 0.099725, 0.099725, 0.099725, 0.099725, 0.099725, 0.099725, 0.099725, 0.099725, 0.099725, 0.099725, 0.099725, 0.099725, 0.099725, 0.099725, 0.099725, 0.099431, 0.099431, 0.099431, 0.099431, 0.099431, 0.099431, 0.099431, 0.099431, 0.099431, 0.099431, 0.099431, 0.099431, 0.099431, 0.099431, 0.099431, 0.099431, 0.099431, 0.099431]
HLBPO Best Score: 8.304790e-02
HLBPO Best Pos: [-0.659313, 2.696364, 1.000000, 0.000000, 1.000000, 1.000000, 0.442263, 0.994988, 1.493246, 1.768398, -0.182357, 1.251891, 2.083970, 0.000000, 1.483418, 0.428812, 0.000000, 1.000000, -0.043027, 0.000000, -0.551847, 0.400738, -0.235450, 0.000000, -0.824180, -0.035572, -0.928215, 1.699910, 0.128971, 0.000000, 1.631846, -0.008797, 1.882156, 0.015033]
Curve: [0.083048, 0.083048, 0.083048, 0.083048, 0.083048, 0.083048, 0.083048, 0.083048, 0.083048, 0.083048, 0.083048, 0.083048, 0.083048, 0.083048, 0.083048, 0.083048, 0.083048, 0.083048, 0.083048, 0.083048, 0.083048, 0.083048, 0.083048, 0.083048, 0.083048, 0.083048, 0.083048, 0.083048, 0.083048, 0.083048, 0.083048, 0.083048, 0.083048, 0.083048, 0.083048, 0.083048, 0.083048, 0.083048, 0.083048, 0.083048, 0.083048, 0.083048, 0.083048, 0.083048, 0.083048, 0.083048, 0.083048, 0.083048, 0.083048, 0.083048, 0.083048, 0.083048, 0.083048, 0.083048, 0.083048, 0.083048, 0.083048, 0.083048, 0.083048, 0.083048, 0.083048, 0.083048, 0.083048, 0.083048, 0.083048, 0.083048, 0.083048, 0.083048, 0.083048, 0.083048, 0.083048, 0.083048, 0.083048, 0.083048, 0.083048, 0.083048, 0.083048, 0.083048, 0.083048, 0.083048, 0.083048, 0.083048, 0.083048, 0.083048, 0.083048, 0.083048, 0.083048, 0.083048, 0.083048, 0.083048, 0.083048, 0.083048, 0.083048, 0.083048, 0.083048, 0.083048, 0.083048, 0.083048, 0.083048, 0.083048]
Run 4
BPO Best Score: 6.586092e-02
BPO Best Pos: [-0.369252, 1.552488, 1.000000, 0.563470, 1.000000, 1.000000, 1.903213, 0.014327, -0.191432, 0.000000, -0.840798, -0.139707, -1.530938, -0.704233, 0.842955, 1.371791, -0.060779, 0.000000, -0.636622, -0.651167, -0.568375, -0.309354, -1.439966, -0.165453, 1.820352, 1.885937, -0.556937, -0.486101, 0.000000, 0.000000, 1.211429, -0.103062, 1.652213, 0.000000]
Curve: [0.065861, 0.065861, 0.065861, 0.065861, 0.065861, 0.065861, 0.065861, 0.065861, 0.065861, 0.065861, 0.065861, 0.065861, 0.065861, 0.065861, 0.065861, 0.065861, 0.065861, 0.065861, 0.065861, 0.065861, 0.065861, 0.065861, 0.065861, 0.065861, 0.065861, 0.065861, 0.065861, 0.065861, 0.065861, 0.065861, 0.065861, 0.065861, 0.065861, 0.065861, 0.065861, 0.065861, 0.065861, 0.065861, 0.065861, 0.065861, 0.065861, 0.065861, 0.065861, 0.065861, 0.065861, 0.065861, 0.065861, 0.065861, 0.065861, 0.065861, 0.065861, 0.065861, 0.065861, 0.065861, 0.065861, 0.065861, 0.065861, 0.065861, 0.065861, 0.065861, 0.065861, 0.065861, 0.065861, 0.065861, 0.065861, 0.065861, 0.065861, 0.065861, 0.065861, 0.065861, 0.065861, 0.065861, 0.065861, 0.065861, 0.065861, 0.065861, 0.065861, 0.065861, 0.065861, 0.065861, 0.065861, 0.065861, 0.065861, 0.065861, 0.065861, 0.065861, 0.065861, 0.065861, 0.065861, 0.065861, 0.065861, 0.065861, 0.065861, 0.065861, 0.065861, 0.065861, 0.065861, 0.065861, 0.065861, 0.065861]
HLBPO Best Score: 9.116092e-02
HLBPO Best Pos: [0.068761, 1.042663, 1.000000, 0.000000, -0.287995, 0.000000, 0.000000, -0.396669, 0.775604, 1.801976, 1.307153, -0.148464, 1.635355, -0.623591, 1.496159, 0.000000, 0.000000, 0.414863, 1.699594, 0.682451, 1.000000, 0.601871, 0.000000, 0.606755, 0.173174, -1.415165, 2.110053, 1.764846, 0.848446, 0.639615, 2.439881, 1.645410, 1.874152, 1.000000]
Curve: [0.091161, 0.091161, 0.091161, 0.091161, 0.091161, 0.091161, 0.091161, 0.091161, 0.091161, 0.091161, 0.091161, 0.091161, 0.091161, 0.091161, 0.091161, 0.091161, 0.091161, 0.091161, 0.091161, 0.091161, 0.091161, 0.091161, 0.091161, 0.091161, 0.091161, 0.091161, 0.091161, 0.091161, 0.091161, 0.091161, 0.091161, 0.091161, 0.091161, 0.091161, 0.091161, 0.091161, 0.091161, 0.091161, 0.091161, 0.091161, 0.091161, 0.091161, 0.091161, 0.091161, 0.091161, 0.091161, 0.091161, 0.091161, 0.091161, 0.091161, 0.091161, 0.091161, 0.091161, 0.091161, 0.091161, 0.091161, 0.091161, 0.091161, 0.091161, 0.091161, 0.091161, 0.091161, 0.091161, 0.091161, 0.091161, 0.091161, 0.091161, 0.091161, 0.091161, 0.091161, 0.091161, 0.091161, 0.091161, 0.091161, 0.091161, 0.091161, 0.091161, 0.091161, 0.091161, 0.091161, 0.091161, 0.091161, 0.091161, 0.091161, 0.091161, 0.091161, 0.091161, 0.091161, 0.091161, 0.091161, 0.091161, 0.091161, 0.091161, 0.091161, 0.091161, 0.091161, 0.091161, 0.091161, 0.091161, 0.091161]
Run 5
BPO Best Score: 9.092521e-02
BPO Best Pos: [0.559334, 1.086686, 0.000000, -0.294754, 1.000000, -0.159992, 0.034949, 0.000000, -0.042324, 0.807880, 1.000000, 1.000000, -0.167752, 1.453540, 1.562484, 0.000000, -0.000587, 1.069136, 0.462843, -0.370407, 0.025011, 0.126575, 0.738640, 1.476515, -0.640413, 0.000000, -0.231253, 0.566485, 1.341570, 0.261310, -0.845678, 0.646287, -0.322334, -0.772091]
Curve: [0.090925, 0.090925, 0.090925, 0.090925, 0.090925, 0.090925, 0.090925, 0.090925, 0.090925, 0.090925, 0.090925, 0.090925, 0.090925, 0.090925, 0.090925, 0.090925, 0.090925, 0.090925, 0.090925, 0.090925, 0.090925, 0.090925, 0.090925, 0.090925, 0.090925, 0.090925, 0.090925, 0.090925, 0.090925, 0.090925, 0.090925, 0.090925, 0.090925, 0.090925, 0.090925, 0.090925, 0.090925, 0.090925, 0.090925, 0.090925, 0.090925, 0.090925, 0.090925, 0.090925, 0.090925, 0.090925, 0.090925, 0.090925, 0.090925, 0.090925, 0.090925, 0.090925, 0.090925, 0.090925, 0.090925, 0.090925, 0.090925, 0.090925, 0.090925, 0.090925, 0.090925, 0.090925, 0.090925, 0.090925, 0.090925, 0.090925, 0.090925, 0.090925, 0.090925, 0.090925, 0.090925, 0.090925, 0.090925, 0.090925, 0.090925, 0.090925, 0.090925, 0.090925, 0.090925, 0.090925, 0.090925, 0.090925, 0.090925, 0.090925, 0.090925, 0.090925, 0.090925, 0.090925, 0.090925, 0.090925, 0.090925, 0.090925, 0.090925, 0.090925, 0.090925, 0.090925, 0.090925, 0.090925, 0.090925, 0.090925]
HLBPO Best Score: 9.078824e-02
HLBPO Best Pos: [1.223258, 0.255884, -0.429309, 0.137564, 1.000000, -0.777885, 1.459899, 1.000000, -0.750980, 0.818935, -0.609444, 2.538388, -0.129430, 0.000000, -0.881309, 0.000000, -0.245547, 2.117040, 0.206851, 1.427213, 1.296859, 0.000000, -0.104804, -0.196314, -0.013111, 0.518676, 0.324520, -0.764287, -0.206371, 1.260476, -1.546371, 0.000000, 0.001669, -0.585620]
Curve: [0.090788, 0.090788, 0.090788, 0.090788, 0.090788, 0.090788, 0.090788, 0.090788, 0.090788, 0.090788, 0.090788, 0.090788, 0.090788, 0.090788, 0.090788, 0.090788, 0.090788, 0.090788, 0.090788, 0.090788, 0.090788, 0.090788, 0.090788, 0.090788, 0.090788, 0.090788, 0.090788, 0.090788, 0.090788, 0.090788, 0.090788, 0.090788, 0.090788, 0.090788, 0.090788, 0.090788, 0.090788, 0.090788, 0.090788, 0.090788, 0.090788, 0.090788, 0.090788, 0.090788, 0.090788, 0.090788, 0.090788, 0.090788, 0.090788, 0.090788, 0.090788, 0.090788, 0.090788, 0.090788, 0.090788, 0.090788, 0.090788, 0.090788, 0.090788, 0.090788, 0.090788, 0.090788, 0.090788, 0.090788, 0.090788, 0.090788, 0.090788, 0.090788, 0.090788, 0.090788, 0.090788, 0.090788, 0.090788, 0.090788, 0.090788, 0.090788, 0.090788, 0.090788, 0.090788, 0.090788, 0.090788, 0.090788, 0.090788, 0.090788, 0.090788, 0.090788, 0.090788, 0.090788, 0.090788, 0.090788, 0.090788, 0.090788, 0.090788, 0.090788, 0.090788, 0.090788, 0.090788, 0.090788, 0.090788, 0.090788]
Run 6
BPO Best Score: 9.116092e-02
BPO Best Pos: [0.338780, 0.000000, 0.880529, -0.020156, 1.000000, 1.112075, 2.274158, -0.000449, 1.416364, 0.202399, 0.934428, -0.790152, 0.867757, 2.297181, 2.266378, 1.000000, 1.281638, -0.698963, -0.964173, 3.986032, 0.938139, 1.333684, 1.764818, 1.496955, 0.326174, -1.257451, 1.000000, -0.000347, 0.730508, 1.477046, 0.214695, 0.765943, -0.382334, 0.794496]
Curve: [0.094656, 0.091161, 0.091161, 0.091161, 0.091161, 0.091161, 0.091161, 0.091161, 0.091161, 0.091161, 0.091161, 0.091161, 0.091161, 0.091161, 0.091161, 0.091161, 0.091161, 0.091161, 0.091161, 0.091161, 0.091161, 0.091161, 0.091161, 0.091161, 0.091161, 0.091161, 0.091161, 0.091161, 0.091161, 0.091161, 0.091161, 0.091161, 0.091161, 0.091161, 0.091161, 0.091161, 0.091161, 0.091161, 0.091161, 0.091161, 0.091161, 0.091161, 0.091161, 0.091161, 0.091161, 0.091161, 0.091161, 0.091161, 0.091161, 0.091161, 0.091161, 0.091161, 0.091161, 0.091161, 0.091161, 0.091161, 0.091161, 0.091161, 0.091161, 0.091161, 0.091161, 0.091161, 0.091161, 0.091161, 0.091161, 0.091161, 0.091161, 0.091161, 0.091161, 0.091161, 0.091161, 0.091161, 0.091161, 0.091161, 0.091161, 0.091161, 0.091161, 0.091161, 0.091161, 0.091161, 0.091161, 0.091161, 0.091161, 0.091161, 0.091161, 0.091161, 0.091161, 0.091161, 0.091161, 0.091161, 0.091161, 0.091161, 0.091161, 0.091161, 0.091161, 0.091161, 0.091161, 0.091161, 0.091161, 0.091161]
HLBPO Best Score: 1.025336e-01
HLBPO Best Pos: [1.646984, 1.425093, 2.566283, -0.891663, 1.000000, -0.854284, 1.298122, 0.000753, 1.046778, 1.000000, 0.393525, 0.000000, 1.000000, -0.477233, 1.628352, -0.314702, 1.337657, -0.009018, -0.896655, 1.753467, 0.960157, -0.203665, 1.185067, 1.037012, 1.000000, 0.025158, 0.911225, 0.894438, 0.312889, 0.000000, -0.265582, 1.237232, 1.708511, 1.959855]
Curve: [0.102534, 0.102534, 0.102534, 0.102534, 0.102534, 0.102534, 0.102534, 0.102534, 0.102534, 0.102534, 0.102534, 0.102534, 0.102534, 0.102534, 0.102534, 0.102534, 0.102534, 0.102534, 0.102534, 0.102534, 0.102534, 0.102534, 0.102534, 0.102534, 0.102534, 0.102534, 0.102534, 0.102534, 0.102534, 0.102534, 0.102534, 0.102534, 0.102534, 0.102534, 0.102534, 0.102534, 0.102534, 0.102534, 0.102534, 0.102534, 0.102534, 0.102534, 0.102534, 0.102534, 0.102534, 0.102534, 0.102534, 0.102534, 0.102534, 0.102534, 0.102534, 0.102534, 0.102534, 0.102534, 0.102534, 0.102534, 0.102534, 0.102534, 0.102534, 0.102534, 0.102534, 0.102534, 0.102534, 0.102534, 0.102534, 0.102534, 0.102534, 0.102534, 0.102534, 0.102534, 0.102534, 0.102534, 0.102534, 0.102534, 0.102534, 0.102534, 0.102534, 0.102534, 0.102534, 0.102534, 0.102534, 0.102534, 0.102534, 0.102534, 0.102534, 0.102534, 0.102534, 0.102534, 0.102534, 0.102534, 0.102534, 0.102534, 0.102534, 0.102534, 0.102534, 0.102534, 0.102534, 0.102534, 0.102534, 0.102534]
Run 7
BPO Best Score: 8.548361e-02
BPO Best Pos: [-0.925793, 2.189789, 1.974141, -0.294329, 1.000000, 1.355868, 1.922431, -1.481498, 1.962800, 1.000000, -0.427669, -0.998737, -1.280519, 1.187411, 1.000000, 2.406646, 2.570896, -0.875862, 1.140159, 3.736472, 2.459908, -0.541525, 2.810271, -1.034042, -1.609221, -1.570603, 1.000000, 1.359465, 2.252726, -0.253392, -1.586644, -0.021199, 1.262528, 0.030022]
Curve: [0.089587, 0.085484, 0.085484, 0.085484, 0.085484, 0.085484, 0.085484, 0.085484, 0.085484, 0.085484, 0.085484, 0.085484, 0.085484, 0.085484, 0.085484, 0.085484, 0.085484, 0.085484, 0.085484, 0.085484, 0.085484, 0.085484, 0.085484, 0.085484, 0.085484, 0.085484, 0.085484, 0.085484, 0.085484, 0.085484, 0.085484, 0.085484, 0.085484, 0.085484, 0.085484, 0.085484, 0.085484, 0.085484, 0.085484, 0.085484, 0.085484, 0.085484, 0.085484, 0.085484, 0.085484, 0.085484, 0.085484, 0.085484, 0.085484, 0.085484, 0.085484, 0.085484, 0.085484, 0.085484, 0.085484, 0.085484, 0.085484, 0.085484, 0.085484, 0.085484, 0.085484, 0.085484, 0.085484, 0.085484, 0.085484, 0.085484, 0.085484, 0.085484, 0.085484, 0.085484, 0.085484, 0.085484, 0.085484, 0.085484, 0.085484, 0.085484, 0.085484, 0.085484, 0.085484, 0.085484, 0.085484, 0.085484, 0.085484, 0.085484, 0.085484, 0.085484, 0.085484, 0.085484, 0.085484, 0.085484, 0.085484, 0.085484, 0.085484, 0.085484, 0.085484, 0.085484, 0.085484, 0.085484, 0.085484, 0.085484]
HLBPO Best Score: 8.080756e-02
HLBPO Best Pos: [1.000000, 1.000000, 1.331029, 0.164369, 1.000000, 1.425332, -0.938413, -0.290159, 0.366953, 0.822714, 0.931934, 1.223109, 1.427768, 1.899562, 1.494383, 1.000000, 0.898146, 1.935246, 0.000000, 0.089055, -1.057993, 1.087156, 0.653766, 0.103934, 1.000000, 0.657681, 1.000000, -0.053158, 0.000000, -0.210076, -0.216664, 0.266850, -0.124872, 1.748752]
Curve: [0.080808, 0.080808, 0.080808, 0.080808, 0.080808, 0.080808, 0.080808, 0.080808, 0.080808, 0.080808, 0.080808, 0.080808, 0.080808, 0.080808, 0.080808, 0.080808, 0.080808, 0.080808, 0.080808, 0.080808, 0.080808, 0.080808, 0.080808, 0.080808, 0.080808, 0.080808, 0.080808, 0.080808, 0.080808, 0.080808, 0.080808, 0.080808, 0.080808, 0.080808, 0.080808, 0.080808, 0.080808, 0.080808, 0.080808, 0.080808, 0.080808, 0.080808, 0.080808, 0.080808, 0.080808, 0.080808, 0.080808, 0.080808, 0.080808, 0.080808, 0.080808, 0.080808, 0.080808, 0.080808, 0.080808, 0.080808, 0.080808, 0.080808, 0.080808, 0.080808, 0.080808, 0.080808, 0.080808, 0.080808, 0.080808, 0.080808, 0.080808, 0.080808, 0.080808, 0.080808, 0.080808, 0.080808, 0.080808, 0.080808, 0.080808, 0.080808, 0.080808, 0.080808, 0.080808, 0.080808, 0.080808, 0.080808, 0.080808, 0.080808, 0.080808, 0.080808, 0.080808, 0.080808, 0.080808, 0.080808, 0.080808, 0.080808, 0.080808, 0.080808, 0.080808, 0.080808, 0.080808, 0.080808, 0.080808, 0.080808]
Run 8
BPO Best Score: 8.021933e-02
BPO Best Pos: [1.249629, -0.953736, 1.073799, 1.000000, 1.000000, 0.399394, 0.332005, -0.464944, 1.755974, 1.390455, 0.569269, 0.423292, -0.758612, -0.494997, 0.979946, -0.050967, 1.186308, 0.585275, 0.000000, 1.665423, 1.025984, 0.121389, -0.078225, 0.000000, 0.974791, -0.099916, 1.000000, -0.797239, 1.000000, -0.665466, 0.630564, 1.540023, -0.490300, 1.437212]
Curve: [0.080219, 0.080219, 0.080219, 0.080219, 0.080219, 0.080219, 0.080219, 0.080219, 0.080219, 0.080219, 0.080219, 0.080219, 0.080219, 0.080219, 0.080219, 0.080219, 0.080219, 0.080219, 0.080219, 0.080219, 0.080219, 0.080219, 0.080219, 0.080219, 0.080219, 0.080219, 0.080219, 0.080219, 0.080219, 0.080219, 0.080219, 0.080219, 0.080219, 0.080219, 0.080219, 0.080219, 0.080219, 0.080219, 0.080219, 0.080219, 0.080219, 0.080219, 0.080219, 0.080219, 0.080219, 0.080219, 0.080219, 0.080219, 0.080219, 0.080219, 0.080219, 0.080219, 0.080219, 0.080219, 0.080219, 0.080219, 0.080219, 0.080219, 0.080219, 0.080219, 0.080219, 0.080219, 0.080219, 0.080219, 0.080219, 0.080219, 0.080219, 0.080219, 0.080219, 0.080219, 0.080219, 0.080219, 0.080219, 0.080219, 0.080219, 0.080219, 0.080219, 0.080219, 0.080219, 0.080219, 0.080219, 0.080219, 0.080219, 0.080219, 0.080219, 0.080219, 0.080219, 0.080219, 0.080219, 0.080219, 0.080219, 0.080219, 0.080219, 0.080219, 0.080219, 0.080219, 0.080219, 0.080219, 0.080219, 0.080219]
HLBPO Best Score: 7.680252e-02
HLBPO Best Pos: [1.743669, 1.640504, 1.617969, 0.185964, 1.000000, 1.000000, 0.351925, 0.851431, 0.004688, 0.260012, 0.440072, -0.899151, 0.666621, -1.701702, 2.450680, 0.931895, 3.215404, 1.179924, 0.301877, 0.932607, -0.258133, 0.532314, 1.726855, 1.050020, 1.384864, -0.669282, 1.126349, 2.541643, 0.442990, 1.234514, 1.085397, -0.148260, -0.590658, -0.522687]
Curve: [0.086171, 0.076803, 0.076803, 0.076803, 0.076803, 0.076803, 0.076803, 0.076803, 0.076803, 0.076803, 0.076803, 0.076803, 0.076803, 0.076803, 0.076803, 0.076803, 0.076803, 0.076803, 0.076803, 0.076803, 0.076803, 0.076803, 0.076803, 0.076803, 0.076803, 0.076803, 0.076803, 0.076803, 0.076803, 0.076803, 0.076803, 0.076803, 0.076803, 0.076803, 0.076803, 0.076803, 0.076803, 0.076803, 0.076803, 0.076803, 0.076803, 0.076803, 0.076803, 0.076803, 0.076803, 0.076803, 0.076803, 0.076803, 0.076803, 0.076803, 0.076803, 0.076803, 0.076803, 0.076803, 0.076803, 0.076803, 0.076803, 0.076803, 0.076803, 0.076803, 0.076803, 0.076803, 0.076803, 0.076803, 0.076803, 0.076803, 0.076803, 0.076803, 0.076803, 0.076803, 0.076803, 0.076803, 0.076803, 0.076803, 0.076803, 0.076803, 0.076803, 0.076803, 0.076803, 0.076803, 0.076803, 0.076803, 0.076803, 0.076803, 0.076803, 0.076803, 0.076803, 0.076803, 0.076803, 0.076803, 0.076803, 0.076803, 0.076803, 0.076803, 0.076803, 0.076803, 0.076803, 0.076803, 0.076803, 0.076803]
Run 9
BPO Best Score: 7.434664e-02
BPO Best Pos: [0.000000, 1.214216, -0.087705, 0.476785, 1.000000, 1.000000, 0.066678, -1.144836, 1.786556, 0.243098, -1.187669, 1.029122, 1.291543, 0.027275, 2.490418, -0.215013, 0.000000, 1.000000, 1.330108, 1.152213, 1.124735, -0.609021, 1.196651, -0.287531, -0.521083, 0.013089, -0.186356, 2.849363, 0.029907, 0.000000, 1.640088, -0.272871, 1.346491, 0.868506]
Curve: [0.074347, 0.074347, 0.074347, 0.074347, 0.074347, 0.074347, 0.074347, 0.074347, 0.074347, 0.074347, 0.074347, 0.074347, 0.074347, 0.074347, 0.074347, 0.074347, 0.074347, 0.074347, 0.074347, 0.074347, 0.074347, 0.074347, 0.074347, 0.074347, 0.074347, 0.074347, 0.074347, 0.074347, 0.074347, 0.074347, 0.074347, 0.074347, 0.074347, 0.074347, 0.074347, 0.074347, 0.074347, 0.074347, 0.074347, 0.074347, 0.074347, 0.074347, 0.074347, 0.074347, 0.074347, 0.074347, 0.074347, 0.074347, 0.074347, 0.074347, 0.074347, 0.074347, 0.074347, 0.074347, 0.074347, 0.074347, 0.074347, 0.074347, 0.074347, 0.074347, 0.074347, 0.074347, 0.074347, 0.074347, 0.074347, 0.074347, 0.074347, 0.074347, 0.074347, 0.074347, 0.074347, 0.074347, 0.074347, 0.074347, 0.074347, 0.074347, 0.074347, 0.074347, 0.074347, 0.074347, 0.074347, 0.074347, 0.074347, 0.074347, 0.074347, 0.074347, 0.074347, 0.074347, 0.074347, 0.074347, 0.074347, 0.074347, 0.074347, 0.074347, 0.074347, 0.074347, 0.074347, 0.074347, 0.074347, 0.074347]
HLBPO Best Score: 9.398950e-02
HLBPO Best Pos: [-0.147367, 0.000000, 1.000000, 0.000000, 1.000000, 0.000000, -0.009328, 0.479765, 1.410408, 0.598546, 0.169673, 0.000000, 1.377608, 1.167169, -0.670119, 1.000000, 0.081575, -0.539501, 0.999128, 0.698099, -0.501819, 1.205663, 1.860763, -0.006571, 1.283623, 0.000000, 1.948979, 0.610937, -0.490425, 1.091110, 1.756341, -1.441705, 1.243338, 0.000000]
Curve: [0.093989, 0.093989, 0.093989, 0.093989, 0.093989, 0.093989, 0.093989, 0.093989, 0.093989, 0.093989, 0.093989, 0.093989, 0.093989, 0.093989, 0.093989, 0.093989, 0.093989, 0.093989, 0.093989, 0.093989, 0.093989, 0.093989, 0.093989, 0.093989, 0.093989, 0.093989, 0.093989, 0.093989, 0.093989, 0.093989, 0.093989, 0.093989, 0.093989, 0.093989, 0.093989, 0.093989, 0.093989, 0.093989, 0.093989, 0.093989, 0.093989, 0.093989, 0.093989, 0.093989, 0.093989, 0.093989, 0.093989, 0.093989, 0.093989, 0.093989, 0.093989, 0.093989, 0.093989, 0.093989, 0.093989, 0.093989, 0.093989, 0.093989, 0.093989, 0.093989, 0.093989, 0.093989, 0.093989, 0.093989, 0.093989, 0.093989, 0.093989, 0.093989, 0.093989, 0.093989, 0.093989, 0.093989, 0.093989, 0.093989, 0.093989, 0.093989, 0.093989, 0.093989, 0.093989, 0.093989, 0.093989, 0.093989, 0.093989, 0.093989, 0.093989, 0.093989, 0.093989, 0.093989, 0.093989, 0.093989, 0.093989, 0.093989, 0.093989, 0.093989, 0.093989, 0.093989, 0.093989, 0.093989, 0.093989, 0.093989]
Run 10
BPO Best Score: 7.680252e-02
BPO Best Pos: [2.123420, -0.738110, 0.571587, 0.000000, 1.000000, 1.000000, 1.316917, 2.528737, -0.030934, -1.123705, 1.198150, 0.021511, -0.449782, -0.282098, 0.505270, 2.579586, 2.377241, 0.006109, 2.369464, -0.714832, 0.423253, -0.632583, 0.000000, 0.790425, 2.446053, 1.053203, 0.493300, 2.181019, 3.417491, 0.014943, 1.100356, 0.000000, -0.207656, -0.500638]
Curve: [0.094068, 0.076803, 0.076803, 0.076803, 0.076803, 0.076803, 0.076803, 0.076803, 0.076803, 0.076803, 0.076803, 0.076803, 0.076803, 0.076803, 0.076803, 0.076803, 0.076803, 0.076803, 0.076803, 0.076803, 0.076803, 0.076803, 0.076803, 0.076803, 0.076803, 0.076803, 0.076803, 0.076803, 0.076803, 0.076803, 0.076803, 0.076803, 0.076803, 0.076803, 0.076803, 0.076803, 0.076803, 0.076803, 0.076803, 0.076803, 0.076803, 0.076803, 0.076803, 0.076803, 0.076803, 0.076803, 0.076803, 0.076803, 0.076803, 0.076803, 0.076803, 0.076803, 0.076803, 0.076803, 0.076803, 0.076803, 0.076803, 0.076803, 0.076803, 0.076803, 0.076803, 0.076803, 0.076803, 0.076803, 0.076803, 0.076803, 0.076803, 0.076803, 0.076803, 0.076803, 0.076803, 0.076803, 0.076803, 0.076803, 0.076803, 0.076803, 0.076803, 0.076803, 0.076803, 0.076803, 0.076803, 0.076803, 0.076803, 0.076803, 0.076803, 0.076803, 0.076803, 0.076803, 0.076803, 0.076803, 0.076803, 0.076803, 0.076803, 0.076803, 0.076803, 0.076803, 0.076803, 0.076803, 0.076803, 0.076803]
HLBPO Best Score: 9.116092e-02
HLBPO Best Pos: [1.231380, 3.711910, 0.000000, 1.716626, 1.000000, 1.028964, 0.168331, 2.467605, 0.248219, -0.008108, -0.114884, 2.041644, 0.255410, 1.451631, 0.944166, 1.000000, 0.517842, 3.078059, -0.046864, -0.259701, 0.000000, 1.046609, -1.966362, 0.127488, -0.847671, -0.679716, 1.000000, -0.016021, 1.560980, -0.744611, 1.519476, 0.000000, 3.269263, -0.703924]
Curve: [0.091965, 0.091161, 0.091161, 0.091161, 0.091161, 0.091161, 0.091161, 0.091161, 0.091161, 0.091161, 0.091161, 0.091161, 0.091161, 0.091161, 0.091161, 0.091161, 0.091161, 0.091161, 0.091161, 0.091161, 0.091161, 0.091161, 0.091161, 0.091161, 0.091161, 0.091161, 0.091161, 0.091161, 0.091161, 0.091161, 0.091161, 0.091161, 0.091161, 0.091161, 0.091161, 0.091161, 0.091161, 0.091161, 0.091161, 0.091161, 0.091161, 0.091161, 0.091161, 0.091161, 0.091161, 0.091161, 0.091161, 0.091161, 0.091161, 0.091161, 0.091161, 0.091161, 0.091161, 0.091161, 0.091161, 0.091161, 0.091161, 0.091161, 0.091161, 0.091161, 0.091161, 0.091161, 0.091161, 0.091161, 0.091161, 0.091161, 0.091161, 0.091161, 0.091161, 0.091161, 0.091161, 0.091161, 0.091161, 0.091161, 0.091161, 0.091161, 0.091161, 0.091161, 0.091161, 0.091161, 0.091161, 0.091161, 0.091161, 0.091161, 0.091161, 0.091161, 0.091161, 0.091161, 0.091161, 0.091161, 0.091161, 0.091161, 0.091161, 0.091161, 0.091161, 0.091161, 0.091161, 0.091161, 0.091161, 0.091161]
