// solution (optimal) with objective 6110.2639
// Quality Incumbent solution:
// MILP objective                                6.1102639000e+003
// MILP solution norm |x| (Total, Max)           9.36397e+003 6.04166e+002
// MILP solution error (Ax=b) (Total, Max)       2.79554e-013 7.10543e-014
// MILP x bound error (Total, Max)               2.22045e-016 2.22045e-016
// MILP x integrality error (Total, Max)         2.22045e-016 2.22045e-016
// MILP slack bound error (Total, Max)           2.08944e-013 5.68434e-014
// 

productionquantity = [[[0
                 0 0 0 0 0 0 0 0 0 0 0]
                 [0 0 0 0 0 0 0 0 0 0 0 0]
                 [1 0 0 107.84 0 0 100.31 0 0 100.01 0 0]]
             [[0 0 0 0 0 0 0 0 0 0 0 0]
                 [0 0 0 0 0 107.84 0 100.31 0 0 100.01 0]
                 [0 0 0 0 0 0 0 0 0 0 0 0]]
             [[0 0 0 0 0 0 0 0 0 0 0 0]
                 [0 0 0 107.84 0 0 0 0 100.31 100.01 0 0]
                 [0 0 0 0 0 0 0 0 0 0 0 0]]
             [[0 0 0 0 0 0 0 0 0 0 0 0]
                 [1 0 0 0 107.84 0 100.31 0 0 0 0 100.01]
                 [0 0 0 0 0 0 0 0 0 0 0 0]]
             [[0 0 0 0 0 0 0 0 0 0 0 0]
                 [0 0 0 0 0 0 0 0 0 0 0 0]
                 [0 0 0 0 0 0 0 0 0 0 0 0]]
             [[0 0 0 0 0 0 0 0 0 0 0 0]
                 [0 0 0 0 0 0 0 0 0 0 0 0]
                 [0 0 0 0 0 0 0 0 0 0 0 0]]
             [[0 0 0 0 0 0 0 40.829 0 41.13 0 1]
                 [0 0 0 0 0 0 0 0 0 0 0 0]
                 [0 0 0 0 0 0 0 0 0 0 0 0]]
             [[0 0 0 0 0 0 0 0 1 0 0 0]
                 [0 0 0 0 0 0 0 0 0 0 0 0]
                 [0 0 0 0 0 0 0 0 0 0 0 0]]
             [[0 0 0 1 0 0 0 0 0 0 0 0]
                 [0 0 0 0 0 0 0 0 0 0 0 0]
                 [0 0 0 0 0 0 0 0 0 0 0 0]]
             [[1 0 0 0 0 1 100.31 0 0 0 100.01 0]
                 [0 0 0 0 0 0 0 0 0 0 0 0]
                 [0 0 0 0 0 0 0 0 0 0 0 0]]];
inventory = [[295 0 0 0 0]
             [296 0 0 0 0]
             [296 0 0 0 0]
             [295 0 0 0 0]
             [604.17 308.17 200.33 100.01 0]
             [604.17 308.17 200.33 100.01 0]
             [521.21 225.21 117.37 57.882 0]
             [603.17 307.17 199.33 100.01 0]
             [603.17 307.17 200.33 100.01 0]
             [401.84 106.84 0 0 0]];
Pchangeover = [[[[0 0 0 0 0 0 0 0 0 0 0 0]
                     [0 0 0 0 0 0 0 0 0 0 0 0]
                     [0 1 1 1 1 1 1 1 1 1 1 1]]
                 [[0 0 0 0 0 0 0 0 0 0 0 0]
                     [0 0 0 0 0 0 0 0 0 0 0 0]
                     [0 0 0 0 0 0 0 0 0 0 0 0]]
                 [[0 0 0 0 0 0 0 0 0 0 0 0]
                     [0 0 0 0 0 0 0 0 0 0 0 0]
                     [0 0 0 0 0 0 0 0 0 0 0 0]]
                 [[0 0 0 0 0 0 0 0 0 0 0 0]
                     [0 0 0 0 0 0 0 0 0 0 0 0]
                     [0 0 0 0 0 0 0 0 0 0 0 0]]
                 [[0 0 0 0 0 0 0 0 0 0 0 0]
                     [0 0 0 0 0 0 0 0 0 0 0 0]
                     [0 0 0 0 0 0 0 0 0 0 0 0]]
                 [[0 0 0 0 0 0 0 0 0 0 0 0]
                     [0 0 0 0 0 0 0 0 0 0 0 0]
                     [0 0 0 0 0 0 0 0 0 0 0 0]]
                 [[0 0 0 0 0 0 0 0 0 0 0 0]
                     [0 0 0 0 0 0 0 0 0 0 0 0]
                     [0 0 0 0 0 0 0 0 0 0 0 0]]
                 [[0 0 0 0 0 0 0 0 0 0 0 0]
                     [0 0 0 0 0 0 0 0 0 0 0 0]
                     [0 0 0 0 0 0 0 0 0 0 0 0]]
                 [[0 0 0 0 0 0 0 0 0 0 0 0]
                     [0 0 0 0 0 0 0 0 0 0 0 0]
                     [0 0 0 0 0 0 0 0 0 0 0 0]]
                 [[0 0 0 0 0 0 0 0 0 0 0 0]
                     [0 0 0 0 0 0 0 0 0 0 0 0]
                     [0 0 0 0 0 0 0 0 0 0 0 0]]]
             [[[0 0 0 0 0 0 0 0 0 0 0 0]
                     [0 0 0 0 0 0 0 0 0 0 0 0]
                     [0 0 0 0 0 0 0 0 0 0 0 0]]
                 [[0 0 0 0 0 0 0 0 0 0 0 0]
                     [0 0 0 0 0 0 0 0 0 0 0 0]
                     [0 0 0 0 0 0 0 0 0 0 0 0]]
                 [[0 0 0 0 0 0 0 0 0 0 0 0]
                     [0 0 0 0 0 0 0 0 1 0 0 0]
                     [0 0 0 0 0 0 0 0 0 0 0 0]]
                 [[0 0 0 0 0 0 0 0 0 0 0 0]
                     [0 0 0 0 0 0 1 0 0 0 0 1]
                     [0 0 0 0 0 0 0 0 0 0 0 0]]
                 [[0 0 0 0 0 0 0 0 0 0 0 0]
                     [0 0 0 0 0 0 0 0 0 0 0 0]
                     [0 0 0 0 0 0 0 0 0 0 0 0]]
                 [[0 0 0 0 0 0 0 0 0 0 0 0]
                     [0 0 0 0 0 0 0 0 0 0 0 0]
                     [0 0 0 0 0 0 0 0 0 0 0 0]]
                 [[0 0 0 0 0 0 0 0 0 0 0 0]
                     [0 0 0 0 0 0 0 0 0 0 0 0]
                     [0 0 0 0 0 0 0 0 0 0 0 0]]
                 [[0 0 0 0 0 0 0 0 0 0 0 0]
                     [0 0 0 0 0 0 0 0 0 0 0 0]
                     [0 0 0 0 0 0 0 0 0 0 0 0]]
                 [[0 0 0 0 0 0 0 0 0 0 0 0]
                     [0 0 0 0 0 0 0 0 0 0 0 0]
                     [0 0 0 0 0 0 0 0 0 0 0 0]]
                 [[0 0 0 0 0 0 0 0 0 0 0 0]
                     [0 0 0 0 0 0 0 0 0 0 0 0]
                     [0 0 0 0 0 0 0 0 0 0 0 0]]]
             [[[0 0 0 0 0 0 0 0 0 0 0 0]
                     [0 0 0 0 0 0 0 0 0 0 0 0]
                     [0 0 0 0 0 0 0 0 0 0 0 0]]
                 [[0 0 0 0 0 0 0 0 0 0 0 0]
                     [0 0 0 0 0 0 0 0 0 0 1 0]
                     [0 0 0 0 0 0 0 0 0 0 0 0]]
                 [[0 0 0 0 0 0 0 0 0 0 0 0]
                     [0 0 0 0 0 0 0 0 0 1 0 0]
                     [0 0 0 0 0 0 0 0 0 0 0 0]]
                 [[0 0 0 0 0 0 0 0 0 0 0 0]
                     [0 0 0 0 1 0 0 0 0 0 0 0]
                     [0 0 0 0 0 0 0 0 0 0 0 0]]
                 [[0 0 0 0 0 0 0 0 0 0 0 0]
                     [0 0 0 0 0 0 0 0 0 0 0 0]
                     [0 0 0 0 0 0 0 0 0 0 0 0]]
                 [[0 0 0 0 0 0 0 0 0 0 0 0]
                     [0 0 0 0 0 0 0 0 0 0 0 0]
                     [0 0 0 0 0 0 0 0 0 0 0 0]]
                 [[0 0 0 0 0 0 0 0 0 0 0 0]
                     [0 0 0 0 0 0 0 0 0 0 0 0]
                     [0 0 0 0 0 0 0 0 0 0 0 0]]
                 [[0 0 0 0 0 0 0 0 0 0 0 0]
                     [0 0 0 0 0 0 0 0 0 0 0 0]
                     [0 0 0 0 0 0 0 0 0 0 0 0]]
                 [[0 0 0 0 0 0 0 0 0 0 0 0]
                     [0 0 0 0 0 0 0 0 0 0 0 0]
                     [0 0 0 0 0 0 0 0 0 0 0 0]]
                 [[0 0 0 0 0 0 0 0 0 0 0 0]
                     [0 0 0 0 0 0 0 0 0 0 0 0]
                     [0 0 0 0 0 0 0 0 0 0 0 0]]]
             [[[0 0 0 0 0 0 0 0 0 0 0 0]
                     [0 0 0 0 0 0 0 0 0 0 0 0]
                     [0 0 0 0 0 0 0 0 0 0 0 0]]
                 [[0 0 0 0 0 0 0 0 0 0 0 0]
                     [0 0 0 0 0 1 0 1 0 0 0 0]
                     [0 0 0 0 0 0 0 0 0 0 0 0]]
                 [[0 0 0 0 0 0 0 0 0 0 0 0]
                     [0 0 0 1 0 0 0 0 0 0 0 0]
                     [0 0 0 0 0 0 0 0 0 0 0 0]]
                 [[0 0 0 0 0 0 0 0 0 0 0 0]
                     [0 1 1 0 0 0 0 0 0 0 0 0]
                     [0 0 0 0 0 0 0 0 0 0 0 0]]
                 [[0 0 0 0 0 0 0 0 0 0 0 0]
                     [0 0 0 0 0 0 0 0 0 0 0 0]
                     [0 0 0 0 0 0 0 0 0 0 0 0]]
                 [[0 0 0 0 0 0 0 0 0 0 0 0]
                     [0 0 0 0 0 0 0 0 0 0 0 0]
                     [0 0 0 0 0 0 0 0 0 0 0 0]]
                 [[0 0 0 0 0 0 0 0 0 0 0 0]
                     [0 0 0 0 0 0 0 0 0 0 0 0]
                     [0 0 0 0 0 0 0 0 0 0 0 0]]
                 [[0 0 0 0 0 0 0 0 0 0 0 0]
                     [0 0 0 0 0 0 0 0 0 0 0 0]
                     [0 0 0 0 0 0 0 0 0 0 0 0]]
                 [[0 0 0 0 0 0 0 0 0 0 0 0]
                     [0 0 0 0 0 0 0 0 0 0 0 0]
                     [0 0 0 0 0 0 0 0 0 0 0 0]]
                 [[0 0 0 0 0 0 0 0 0 0 0 0]
                     [0 0 0 0 0 0 0 0 0 0 0 0]
                     [0 0 0 0 0 0 0 0 0 0 0 0]]]
             [[[0 0 0 0 0 0 0 0 0 0 0 0]
                     [0 0 0 0 0 0 0 0 0 0 0 0]
                     [0 0 0 0 0 0 0 0 0 0 0 0]]
                 [[0 0 0 0 0 0 0 0 0 0 0 0]
                     [0 0 0 0 0 0 0 0 0 0 0 0]
                     [0 0 0 0 0 0 0 0 0 0 0 0]]
                 [[0 0 0 0 0 0 0 0 0 0 0 0]
                     [0 0 0 0 0 0 0 0 0 0 0 0]
                     [0 0 0 0 0 0 0 0 0 0 0 0]]
                 [[0 0 0 0 0 0 0 0 0 0 0 0]
                     [0 0 0 0 0 0 0 0 0 0 0 0]
                     [0 0 0 0 0 0 0 0 0 0 0 0]]
                 [[0 0 0 0 0 0 0 0 0 0 0 0]
                     [0 0 0 0 0 0 0 0 0 0 0 0]
                     [0 0 0 0 0 0 0 0 0 0 0 0]]
                 [[0 0 0 0 0 0 0 0 0 0 0 0]
                     [0 0 0 0 0 0 0 0 0 0 0 0]
                     [0 0 0 0 0 0 0 0 0 0 0 0]]
                 [[0 0 0 0 0 0 0 0 0 0 0 0]
                     [0 0 0 0 0 0 0 0 0 0 0 0]
                     [0 0 0 0 0 0 0 0 0 0 0 0]]
                 [[0 0 0 0 0 0 0 0 0 0 0 0]
                     [0 0 0 0 0 0 0 0 0 0 0 0]
                     [0 0 0 0 0 0 0 0 0 0 0 0]]
                 [[0 0 0 0 0 0 0 0 0 0 0 0]
                     [0 0 0 0 0 0 0 0 0 0 0 0]
                     [0 0 0 0 0 0 0 0 0 0 0 0]]
                 [[0 0 0 0 0 0 0 0 0 0 0 0]
                     [0 0 0 0 0 0 0 0 0 0 0 0]
                     [0 0 0 0 0 0 0 0 0 0 0 0]]]
             [[[0 0 0 0 0 0 0 0 0 0 0 0]
                     [0 0 0 0 0 0 0 0 0 0 0 0]
                     [0 0 0 0 0 0 0 0 0 0 0 0]]
                 [[0 0 0 0 0 0 0 0 0 0 0 0]
                     [0 0 0 0 0 0 0 0 0 0 0 0]
                     [0 0 0 0 0 0 0 0 0 0 0 0]]
                 [[0 0 0 0 0 0 0 0 0 0 0 0]
                     [0 0 0 0 0 0 0 0 0 0 0 0]
                     [0 0 0 0 0 0 0 0 0 0 0 0]]
                 [[0 0 0 0 0 0 0 0 0 0 0 0]
                     [0 0 0 0 0 0 0 0 0 0 0 0]
                     [0 0 0 0 0 0 0 0 0 0 0 0]]
                 [[0 0 0 0 0 0 0 0 0 0 0 0]
                     [0 0 0 0 0 0 0 0 0 0 0 0]
                     [0 0 0 0 0 0 0 0 0 0 0 0]]
                 [[0 0 0 0 0 0 0 0 0 0 0 0]
                     [0 0 0 0 0 0 0 0 0 0 0 0]
                     [0 0 0 0 0 0 0 0 0 0 0 0]]
                 [[0 0 0 0 0 0 0 0 0 0 0 0]
                     [0 0 0 0 0 0 0 0 0 0 0 0]
                     [0 0 0 0 0 0 0 0 0 0 0 0]]
                 [[0 0 0 0 0 0 0 0 0 0 0 0]
                     [0 0 0 0 0 0 0 0 0 0 0 0]
                     [0 0 0 0 0 0 0 0 0 0 0 0]]
                 [[0 0 0 0 0 0 0 0 0 0 0 0]
                     [0 0 0 0 0 0 0 0 0 0 0 0]
                     [0 0 0 0 0 0 0 0 0 0 0 0]]
                 [[0 0 0 0 0 0 0 0 0 0 0 0]
                     [0 0 0 0 0 0 0 0 0 0 0 0]
                     [0 0 0 0 0 0 0 0 0 0 0 0]]]
             [[[0 0 0 0 0 0 0 0 0 0 0 0]
                     [0 0 0 0 0 0 0 0 0 0 0 0]
                     [0 0 0 0 0 0 0 0 0 0 0 0]]
                 [[0 0 0 0 0 0 0 0 0 0 0 0]
                     [0 0 0 0 0 0 0 0 0 0 0 0]
                     [0 0 0 0 0 0 0 0 0 0 0 0]]
                 [[0 0 0 0 0 0 0 0 0 0 0 0]
                     [0 0 0 0 0 0 0 0 0 0 0 0]
                     [0 0 0 0 0 0 0 0 0 0 0 0]]
                 [[0 0 0 0 0 0 0 0 0 0 0 0]
                     [0 0 0 0 0 0 0 0 0 0 0 0]
                     [0 0 0 0 0 0 0 0 0 0 0 0]]
                 [[0 0 0 0 0 0 0 0 0 0 0 0]
                     [0 0 0 0 0 0 0 0 0 0 0 0]
                     [0 0 0 0 0 0 0 0 0 0 0 0]]
                 [[0 0 0 0 0 0 0 0 0 0 0 0]
                     [0 0 0 0 0 0 0 0 0 0 0 0]
                     [0 0 0 0 0 0 0 0 0 0 0 0]]
                 [[0 0 0 0 0 0 0 0 0 0 0 0]
                     [0 0 0 0 0 0 0 0 0 0 0 0]
                     [0 0 0 0 0 0 0 0 0 0 0 0]]
                 [[0 0 0 0 0 0 0 0 1 0 0 0]
                     [0 0 0 0 0 0 0 0 0 0 0 0]
                     [0 0 0 0 0 0 0 0 0 0 0 0]]
                 [[0 0 0 0 0 0 0 0 0 0 0 0]
                     [0 0 0 0 0 0 0 0 0 0 0 0]
                     [0 0 0 0 0 0 0 0 0 0 0 0]]
                 [[0 0 0 0 0 0 0 0 0 0 1 0]
                     [0 0 0 0 0 0 0 0 0 0 0 0]
                     [0 0 0 0 0 0 0 0 0 0 0 0]]]
             [[[0 0 0 0 0 0 0 0 0 0 0 0]
                     [0 0 0 0 0 0 0 0 0 0 0 0]
                     [0 0 0 0 0 0 0 0 0 0 0 0]]
                 [[0 0 0 0 0 0 0 0 0 0 0 0]
                     [0 0 0 0 0 0 0 0 0 0 0 0]
                     [0 0 0 0 0 0 0 0 0 0 0 0]]
                 [[0 0 0 0 0 0 0 0 0 0 0 0]
                     [0 0 0 0 0 0 0 0 0 0 0 0]
                     [0 0 0 0 0 0 0 0 0 0 0 0]]
                 [[0 0 0 0 0 0 0 0 0 0 0 0]
                     [0 0 0 0 0 0 0 0 0 0 0 0]
                     [0 0 0 0 0 0 0 0 0 0 0 0]]
                 [[0 0 0 0 0 0 0 0 0 0 0 0]
                     [0 0 0 0 0 0 0 0 0 0 0 0]
                     [0 0 0 0 0 0 0 0 0 0 0 0]]
                 [[0 0 0 0 0 0 0 0 0 0 0 0]
                     [0 0 0 0 0 0 0 0 0 0 0 0]
                     [0 0 0 0 0 0 0 0 0 0 0 0]]
                 [[0 0 0 0 0 0 0 0 0 1 0 0]
                     [0 0 0 0 0 0 0 0 0 0 0 0]
                     [0 0 0 0 0 0 0 0 0 0 0 0]]
                 [[0 0 0 0 0 0 0 0 0 0 0 0]
                     [0 0 0 0 0 0 0 0 0 0 0 0]
                     [0 0 0 0 0 0 0 0 0 0 0 0]]
                 [[0 0 0 0 0 0 0 0 0 0 0 0]
                     [0 0 0 0 0 0 0 0 0 0 0 0]
                     [0 0 0 0 0 0 0 0 0 0 0 0]]
                 [[0 0 0 0 0 0 0 0 0 0 0 0]
                     [0 0 0 0 0 0 0 0 0 0 0 0]
                     [0 0 0 0 0 0 0 0 0 0 0 0]]]
             [[[0 0 0 0 0 0 0 0 0 0 0 0]
                     [0 0 0 0 0 0 0 0 0 0 0 0]
                     [0 0 0 0 0 0 0 0 0 0 0 0]]
                 [[0 0 0 0 0 0 0 0 0 0 0 0]
                     [0 0 0 0 0 0 0 0 0 0 0 0]
                     [0 0 0 0 0 0 0 0 0 0 0 0]]
                 [[0 0 0 0 0 0 0 0 0 0 0 0]
                     [0 0 0 0 0 0 0 0 0 0 0 0]
                     [0 0 0 0 0 0 0 0 0 0 0 0]]
                 [[0 0 0 0 0 0 0 0 0 0 0 0]
                     [0 0 0 0 0 0 0 0 0 0 0 0]
                     [0 0 0 0 0 0 0 0 0 0 0 0]]
                 [[0 0 0 0 0 0 0 0 0 0 0 0]
                     [0 0 0 0 0 0 0 0 0 0 0 0]
                     [0 0 0 0 0 0 0 0 0 0 0 0]]
                 [[0 0 0 0 0 0 0 0 0 0 0 0]
                     [0 0 0 0 0 0 0 0 0 0 0 0]
                     [0 0 0 0 0 0 0 0 0 0 0 0]]
                 [[0 0 0 0 0 0 0 0 0 0 0 0]
                     [0 0 0 0 0 0 0 0 0 0 0 0]
                     [0 0 0 0 0 0 0 0 0 0 0 0]]
                 [[0 0 0 0 0 0 0 0 0 0 0 0]
                     [0 0 0 0 0 0 0 0 0 0 0 0]
                     [0 0 0 0 0 0 0 0 0 0 0 0]]
                 [[0 0 0 0 1 0 0 0 0 0 0 0]
                     [0 0 0 0 0 0 0 0 0 0 0 0]
                     [0 0 0 0 0 0 0 0 0 0 0 0]]
                 [[0 0 0 0 0 1 0 0 0 0 0 0]
                     [0 0 0 0 0 0 0 0 0 0 0 0]
                     [0 0 0 0 0 0 0 0 0 0 0 0]]]
             [[[0 0 0 0 0 0 0 0 0 0 0 0]
                     [0 0 0 0 0 0 0 0 0 0 0 0]
                     [0 0 0 0 0 0 0 0 0 0 0 0]]
                 [[0 0 0 0 0 0 0 0 0 0 0 0]
                     [0 0 0 0 0 0 0 0 0 0 0 0]
                     [0 0 0 0 0 0 0 0 0 0 0 0]]
                 [[0 0 0 0 0 0 0 0 0 0 0 0]
                     [0 0 0 0 0 0 0 0 0 0 0 0]
                     [0 0 0 0 0 0 0 0 0 0 0 0]]
                 [[0 0 0 0 0 0 0 0 0 0 0 0]
                     [0 0 0 0 0 0 0 0 0 0 0 0]
                     [0 0 0 0 0 0 0 0 0 0 0 0]]
                 [[0 0 0 0 0 0 0 0 0 0 0 0]
                     [0 0 0 0 0 0 0 0 0 0 0 0]
                     [0 0 0 0 0 0 0 0 0 0 0 0]]
                 [[0 0 0 0 0 0 0 0 0 0 0 0]
                     [0 0 0 0 0 0 0 0 0 0 0 0]
                     [0 0 0 0 0 0 0 0 0 0 0 0]]
                 [[0 0 0 0 0 0 0 1 0 0 0 1]
                     [0 0 0 0 0 0 0 0 0 0 0 0]
                     [0 0 0 0 0 0 0 0 0 0 0 0]]
                 [[0 0 0 0 0 0 0 0 0 0 0 0]
                     [0 0 0 0 0 0 0 0 0 0 0 0]
                     [0 0 0 0 0 0 0 0 0 0 0 0]]
                 [[0 0 0 1 0 0 0 0 0 0 0 0]
                     [0 0 0 0 0 0 0 0 0 0 0 0]
                     [0 0 0 0 0 0 0 0 0 0 0 0]]
                 [[0 1 1 0 0 0 1 0 0 0 0 0]
                     [0 0 0 0 0 0 0 0 0 0 0 0]
                     [0 0 0 0 0 0 0 0 0 0 0 0]]]];
sb = [[0 0 0 0 0 0 0 0 0 0 0 0]
             [0 0 0 0 0 0 0 0 0 0 0 0]
             [0 0 0 0 0 0 0 0 0 0 0 0]];
stagesetup = [[[0 0 0 0 0 0 0 0 0 0 0 0]
                 [0 0 0 0 0 0 0 0 0 0 0 0]
                 [1 1 1 1 1 1 1 1 1 1 1 1]]
             [[0 0 0 0 0 0 0 0 0 0 0 0]
                 [0 0 0 0 0 1 0 1 0 0 1 0]
                 [0 0 0 0 0 0 0 0 0 0 0 0]]
             [[0 0 0 0 0 0 0 0 0 0 0 0]
                 [0 0 0 1 0 0 0 0 1 1 0 0]
                 [0 0 0 0 0 0 0 0 0 0 0 0]]
             [[0 0 0 0 0 0 0 0 0 0 0 0]
                 [1 1 1 0 1 0 1 0 0 0 0 1]
                 [0 0 0 0 0 0 0 0 0 0 0 0]]
             [[0 0 0 0 0 0 0 0 0 0 0 0]
                 [0 0 0 0 0 0 0 0 0 0 0 0]
                 [0 0 0 0 0 0 0 0 0 0 0 0]]
             [[0 0 0 0 0 0 0 0 0 0 0 0]
                 [0 0 0 0 0 0 0 0 0 0 0 0]
                 [0 0 0 0 0 0 0 0 0 0 0 0]]
             [[0 0 0 0 0 0 0 1 0 1 0 1]
                 [0 0 0 0 0 0 0 0 0 0 0 0]
                 [0 0 0 0 0 0 0 0 0 0 0 0]]
             [[0 0 0 0 0 0 0 0 1 0 0 0]
                 [0 0 0 0 0 0 0 0 0 0 0 0]
                 [0 0 0 0 0 0 0 0 0 0 0 0]]
             [[0 0 0 1 1 0 0 0 0 0 0 0]
                 [0 0 0 0 0 0 0 0 0 0 0 0]
                 [0 0 0 0 0 0 0 0 0 0 0 0]]
             [[1 1 1 0 0 1 1 0 0 0 1 0]
                 [0 0 0 0 0 0 0 0 0 0 0 0]
                 [0 0 0 0 0 0 0 0 0 0 0 0]]];
E_setuptime = [[5 5 0 5 0 5 0 5 5 0 5 0]
             [15 15 15 0 10 0 10 15 15 0 15 0]
             [10 10 10 10 10 10 10 10 10 10 10 0]];
B_setuptime = [[0 0 0 5 0 5 0 5 0 0 5 0]
             [0 0 0 0 15 0 15 0 0 0 10 0]
             [0 0 0 0 0 0 0 0 0 0 0 0]];

