Run 1: Accuracy: 90 %
Selected Features: [0 0 0 0 0 0;0 0 0 0 1 0;0 1 0 1 1 0;0 0 0 0 0 0;0 0 0 0 1 0;0 0 0 0 1 0;0 0 0 0 1 1;0 1 0 1 1 1;0 1 0 1 1 0;0 0 0 0 0 1;0 0 0 0 1 0;1 1 1 0 1 1;0 1 0 1 1 0;0 1 0 0 0 0;0 1 0 1 0 0;0 1 0 1 0 0;1 1 1 0 1 0;0 0 0 0 1 0;0 1 0 1 1 0;0 0 0 1 1 0;1 1 1 0 1 1;1 1 1 1 1 0;0 0 0 0 1 0;1 1 1 0 1 0;0 1 0 0 0 0;0 1 0 1 0 0;0 1 0 1 0 0;0 0 1 0 1 0;0 0 0 0 1 0;0 0 0 0 0 1;0 1 1 0 0 0;0 0 0 0 1 1;0 0 0 0 0 0;1 1 1 1 1 0;0 1 0 1 1 0;0 0 0 0 1 1;0 0 0 0 1 0;1 1 1 0 1 0;0 1 0 1 1 0;0 1 1 0 0 1;0 1 1 0 0 0;1 1 0 0 1 0;0 1 1 0 0 0;1 1 1 0 1 0;0 0 0 0 1 0;0 0 0 0 1 0;0 1 0 1 0 0;0 0 0 0 1 0;0 0 0 1 1 0;0 0 0 0 1 0;0 0 0 0 1 0;0 1 1 0 0 0;0 1 0 1 1 0;0 1 0 1 0 0;0 0 0 0 1 0;0 0 0 0 1 0;1 1 0 0 1 0;1 1 1 0 1 1;1 1 0 1 1 0;1 1 1 0 1 0;0 1 0 1 1 0;0 1 0 1 1 0;0 1 0 0 1 0;0 1 0 1 1 0;0 0 0 0 1 0;0 0 0 0 1 1;0 0 0 1 1 0;0 0 0 0 1 0;0 0 0 0 1 1;0 0 0 0 1 0;0 0 0 0 1 1;1 1 0 0 1 0;0 0 0 0 1 0;0 1 0 1 1 0;0 0 0 1 0 0;0 0 0 1 1 0;0 0 0 1 1 0;0 1 0 1 0 0;1 1 1 1 1 0;1 1 1 1 1 0;0 1 0 0 1 0;0 1 0 0 0 0;0 1 0 1 1 0;1 1 1 0 1 0;0 0 0 0 1 0;0 1 0 1 0 0;0 1 0 1 1 0;1 1 1 1 1 0;0 1 0 0 0 0;0 1 0 1 0 0;0 1 0 0 1 0;0 1 0 0 1 0;0 1 0 1 1 0;0 0 1 0 1 0;0 0 0 0 1 0;1 1 1 0 1 0;0 0 0 0 1 0;0 1 1 0 0 0;0 0 0 0 1 0;0 1 0 0 0 0;1 1 1 0 1 0]
Curve: [0.1 0.1 0.1 0.1 0.1 0.1 0.1 0.1 0.1 0.1 0.1 0.1 0.1 0.1 0.1 0.1 0.1 0.1 0.1 0.1 0.1 0.1 0.1 0.1 0.1 0.1 0.1 0.1 0.1 0.1 0.1 0.1 0.1 0.1 0.1 0.1 0.1 0.1 0.1 0.1 0.1 0.1 0.1 0.1 0.1 0.1 0.1 0.1 0.1 0.1 0.1 0.1 0.1 0.1 0.1 0.1 0.1 0.1 0.1 0.1 0.1 0.1 0.1 0.1 0.1 0.1 0.1 0.1 0.1 0.1 0.1 0.1 0.1 0.1 0.1 0.1 0.1 0.1 0.1 0.1 0.1 0.1 0.1 0.1 0.1 0.1 0.1 0.1 0.1 0.1 0.1 0.1 0.1 0.1 0.1 0.1 0.1 0.1 0.1 0.1]
Run time: 19.76 seconds
Run 2: Accuracy: 90 %
Selected Features: [1 0 0 0 1 1 1 1 0 0 1;1 0 0 0 0 1 1 1 0 1 1;0 0 1 1 1 1 1 0 0 1 0;1 0 0 0 1 1 1 1 0 0 1;1 0 0 0 1 1 1 1 0 1 1;1 0 0 0 0 1 1 1 0 1 1;1 0 0 0 0 1 1 1 0 1 1;0 0 1 1 0 1 1 0 0 1 0;0 0 1 1 1 1 1 0 0 1 0;1 0 0 0 0 1 1 1 0 0 0;1 0 0 0 1 1 1 1 0 1 1;0 1 1 0 0 0 1 1 0 1 0;0 0 1 1 1 1 1 0 0 1 0;0 0 1 0 1 0 0 0 0 0 0;0 0 1 1 1 0 0 0 0 0 0;0 0 1 1 1 0 0 0 0 0 0;0 1 1 0 1 0 1 1 0 1 0;1 0 0 0 0 1 1 1 0 1 1;0 0 1 1 1 1 1 0 0 1 1;0 0 0 1 1 1 1 1 0 1 1;0 1 1 0 0 0 1 1 0 1 0;0 1 1 1 0 0 1 1 0 1 0;1 0 0 0 0 1 1 1 0 1 1;0 1 1 0 0 0 1 1 0 1 1;0 0 1 0 0 0 0 1 0 0 0;0 0 1 1 1 1 1 1 0 0 0;0 0 1 1 1 1 1 1 1 0 0;1 0 0 0 0 1 1 1 0 1 0;1 0 0 0 0 1 1 1 0 1 1;1 0 0 0 1 1 1 1 0 0 1;0 0 1 0 0 0 0 1 0 0 0;1 0 0 0 0 1 1 1 0 1 1;1 0 0 0 0 1 1 1 0 0 1;0 1 1 1 1 0 1 1 0 1 0;0 0 1 1 0 1 1 0 0 1 0;1 0 0 0 0 1 1 1 0 1 0;1 0 0 0 0 1 1 1 0 1 0;0 1 1 0 1 0 1 1 0 1 0;0 0 1 1 1 1 1 0 0 1 0;1 0 1 0 0 0 0 1 1 0 0;1 0 1 0 0 0 0 1 0 0 0;0 1 1 0 1 0 1 1 0 1 0;0 0 1 0 1 0 0 1 0 0 0;0 1 1 0 0 0 1 1 0 1 0;1 0 0 0 1 1 1 1 0 1 1;1 0 0 0 1 1 1 1 0 1 1;0 0 1 1 1 0 0 0 0 0 0;1 0 0 0 1 1 1 1 0 1 1;1 0 0 1 1 1 1 1 0 1 1;1 0 0 0 1 1 1 1 0 1 0;1 0 0 0 1 1 1 1 0 1 1;1 0 1 0 0 0 0 1 0 0 0;0 0 1 1 1 1 1 1 0 1 0;0 0 1 1 1 0 0 0 0 0 1;1 0 0 0 1 1 1 1 0 1 0;1 0 0 0 0 1 1 1 0 1 1;0 1 1 0 0 0 1 1 0 1 1;0 1 1 0 0 0 1 1 0 1 0;0 1 1 1 1 0 1 1 0 1 1;0 1 1 0 0 0 1 1 0 1 0;0 0 1 1 1 1 1 0 0 1 1;0 0 1 1 1 1 1 0 0 1 0;0 0 1 0 1 1 1 1 1 1 0;1 0 1 1 1 0 1 1 0 1 1;1 0 0 0 1 1 1 1 0 1 1;1 0 0 0 0 1 1 1 0 1 1;0 0 0 1 1 1 1 1 0 1 1;1 0 0 0 1 1 1 1 0 1 1;1 0 0 0 1 1 1 1 0 1 1;1 0 0 0 1 1 1 1 0 1 1;1 0 0 0 0 1 1 1 0 1 1;0 1 1 0 1 0 1 1 0 1 1;0 0 0 0 1 0 0 1 1 1 0;0 0 1 1 0 1 1 0 0 1 0;1 0 0 1 1 1 1 1 0 0 1;1 0 0 1 1 1 1 1 0 1 1;0 0 0 1 1 1 1 0 1 1 0;0 0 1 1 1 0 0 0 1 0 0;0 1 1 1 1 0 1 1 0 1 0;0 1 1 1 1 0 1 1 0 1 0;0 0 1 0 1 1 1 1 0 1 0;0 0 1 0 0 0 0 1 0 0 0;0 0 1 1 0 1 1 0 0 1 0;0 1 1 0 0 0 1 1 0 1 0;1 0 0 0 0 1 1 1 0 1 0;0 0 1 1 1 0 0 0 0 0 0;0 0 1 1 1 1 1 0 1 1 1;0 1 1 1 0 0 1 1 0 1 1;0 0 1 0 0 0 0 1 0 0 0;0 0 1 1 0 1 1 1 0 0 0;0 0 1 0 0 0 1 1 0 1 1;0 0 1 0 1 1 1 1 0 1 0;0 0 1 1 1 1 1 0 0 1 1;1 0 0 0 0 1 1 1 0 1 0;1 0 0 0 0 1 1 1 0 1 0;0 1 1 0 1 0 1 1 0 1 1;1 0 0 0 0 1 1 1 0 1 1;1 0 1 0 0 0 0 1 1 0 0;1 0 0 0 1 1 1 1 0 1 1;0 0 1 0 0 0 0 1 0 0 0;0 1 1 0 0 0 1 1 0 1 0]
Curve: [0.1 0.1 0.1 0.1 0.1 0.1 0.1 0.1 0.1 0.1 0.1 0.1 0.1 0.1 0.1 0.1 0.1 0.1 0.1 0.1 0.1 0.1 0.1 0.1 0.1 0.1 0.1 0.1 0.1 0.1 0.1 0.1 0.1 0.1 0.1 0.1 0.1 0.1 0.1 0.1 0.1 0.1 0.1 0.1 0.1 0.1 0.1 0.1 0.1 0.1 0.1 0.1 0.1 0.1 0.1 0.1 0.1 0.1 0.1 0.1 0.1 0.1 0.1 0.1 0.1 0.1 0.1 0.1 0.1 0.1 0.1 0.1 0.1 0.1 0.1 0.1 0.1 0.1 0.1 0.1 0.1 0.1 0.1 0.1 0.1 0.1 0.1 0.1 0.1 0.1 0.1 0.1 0.1 0.1 0.1 0.1 0.1 0.1 0.1 0.1]
Run time: 22.56 seconds
Run 3: Accuracy: 90 %
Selected Features: [0 0 1 1 0 0;0 0 0 1 1 0;1 1 1 1 1 0;0 0 1 1 0 0;0 0 1 1 1 0;0 0 0 1 1 0;0 0 0 1 1 1;1 1 0 1 1 1;1 1 1 1 1 0;0 0 0 1 0 1;0 0 1 1 1 0;1 0 0 0 1 1;1 1 1 1 1 0;1 0 1 0 0 0;1 1 1 0 0 0;1 1 1 0 0 0;1 0 1 0 1 0;0 0 0 1 1 0;1 1 1 1 1 0;0 1 1 1 1 0;1 0 0 0 1 1;1 1 0 0 1 0;0 0 0 1 1 0;1 0 0 0 1 0;1 0 0 0 0 0;1 1 1 1 0 0;1 1 1 1 0 0;0 0 0 1 1 0;0 0 0 1 1 0;0 0 1 1 0 1;1 0 0 0 0 0;0 0 0 1 1 1;0 0 0 1 0 0;1 1 1 0 1 0;1 1 0 1 1 0;0 0 0 1 1 1;0 0 0 1 1 0;1 0 1 0 1 0;1 1 1 1 1 0;1 0 0 0 0 1;1 0 0 0 0 0;1 0 1 0 1 0;1 0 1 0 0 0;1 0 0 0 1 0;0 0 1 1 1 0;0 0 1 1 1 0;1 1 1 0 0 0;0 0 1 1 1 0;0 1 1 1 1 0;0 0 1 1 1 0;0 0 1 1 1 0;1 0 0 0 0 0;1 1 1 1 1 0;1 1 1 0 0 0;0 0 1 1 1 0;0 0 0 1 1 0;1 0 0 0 1 0;1 0 0 0 1 1;1 1 1 0 1 0;1 0 0 0 1 0;1 1 1 1 1 0;1 1 1 1 1 0;1 0 1 1 1 0;1 1 1 0 1 0;0 0 1 1 1 0;0 0 0 1 1 1;0 1 1 1 1 0;0 0 1 1 1 0;0 0 1 1 1 1;0 0 1 1 1 0;0 0 0 1 1 1;1 0 1 0 1 0;0 0 1 0 1 0;1 1 0 1 1 0;0 1 1 1 0 0;0 1 1 1 1 0;0 1 1 1 1 0;1 1 1 0 0 0;1 1 1 0 1 0;1 1 1 0 1 0;1 0 1 1 1 0;1 0 0 0 0 0;1 1 0 1 1 0;1 0 0 0 1 0;0 0 0 1 1 0;1 1 1 0 0 0;1 1 1 1 1 0;1 1 0 0 1 0;1 0 0 0 0 0;1 1 0 1 0 0;1 0 0 0 1 0;1 0 1 1 1 0;1 1 1 1 1 0;0 0 0 1 1 0;0 0 0 1 1 0;1 0 1 0 1 0;0 0 0 1 1 0;1 0 0 0 0 0;0 0 1 1 1 0;1 0 0 0 0 0;1 0 0 0 1 0]
Curve: [0.15 0.15 0.15 0.15 0.15 0.1 0.1 0.1 0.1 0.1 0.1 0.1 0.1 0.1 0.1 0.1 0.1 0.1 0.1 0.1 0.1 0.1 0.1 0.1 0.1 0.1 0.1 0.1 0.1 0.1 0.1 0.1 0.1 0.1 0.1 0.1 0.1 0.1 0.1 0.1 0.1 0.1 0.1 0.1 0.1 0.1 0.1 0.1 0.1 0.1 0.1 0.1 0.1 0.1 0.1 0.1 0.1 0.1 0.1 0.1 0.1 0.1 0.1 0.1 0.1 0.1 0.1 0.1 0.1 0.1 0.1 0.1 0.1 0.1 0.1 0.1 0.1 0.1 0.1 0.1 0.1 0.1 0.1 0.1 0.1 0.1 0.1 0.1 0.1 0.1 0.1 0.1 0.1 0.1 0.1 0.1 0.1 0.1 0.1 0.1]
Run time: 20.42 seconds
Run 4: Accuracy: 95 %
Selected Features: [1 0 1 0 0 1 1 0;1 0 1 0 0 1 1 0;0 1 0 0 1 1 1 1;1 0 1 0 0 1 1 0;1 0 1 0 0 1 1 0;1 0 1 0 0 1 1 0;1 0 1 0 0 1 1 0;0 1 0 0 1 1 1 1;0 1 0 0 1 1 1 1;1 0 1 0 0 1 1 0;1 0 1 0 0 1 1 0;0 1 0 1 0 0 1 0;0 1 0 0 1 1 1 1;0 1 0 0 0 0 0 0;0 1 0 0 1 0 0 0;0 1 0 0 1 0 0 0;0 1 0 1 0 0 1 0;1 0 1 0 0 1 1 0;0 1 0 0 1 1 1 1;0 0 1 0 1 1 1 1;0 1 0 1 0 0 1 0;0 1 0 1 1 0 1 0;1 0 1 0 0 1 1 0;0 1 0 1 0 0 1 0;0 1 0 0 0 0 0 0;0 1 0 0 1 1 1 0;0 1 0 0 1 1 1 0;1 0 1 1 0 1 1 0;1 0 1 0 0 1 1 0;1 0 1 0 0 1 1 0;0 1 0 1 0 0 0 0;1 0 1 0 0 1 1 0;1 0 1 0 0 1 1 0;0 1 0 1 1 0 1 0;0 1 0 0 1 1 1 1;1 0 1 0 0 1 1 0;1 0 1 0 0 1 1 0;0 1 0 1 0 0 1 0;0 1 0 0 1 1 1 1;1 1 0 1 0 0 0 0;1 1 0 1 0 0 0 0;0 1 0 0 0 0 1 0;0 1 0 1 0 0 0 0;0 1 0 1 0 0 1 0;1 0 1 0 0 1 1 0;1 0 1 0 0 1 1 0;0 1 0 0 1 0 0 0;1 0 1 0 0 1 1 0;1 0 1 0 1 1 1 0;1 0 1 0 0 1 1 0;1 0 1 0 0 1 1 0;1 1 0 1 0 0 0 0;0 1 0 0 1 1 1 0;0 1 0 0 1 0 0 0;1 0 1 0 0 1 1 0;1 0 1 0 0 1 1 0;0 1 0 0 0 0 1 0;0 1 0 1 0 0 1 0;0 1 0 0 1 0 1 0;0 1 0 1 0 0 1 0;0 1 0 0 1 1 1 1;0 1 0 0 1 1 1 1;0 1 0 0 0 1 1 0;1 1 1 0 1 0 1 0;1 0 1 0 0 1 1 0;1 0 1 0 0 1 1 0;0 0 1 0 1 1 1 1;1 0 1 0 0 1 1 0;1 0 1 0 0 1 1 0;1 0 1 0 0 1 1 0;1 0 1 0 0 1 1 0;0 1 0 0 0 0 1 0;0 0 0 0 0 0 0 0;0 1 0 0 1 1 1 1;1 0 1 0 1 1 1 1;1 0 1 0 1 1 1 1;0 0 0 0 1 1 1 0;0 1 0 0 1 0 0 0;0 1 0 1 1 0 1 0;0 1 0 1 1 0 1 0;0 1 0 0 0 1 1 0;0 1 0 0 0 0 0 0;0 1 0 0 1 1 1 1;0 1 0 1 0 0 1 0;1 0 1 0 0 1 1 0;0 1 0 0 1 0 0 0;0 1 0 0 1 1 1 1;0 1 0 1 1 0 1 0;0 1 0 0 0 0 0 0;0 1 0 0 1 1 1 0;0 1 0 0 0 0 1 0;0 1 0 0 0 1 1 0;0 1 0 0 1 1 1 1;1 0 1 1 0 1 1 0;1 0 1 0 0 1 1 0;0 1 0 1 0 0 1 0;1 0 1 0 0 1 1 0;1 1 0 1 0 0 0 0;1 0 1 0 0 1 1 0;0 1 0 0 0 0 0 0;0 1 0 1 0 0 1 0]
Curve: [0.05 0.05 0.05 0.05 0.05 0.05 0.05 0.05 0.05 0.05 0.05 0.05 0.05 0.05 0.05 0.05 0.05 0.05 0.05 0.05 0.05 0.05 0.05 0.05 0.05 0.05 0.05 0.05 0.05 0.05 0.05 0.05 0.05 0.05 0.05 0.05 0.05 0.05 0.05 0.05 0.05 0.05 0.05 0.05 0.05 0.05 0.05 0.05 0.05 0.05 0.05 0.05 0.05 0.05 0.05 0.05 0.05 0.05 0.05 0.05 0.05 0.05 0.05 0.05 0.05 0.05 0.05 0.05 0.05 0.05 0.05 0.05 0.05 0.05 0.05 0.05 0.05 0.05 0.05 0.05 0.05 0.05 0.05 0.05 0.05 0.05 0.05 0.05 0.05 0.05 0.05 0.05 0.05 0.05 0.05 0.05 0.05 0.05 0.05 0.05]
Run time: 21.78 seconds
Run 5: Accuracy: 95 %
Selected Features: [1 0 0 1 0 0 1 1 0 0;1 0 0 1 0 0 0 1 0 0;0 0 1 0 0 1 1 1 0 1;1 0 0 1 0 0 1 1 0 0;1 0 0 1 0 0 1 1 0 0;1 0 0 1 0 0 0 1 0 0;1 0 0 1 0 0 0 1 0 0;0 0 1 0 0 1 0 1 0 1;0 0 1 0 0 1 1 1 0 1;1 0 0 1 0 0 0 1 0 0;1 0 0 1 0 0 1 1 0 0;0 1 1 0 1 0 0 0 0 0;0 0 1 0 0 1 1 1 0 1;0 0 1 0 0 0 1 0 0 0;0 0 1 0 0 1 1 0 0 0;0 0 1 0 0 1 1 0 0 0;0 1 1 0 1 0 1 0 0 0;1 0 0 1 0 0 0 1 0 0;0 0 1 0 0 1 1 1 0 1;0 0 0 1 0 1 1 1 0 1;0 1 1 0 1 0 0 0 0 0;0 1 1 0 1 1 0 0 0 0;1 0 0 1 0 0 0 1 0 0;0 1 1 0 1 0 0 0 0 0;0 0 1 0 0 0 0 0 0 0;0 0 1 0 0 1 1 1 0 0;0 0 1 0 0 1 1 1 1 0;1 0 0 1 1 0 0 1 0 0;1 0 0 1 0 0 0 1 0 0;1 0 0 1 0 0 1 1 0 0;0 0 1 0 1 0 0 0 0 0;1 0 0 1 0 0 0 1 0 0;1 0 0 1 0 0 0 1 0 0;0 1 1 0 1 1 1 0 0 0;0 0 1 0 0 1 0 1 0 1;1 0 0 1 0 0 0 1 0 0;1 0 0 1 0 0 0 1 0 0;0 1 1 0 1 0 1 0 0 0;0 0 1 0 0 1 1 1 0 1;1 0 1 0 1 0 0 0 1 0;1 0 1 0 1 0 0 0 0 0;0 1 1 0 0 0 1 0 0 0;0 0 1 0 1 0 1 0 0 0;0 1 1 0 1 0 0 0 0 0;1 0 0 1 0 0 1 1 0 0;1 0 0 1 0 0 1 1 0 0;0 0 1 0 0 1 1 0 0 0;1 0 0 1 0 0 1 1 0 0;1 0 0 1 0 1 1 1 0 0;1 0 0 1 0 0 1 1 0 0;1 0 0 1 0 0 1 1 0 0;1 0 1 0 1 0 0 0 0 0;0 0 1 0 0 1 1 1 0 0;0 0 1 0 0 1 1 0 0 0;1 0 0 1 0 0 1 1 0 0;1 0 0 1 0 0 0 1 0 0;0 1 1 0 0 0 0 0 0 0;0 1 1 0 1 0 0 0 0 0;0 1 1 0 0 1 1 0 0 0;0 1 1 0 1 0 0 0 0 0;0 0 1 0 0 1 1 1 0 1;0 0 1 0 0 1 1 1 0 1;0 0 1 0 0 0 1 1 1 0;1 0 1 1 0 1 1 0 0 0;1 0 0 1 0 0 1 1 0 0;1 0 0 1 0 0 0 1 0 0;0 0 0 1 0 1 1 1 0 1;1 0 0 1 0 0 1 1 0 0;1 0 0 1 0 0 1 1 0 0;1 0 0 1 0 0 1 1 0 0;1 0 0 1 0 0 0 1 0 0;0 1 1 0 0 0 1 0 0 0;0 0 0 0 0 0 1 0 1 0;0 0 1 0 0 1 0 1 0 1;1 0 0 1 0 1 1 1 0 1;1 0 0 1 0 1 1 1 0 1;0 0 0 0 0 1 1 1 1 0;0 0 1 0 0 1 1 0 1 0;0 1 1 0 1 1 1 0 0 0;0 1 1 0 1 1 1 0 0 0;0 0 1 0 0 0 1 1 0 0;0 0 1 0 0 0 0 0 0 0;0 0 1 0 0 1 0 1 0 1;0 1 1 0 1 0 0 0 0 0;1 0 0 1 0 0 0 1 0 0;0 0 1 0 0 1 1 0 0 0;0 0 1 0 0 1 1 1 1 1;0 1 1 0 1 1 0 0 0 0;0 0 1 0 0 0 0 0 0 0;0 0 1 0 0 1 0 1 0 0;0 0 1 0 0 0 0 0 0 0;0 0 1 0 0 0 1 1 0 0;0 0 1 0 0 1 1 1 0 1;1 0 0 1 1 0 0 1 0 0;1 0 0 1 0 0 0 1 0 0;0 1 1 0 1 0 1 0 0 0;1 0 0 1 0 0 0 1 0 0;1 0 1 0 1 0 0 0 1 0;1 0 0 1 0 0 1 1 0 0;0 0 1 0 0 0 0 0 0 0;0 1 1 0 1 0 0 0 0 0]
Curve: [0.1 0.1 0.05 0.05 0.05 0.05 0.05 0.05 0.05 0.05 0.05 0.05 0.05 0.05 0.05 0.05 0.05 0.05 0.05 0.05 0.05 0.05 0.05 0.05 0.05 0.05 0.05 0.05 0.05 0.05 0.05 0.05 0.05 0.05 0.05 0.05 0.05 0.05 0.05 0.05 0.05 0.05 0.05 0.05 0.05 0.05 0.05 0.05 0.05 0.05 0.05 0.05 0.05 0.05 0.05 0.05 0.05 0.05 0.05 0.05 0.05 0.05 0.05 0.05 0.05 0.05 0.05 0.05 0.05 0.05 0.05 0.05 0.05 0.05 0.05 0.05 0.05 0.05 0.05 0.05 0.05 0.05 0.05 0.05 0.05 0.05 0.05 0.05 0.05 0.05 0.05 0.05 0.05 0.05 0.05 0.05 0.05 0.05 0.05 0.05]
Run time: 21.84 seconds
Run 6: Accuracy: 100 %
Selected Features: [1 0 0 1 0 1 1 1 0 0;1 0 0 1 0 0 1 1 0 1;0 0 1 0 0 1 1 1 1 1;1 0 0 1 0 1 1 1 0 0;1 0 0 1 0 1 1 1 0 1;1 0 0 1 0 0 1 1 0 1;1 0 0 1 0 0 1 1 0 1;0 0 1 0 0 0 1 1 1 1;0 0 1 0 0 1 1 1 1 1;1 0 0 1 0 0 1 1 0 0;1 0 0 1 0 1 1 1 0 1;0 1 1 0 1 0 0 1 0 1;0 0 1 0 0 1 1 1 1 1;0 0 1 0 0 1 0 0 0 0;0 0 1 0 0 1 0 0 0 0;0 0 1 0 0 1 0 0 0 0;0 1 1 0 1 1 0 1 0 1;1 0 0 1 0 0 1 1 0 1;0 0 1 0 0 1 1 1 1 1;0 0 0 1 0 1 1 1 1 1;0 1 1 0 1 0 0 1 0 1;0 1 1 0 1 0 0 1 0 1;1 0 0 1 0 0 1 1 0 1;0 1 1 0 1 0 0 1 0 1;0 0 1 0 0 0 0 0 0 0;0 0 1 0 0 1 1 1 0 0;0 0 1 0 0 1 1 1 0 0;1 0 0 1 1 0 1 1 0 1;1 0 0 1 0 0 1 1 0 1;1 0 0 1 0 1 1 1 0 0;0 0 1 0 1 0 0 0 0 0;1 0 0 1 0 0 1 1 0 1;1 0 0 1 0 0 1 1 0 0;0 1 1 0 1 1 0 1 0 1;0 0 1 0 0 0 1 1 1 1;1 0 0 1 0 0 1 1 0 1;1 0 0 1 0 0 1 1 0 1;0 1 1 0 1 1 0 1 0 1;0 0 1 0 0 1 1 1 1 1;1 0 1 0 1 0 0 0 0 0;1 0 1 0 1 0 0 0 0 0;0 1 1 0 0 1 0 1 0 1;0 0 1 0 1 1 0 0 0 0;0 1 1 0 1 0 0 1 0 1;1 0 0 1 0 1 1 1 0 1;1 0 0 1 0 1 1 1 0 1;0 0 1 0 0 1 0 0 0 0;1 0 0 1 0 1 1 1 0 1;1 0 0 1 0 1 1 1 0 1;1 0 0 1 0 1 1 1 0 1;1 0 0 1 0 1 1 1 0 1;1 0 1 0 1 0 0 0 0 0;0 0 1 0 0 1 1 1 0 1;0 0 1 0 0 1 0 0 0 0;1 0 0 1 0 1 1 1 0 1;1 0 0 1 0 0 1 1 0 1;0 1 1 0 0 0 0 1 0 1;0 1 1 0 1 0 0 1 0 1;0 1 1 0 0 1 0 1 0 1;0 1 1 0 1 0 0 1 0 1;0 0 1 0 0 1 1 1 1 1;0 0 1 0 0 1 1 1 1 1;0 0 1 0 0 1 1 1 0 1;1 0 1 1 0 1 0 1 0 1;1 0 0 1 0 1 1 1 0 1;1 0 0 1 0 0 1 1 0 1;0 0 0 1 0 1 1 1 1 1;1 0 0 1 0 1 1 1 0 1;1 0 0 1 0 1 1 1 0 1;1 0 0 1 0 1 1 1 0 1;1 0 0 1 0 0 1 1 0 1;0 1 1 0 0 1 0 1 0 1;0 0 0 0 0 1 0 0 0 1;0 0 1 0 0 0 1 1 1 1;1 0 0 1 0 1 1 1 1 0;1 0 0 1 0 1 1 1 1 1;0 0 0 0 0 1 1 1 0 1;0 0 1 0 0 1 0 0 0 0;0 1 1 0 1 1 0 1 0 1;0 1 1 0 1 1 0 1 0 1;0 0 1 0 0 1 1 1 0 1;0 0 1 0 0 0 0 0 0 0;0 0 1 0 0 0 1 1 1 1;0 1 1 0 1 0 0 1 0 1;1 0 0 1 0 0 1 1 0 1;0 0 1 0 0 1 0 0 0 0;0 0 1 0 0 1 1 1 1 1;0 1 1 0 1 0 0 1 0 1;0 0 1 0 0 0 0 0 0 0;0 0 1 0 0 0 1 1 0 0;0 0 1 0 0 0 0 1 0 1;0 0 1 0 0 1 1 1 0 1;0 0 1 0 0 1 1 1 1 1;1 0 0 1 1 0 1 1 0 1;1 0 0 1 0 0 1 1 0 1;0 1 1 0 1 1 0 1 0 1;1 0 0 1 0 0 1 1 0 1;1 0 1 0 1 0 0 0 0 0;1 0 0 1 0 1 1 1 0 1;0 0 1 0 0 0 0 0 0 0;0 1 1 0 1 0 0 1 0 1]
Curve: [0.1 0.05 0.05 0.05 0.05 0.05 0 0 0 0 0 0 0 0 0 0 0 0 0 0 0 0 0 0 0 0 0 0 0 0 0 0 0 0 0 0 0 0 0 0 0 0 0 0 0 0 0 0 0 0 0 0 0 0 0 0 0 0 0 0 0 0 0 0 0 0 0 0 0 0 0 0 0 0 0 0 0 0 0 0 0 0 0 0 0 0 0 0 0 0 0 0 0 0 0 0 0 0 0 0]
Run time: 19.74 seconds
Run 7: Accuracy: 90 %
Selected Features: [0 0 0 0 1 0 0;0 0 0 0 1 1 0;0 1 0 1 1 1 0;0 0 0 0 1 0 0;0 0 0 0 1 1 0;0 0 0 0 1 1 0;0 0 0 0 1 1 1;0 1 0 1 1 1 1;0 1 0 1 1 1 0;0 0 0 0 1 0 1;0 0 0 0 1 1 0;1 1 1 0 0 1 1;0 1 0 1 1 1 0;0 1 0 0 0 0 0;0 1 0 1 0 0 0;0 1 0 1 0 0 0;1 1 1 0 0 1 0;0 0 0 0 1 1 0;0 1 0 1 1 1 0;0 0 0 1 1 1 0;1 1 1 0 0 1 1;1 1 1 1 0 1 0;0 0 0 0 1 1 0;1 1 1 0 0 1 0;0 1 0 0 0 0 0;0 1 0 1 1 0 0;0 1 0 1 1 0 0;0 0 1 0 1 1 0;0 0 0 0 1 1 0;0 0 0 0 1 0 1;0 1 1 0 0 0 0;0 0 0 0 1 1 1;0 0 0 0 1 0 0;1 1 1 1 0 1 0;0 1 0 1 1 1 0;0 0 0 0 1 1 1;0 0 0 0 1 1 0;1 1 1 0 0 1 0;0 1 0 1 1 1 0;0 1 1 0 0 0 1;0 1 1 0 0 0 0;1 1 0 0 0 1 0;0 1 1 0 0 0 0;1 1 1 0 0 1 0;0 0 0 0 1 1 0;0 0 0 0 1 1 0;0 1 0 1 0 0 0;0 0 0 0 1 1 0;0 0 0 1 1 1 0;0 0 0 0 1 1 0;0 0 0 0 1 1 0;0 1 1 0 0 0 0;0 1 0 1 1 1 0;0 1 0 1 0 0 0;0 0 0 0 1 1 0;0 0 0 0 1 1 0;1 1 0 0 0 1 0;1 1 1 0 0 1 1;1 1 0 1 0 1 0;1 1 1 0 0 1 0;0 1 0 1 1 1 0;0 1 0 1 1 1 0;0 1 0 0 1 1 0;0 1 0 1 0 1 0;0 0 0 0 1 1 0;0 0 0 0 1 1 1;0 0 0 1 1 1 0;0 0 0 0 1 1 0;0 0 0 0 1 1 1;0 0 0 0 1 1 0;0 0 0 0 1 1 1;1 1 0 0 0 1 0;0 0 0 0 0 1 0;0 1 0 1 1 1 0;0 0 0 1 1 0 0;0 0 0 1 1 1 0;0 0 0 1 1 1 0;0 1 0 1 0 0 0;1 1 1 1 0 1 0;1 1 1 1 0 1 0;0 1 0 0 1 1 0;0 1 0 0 0 0 0;0 1 0 1 1 1 0;1 1 1 0 0 1 0;0 0 0 0 1 1 0;0 1 0 1 0 0 0;0 1 0 1 1 1 0;1 1 1 1 0 1 0;0 1 0 0 0 0 0;0 1 0 1 1 0 0;0 1 0 0 0 1 0;0 1 0 0 1 1 0;0 1 0 1 1 1 0;0 0 1 0 1 1 0;0 0 0 0 1 1 0;1 1 1 0 0 1 0;0 0 0 0 1 1 0;0 1 1 0 0 0 0;0 0 0 0 1 1 0;0 1 0 0 0 0 0;1 1 1 0 0 1 0]
Curve: [0.1 0.1 0.1 0.1 0.1 0.1 0.1 0.1 0.1 0.1 0.1 0.1 0.1 0.1 0.1 0.1 0.1 0.1 0.1 0.1 0.1 0.1 0.1 0.1 0.1 0.1 0.1 0.1 0.1 0.1 0.1 0.1 0.1 0.1 0.1 0.1 0.1 0.1 0.1 0.1 0.1 0.1 0.1 0.1 0.1 0.1 0.1 0.1 0.1 0.1 0.1 0.1 0.1 0.1 0.1 0.1 0.1 0.1 0.1 0.1 0.1 0.1 0.1 0.1 0.1 0.1 0.1 0.1 0.1 0.1 0.1 0.1 0.1 0.1 0.1 0.1 0.1 0.1 0.1 0.1 0.1 0.1 0.1 0.1 0.1 0.1 0.1 0.1 0.1 0.1 0.1 0.1 0.1 0.1 0.1 0.1 0.1 0.1 0.1 0.1]
Run time: 20.12 seconds
Run 8: Accuracy: 95 %
Selected Features: [1 0 0 1 1 1 1 1 0 0 0 0 1;1 0 0 1 0 1 1 1 0 0 1 0 1;0 0 1 0 1 1 1 0 0 1 1 0 0;1 0 0 1 1 1 1 1 0 0 0 0 1;1 0 0 1 1 1 1 1 0 0 1 0 1;1 0 0 1 0 1 1 1 0 0 1 0 1;1 0 0 1 0 1 1 1 0 0 1 1 1;0 0 1 0 0 1 1 0 0 1 1 1 0;0 0 1 0 1 1 1 0 0 1 1 0 0;1 0 0 1 0 1 1 1 0 0 0 1 0;1 0 0 1 1 1 1 1 0 0 1 0 1;0 1 1 0 0 0 1 1 0 0 1 1 0;0 0 1 0 1 1 1 0 0 1 1 0 0;0 0 1 0 1 0 0 0 0 0 0 0 0;0 0 1 0 1 0 0 0 0 0 0 0 0;0 0 1 0 1 0 0 0 0 0 0 0 0;0 1 1 0 1 0 1 1 0 0 1 0 0;1 0 0 1 0 1 1 1 0 0 1 0 1;0 0 1 0 1 1 1 0 0 1 1 0 1;0 0 0 1 1 1 1 1 0 1 1 0 1;0 1 1 0 0 0 1 1 0 0 1 1 0;0 1 1 0 0 0 1 1 0 0 1 0 0;1 0 0 1 0 1 1 1 0 0 1 0 1;0 1 1 0 0 0 1 1 0 0 1 0 1;0 0 1 0 0 0 0 1 0 0 0 0 0;0 0 1 0 1 1 1 1 0 0 0 0 0;0 0 1 0 1 1 1 1 1 0 0 0 0;1 0 0 1 0 1 1 1 0 0 1 0 0;1 0 0 1 0 1 1 1 0 0 1 0 1;1 0 0 1 1 1 1 1 0 0 0 1 1;0 0 1 0 0 0 0 1 0 0 0 0 0;1 0 0 1 0 1 1 1 0 0 1 1 1;1 0 0 1 0 1 1 1 0 0 0 0 1;0 1 1 0 1 0 1 1 0 0 1 0 0;0 0 1 0 0 1 1 0 0 1 1 0 0;1 0 0 1 0 1 1 1 0 0 1 1 0;1 0 0 1 0 1 1 1 0 0 1 0 0;0 1 1 0 1 0 1 1 0 0 1 0 0;0 0 1 0 1 1 1 0 0 1 1 0 0;1 0 1 0 0 0 0 1 1 0 0 1 0;1 0 1 0 0 0 0 1 0 0 0 0 0;0 1 1 0 1 0 1 1 0 0 1 0 0;0 0 1 0 1 0 0 1 0 0 0 0 0;0 1 1 0 0 0 1 1 0 0 1 0 0;1 0 0 1 1 1 1 1 0 0 1 0 1;1 0 0 1 1 1 1 1 0 0 1 0 1;0 0 1 0 1 0 0 0 0 0 0 0 0;1 0 0 1 1 1 1 1 0 0 1 0 1;1 0 0 1 1 1 1 1 0 0 1 0 1;1 0 0 1 1 1 1 1 0 0 1 0 0;1 0 0 1 1 1 1 1 0 0 1 0 1;1 0 1 0 0 0 0 1 0 0 0 0 0;0 0 1 0 1 1 1 1 0 0 1 0 0;0 0 1 0 1 0 0 0 0 0 0 0 1;1 0 0 1 1 1 1 1 0 0 1 0 0;1 0 0 1 0 1 1 1 0 0 1 0 1;0 1 1 0 0 0 1 1 0 0 1 0 1;0 1 1 0 0 0 1 1 0 0 1 1 0;0 1 1 0 1 0 1 1 0 0 1 0 1;0 1 1 0 0 0 1 1 0 0 1 0 0;0 0 1 0 1 1 1 0 0 1 1 0 1;0 0 1 0 1 1 1 0 0 1 1 0 0;0 0 1 0 1 1 1 1 1 0 1 0 0;1 0 1 1 1 0 1 1 0 0 1 0 1;1 0 0 1 1 1 1 1 0 0 1 0 1;1 0 0 1 0 1 1 1 0 0 1 1 1;0 0 0 1 1 1 1 1 0 1 1 0 1;1 0 0 1 1 1 1 1 0 0 1 0 1;1 0 0 1 1 1 1 1 0 0 1 1 1;1 0 0 1 1 1 1 1 0 0 1 0 1;1 0 0 1 0 1 1 1 0 0 1 1 1;0 1 1 0 1 0 1 1 0 0 1 0 1;0 0 0 0 1 0 0 1 1 0 1 0 0;0 0 1 0 0 1 1 0 0 1 1 0 0;1 0 0 1 1 1 1 1 0 1 0 0 1;1 0 0 1 1 1 1 1 0 1 1 0 1;0 0 0 0 1 1 1 0 1 0 1 0 0;0 0 1 0 1 0 0 0 1 0 0 0 0;0 1 1 0 1 0 1 1 0 0 1 0 0;0 1 1 0 1 0 1 1 0 0 1 0 0;0 0 1 0 1 1 1 1 0 0 1 0 0;0 0 1 0 0 0 0 1 0 0 0 0 0;0 0 1 0 0 1 1 0 0 1 1 0 0;0 1 1 0 0 0 1 1 0 0 1 0 0;1 0 0 1 0 1 1 1 0 0 1 0 0;0 0 1 0 1 0 0 0 0 0 0 0 0;0 0 1 0 1 1 1 0 1 1 1 0 1;0 1 1 0 0 0 1 1 0 0 1 0 1;0 0 1 0 0 0 0 1 0 0 0 0 0;0 0 1 0 0 1 1 1 0 0 0 0 0;0 0 1 0 0 0 1 1 0 0 1 0 1;0 0 1 0 1 1 1 1 0 0 1 0 0;0 0 1 0 1 1 1 0 0 1 1 0 1;1 0 0 1 0 1 1 1 0 0 1 0 0;1 0 0 1 0 1 1 1 0 0 1 0 0;0 1 1 0 1 0 1 1 0 0 1 0 1;1 0 0 1 0 1 1 1 0 0 1 0 1;1 0 1 0 0 0 0 1 1 0 0 0 0;1 0 0 1 1 1 1 1 0 0 1 0 1;0 0 1 0 0 0 0 1 0 0 0 0 0;0 1 1 0 0 0 1 1 0 0 1 0 0]
Curve: [0.1 0.1 0.05 0.05 0.05 0.05 0.05 0.05 0.05 0.05 0.05 0.05 0.05 0.05 0.05 0.05 0.05 0.05 0.05 0.05 0.05 0.05 0.05 0.05 0.05 0.05 0.05 0.05 0.05 0.05 0.05 0.05 0.05 0.05 0.05 0.05 0.05 0.05 0.05 0.05 0.05 0.05 0.05 0.05 0.05 0.05 0.05 0.05 0.05 0.05 0.05 0.05 0.05 0.05 0.05 0.05 0.05 0.05 0.05 0.05 0.05 0.05 0.05 0.05 0.05 0.05 0.05 0.05 0.05 0.05 0.05 0.05 0.05 0.05 0.05 0.05 0.05 0.05 0.05 0.05 0.05 0.05 0.05 0.05 0.05 0.05 0.05 0.05 0.05 0.05 0.05 0.05 0.05 0.05 0.05 0.05 0.05 0.05 0.05 0.05]
Run time: 24.42 seconds
Run 9: Accuracy: 95 %
Selected Features: [1 0 1 0 1 1 1 0 1;1 0 1 0 1 1 1 1 1;0 0 0 0 1 1 0 1 0;1 0 1 0 1 1 1 0 1;1 0 1 0 1 1 1 1 1;1 0 1 0 1 1 1 1 1;1 0 1 0 1 1 1 1 1;0 0 0 0 1 1 0 1 0;0 0 0 0 1 1 0 1 0;1 0 1 0 1 1 1 0 0;1 0 1 0 1 1 1 1 1;0 1 0 1 0 1 1 1 0;0 0 0 0 1 1 0 1 0;0 0 0 0 0 0 0 0 0;0 0 0 0 0 0 0 0 0;0 0 0 0 0 0 0 0 0;0 1 0 1 0 1 1 1 0;1 0 1 0 1 1 1 1 1;0 0 0 0 1 1 0 1 1;0 0 1 0 1 1 1 1 1;0 1 0 1 0 1 1 1 0;0 1 0 1 0 1 1 1 0;1 0 1 0 1 1 1 1 1;0 1 0 1 0 1 1 1 1;0 0 0 0 0 0 1 0 0;0 0 0 0 1 1 1 0 0;0 0 0 0 1 1 1 0 0;1 0 1 1 1 1 1 1 0;1 0 1 0 1 1 1 1 1;1 0 1 0 1 1 1 0 1;0 0 0 1 0 0 1 0 0;1 0 1 0 1 1 1 1 1;1 0 1 0 1 1 1 0 1;0 1 0 1 0 1 1 1 0;0 0 0 0 1 1 0 1 0;1 0 1 0 1 1 1 1 0;1 0 1 0 1 1 1 1 0;0 1 0 1 0 1 1 1 0;0 0 0 0 1 1 0 1 0;1 0 0 1 0 0 1 0 0;1 0 0 1 0 0 1 0 0;0 1 0 0 0 1 1 1 0;0 0 0 1 0 0 1 0 0;0 1 0 1 0 1 1 1 0;1 0 1 0 1 1 1 1 1;1 0 1 0 1 1 1 1 1;0 0 0 0 0 0 0 0 0;1 0 1 0 1 1 1 1 1;1 0 1 0 1 1 1 1 1;1 0 1 0 1 1 1 1 0;1 0 1 0 1 1 1 1 1;1 0 0 1 0 0 1 0 0;0 0 0 0 1 1 1 1 0;0 0 0 0 0 0 0 0 1;1 0 1 0 1 1 1 1 0;1 0 1 0 1 1 1 1 1;0 1 0 0 0 1 1 1 1;0 1 0 1 0 1 1 1 0;0 1 0 0 0 1 1 1 1;0 1 0 1 0 1 1 1 0;0 0 0 0 1 1 0 1 1;0 0 0 0 1 1 0 1 0;0 0 0 0 1 1 1 1 0;1 0 1 0 0 1 1 1 1;1 0 1 0 1 1 1 1 1;1 0 1 0 1 1 1 1 1;0 0 1 0 1 1 1 1 1;1 0 1 0 1 1 1 1 1;1 0 1 0 1 1 1 1 1;1 0 1 0 1 1 1 1 1;1 0 1 0 1 1 1 1 1;0 1 0 0 0 1 1 1 1;0 0 0 0 0 0 1 1 0;0 0 0 0 1 1 0 1 0;1 0 1 0 1 1 1 0 1;1 0 1 0 1 1 1 1 1;0 0 0 0 1 1 0 1 0;0 0 0 0 0 0 0 0 0;0 1 0 1 0 1 1 1 0;0 1 0 1 0 1 1 1 0;0 0 0 0 1 1 1 1 0;0 0 0 0 0 0 1 0 0;0 0 0 0 1 1 0 1 0;0 1 0 1 0 1 1 1 0;1 0 1 0 1 1 1 1 0;0 0 0 0 0 0 0 0 0;0 0 0 0 1 1 0 1 1;0 1 0 1 0 1 1 1 1;0 0 0 0 0 0 1 0 0;0 0 0 0 1 1 1 0 0;0 0 0 0 0 1 1 1 1;0 0 0 0 1 1 1 1 0;0 0 0 0 1 1 0 1 1;1 0 1 1 1 1 1 1 0;1 0 1 0 1 1 1 1 0;0 1 0 1 0 1 1 1 1;1 0 1 0 1 1 1 1 1;1 0 0 1 0 0 1 0 0;1 0 1 0 1 1 1 1 1;0 0 0 0 0 0 1 0 0;0 1 0 1 0 1 1 1 0]
Curve: [0.05 0.05 0.05 0.05 0.05 0.05 0.05 0.05 0.05 0.05 0.05 0.05 0.05 0.05 0.05 0.05 0.05 0.05 0.05 0.05 0.05 0.05 0.05 0.05 0.05 0.05 0.05 0.05 0.05 0.05 0.05 0.05 0.05 0.05 0.05 0.05 0.05 0.05 0.05 0.05 0.05 0.05 0.05 0.05 0.05 0.05 0.05 0.05 0.05 0.05 0.05 0.05 0.05 0.05 0.05 0.05 0.05 0.05 0.05 0.05 0.05 0.05 0.05 0.05 0.05 0.05 0.05 0.05 0.05 0.05 0.05 0.05 0.05 0.05 0.05 0.05 0.05 0.05 0.05 0.05 0.05 0.05 0.05 0.05 0.05 0.05 0.05 0.05 0.05 0.05 0.05 0.05 0.05 0.05 0.05 0.05 0.05 0.05 0.05 0.05]
Run time: 20.07 seconds
Run 10: Accuracy: 100 %
Selected Features: [1 0 0 1 0 1 0 0 0 0;1 0 0 1 0 1 0 0 1 0;0 0 1 0 0 1 0 1 1 0;1 0 0 1 0 1 0 0 0 0;1 0 0 1 0 1 0 0 1 0;1 0 0 1 0 1 0 0 1 0;1 0 0 1 0 1 0 0 1 1;0 0 1 0 0 1 0 1 1 1;0 0 1 0 0 1 0 1 1 0;1 0 0 1 0 1 0 0 0 1;1 0 0 1 0 1 0 0 1 0;0 1 1 0 1 1 0 0 1 1;0 0 1 0 0 1 0 1 1 0;0 0 1 0 0 0 0 0 0 0;0 0 1 0 0 0 0 0 0 0;0 0 1 0 0 0 0 0 0 0;0 1 1 0 1 1 0 0 1 0;1 0 0 1 0 1 0 0 1 0;0 0 1 0 0 1 0 1 1 0;0 0 0 1 0 1 0 1 1 0;0 1 1 0 1 1 0 0 1 1;0 1 1 0 1 1 0 0 1 0;1 0 0 1 0 1 0 0 1 0;0 1 1 0 1 1 0 0 1 0;0 0 1 0 0 0 0 0 0 0;0 0 1 0 0 1 0 0 0 0;0 0 1 0 0 1 1 0 0 0;1 0 0 1 1 1 0 0 1 0;1 0 0 1 0 1 0 0 1 0;1 0 0 1 0 1 0 0 0 1;0 0 1 0 1 0 0 0 0 0;1 0 0 1 0 1 0 0 1 1;1 0 0 1 0 1 0 0 0 0;0 1 1 0 1 1 0 0 1 0;0 0 1 0 0 1 0 1 1 0;1 0 0 1 0 1 0 0 1 1;1 0 0 1 0 1 0 0 1 0;0 1 1 0 1 1 0 0 1 0;0 0 1 0 0 1 0 1 1 0;1 0 1 0 1 0 1 0 0 1;1 0 1 0 1 0 0 0 0 0;0 1 1 0 0 1 0 0 1 0;0 0 1 0 1 0 0 0 0 0;0 1 1 0 1 1 0 0 1 0;1 0 0 1 0 1 0 0 1 0;1 0 0 1 0 1 0 0 1 0;0 0 1 0 0 0 0 0 0 0;1 0 0 1 0 1 0 0 1 0;1 0 0 1 0 1 0 0 1 0;1 0 0 1 0 1 0 0 1 0;1 0 0 1 0 1 0 0 1 0;1 0 1 0 1 0 0 0 0 0;0 0 1 0 0 1 0 0 1 0;0 0 1 0 0 0 0 0 0 0;1 0 0 1 0 1 0 0 1 0;1 0 0 1 0 1 0 0 1 0;0 1 1 0 0 1 0 0 1 0;0 1 1 0 1 1 0 0 1 1;0 1 1 0 0 1 0 0 1 0;0 1 1 0 1 1 0 0 1 0;0 0 1 0 0 1 0 1 1 0;0 0 1 0 0 1 0 1 1 0;0 0 1 0 0 1 1 0 1 0;1 0 1 1 0 1 0 0 1 0;1 0 0 1 0 1 0 0 1 0;1 0 0 1 0 1 0 0 1 1;0 0 0 1 0 1 0 1 1 0;1 0 0 1 0 1 0 0 1 0;1 0 0 1 0 1 0 0 1 1;1 0 0 1 0 1 0 0 1 0;1 0 0 1 0 1 0 0 1 1;0 1 1 0 0 1 0 0 1 0;0 0 0 0 0 0 1 0 1 0;0 0 1 0 0 1 0 1 1 0;1 0 0 1 0 1 0 1 0 0;1 0 0 1 0 1 0 1 1 0;0 0 0 0 0 1 1 0 1 0;0 0 1 0 0 0 1 0 0 0;0 1 1 0 1 1 0 0 1 0;0 1 1 0 1 1 0 0 1 0;0 0 1 0 0 1 0 0 1 0;0 0 1 0 0 0 0 0 0 0;0 0 1 0 0 1 0 1 1 0;0 1 1 0 1 1 0 0 1 0;1 0 0 1 0 1 0 0 1 0;0 0 1 0 0 0 0 0 0 0;0 0 1 0 0 1 1 1 1 0;0 1 1 0 1 1 0 0 1 0;0 0 1 0 0 0 0 0 0 0;0 0 1 0 0 1 0 0 0 0;0 0 1 0 0 1 0 0 1 0;0 0 1 0 0 1 0 0 1 0;0 0 1 0 0 1 0 1 1 0;1 0 0 1 1 1 0 0 1 0;1 0 0 1 0 1 0 0 1 0;0 1 1 0 1 1 0 0 1 0;1 0 0 1 0 1 0 0 1 0;1 0 1 0 1 0 1 0 0 0;1 0 0 1 0 1 0 0 1 0;0 0 1 0 0 0 0 0 0 0;0 1 1 0 1 1 0 0 1 0]
Curve: [0.05 0.05 0.05 0.05 0.05 0.05 0.05 0.05 0.05 0.05 0.05 0.05 0.05 0.05 0.05 0.05 0.05 0.05 0.05 0.05 0.05 0 0 0 0 0 0 0 0 0 0 0 0 0 0 0 0 0 0 0 0 0 0 0 0 0 0 0 0 0 0 0 0 0 0 0 0 0 0 0 0 0 0 0 0 0 0 0 0 0 0 0 0 0 0 0 0 0 0 0 0 0 0 0 0 0 0 0 0 0 0 0 0 0 0 0 0 0 0 0]
Run time: 21.40 seconds
